1.000000000000000444e+00
9.991801377864096834e-01
9.966152160526104975e-01
9.921558425611249898e-01
9.856668359504477950e-01
9.770306670516852865e-01
9.661508456708904902e-01
9.529551400170999109e-01
9.373985086095311114e-01
9.194656218915344681e-01
8.991728537135493804e-01
8.765696318747457916e-01
8.517390522589705082e-01
8.247976826010317009e-01
7.958945089819443597e-01
7.652090097488568610e-01
7.329483762539966696e-01
6.993439358375270753e-01
6.646468678402138730e-01
6.291233360254416818e-01
5.930491885764939131e-01
5.567043979936073805e-01
5.203674262966074826e-01
4.843097049921306629e-01
4.487904139266590264e-01
4.140517286839620059e-01
3.803146834801793275e-01
3.477757669934773976e-01
3.166043341053508819e-01
2.869408792796830365e-01
2.588961795294009716e-01
2.325512788214985083e-01
2.079582533250670107e-01
1.851416697262392719e-01
1.641006280708846576e-01
1.448112668907650946e-01
1.272296018456186562e-01
1.112945694186955603e-01
9.693115358038732754e-02
8.405348472461156295e-02
7.256781533657453986e-02
6.237529444393494216e-02
5.337448164122707978e-02
4.546356018193529330e-02
3.854222630845745984e-02
3.251324786480377232e-02
2.728369877668934684e-02
2.276588688903905672e-02
1.887800083385168110e-02
1.554450715148785953e-02
1.269633203217370755e-02
1.027086310236993531e-02
8.211806026608559420e-03
6.468928721087664063e-03
4.997723061027803393e-03
3.759010456899819757e-03
2.718513875439665297e-03
1.846415035680134967e-03
1.116911807543800655e-03
5.077874165260978963e-04
0.000000000000000000e+00
