      191.14      839.14      4.037064e+02      1.055507e-02      224.44
      191.14      839.14      4.036671e+02      1.055404e-02      220.09
      191.14      839.14      4.035100e+02      1.054993e-02      202.66
      191.14      839.14      4.033136e+02      1.055429e-02      199.67
      191.14      839.14      4.029208e+02      1.056582e-02      199.25
      191.14      839.14      4.017427e+02      1.054421e-02      199.08
      191.14      839.14      3.997845e+02      1.050592e-02      198.83
      191.14      839.14      3.958888e+02      1.042875e-02      198.34
      191.14      839.14      3.882100e+02      1.021809e-02      198.48
      191.14      839.14      3.807105e+02      9.978961e-03      199.29
      191.14      839.14      3.733977e+02      9.730769e-03      200.39
      191.14      839.14      3.662253e+02      9.487346e-03      201.50
      191.14      839.14      3.592442e+02      9.299508e-03      201.64
      191.14      839.14      3.523992e+02      9.118058e-03      201.74
      191.14      839.14      3.456845e+02      8.940064e-03      201.83
      191.14      839.14      3.390978e+02      8.765462e-03      201.93
      191.14      839.14      3.326332e+02      8.599276e-03      201.90
      191.14      839.14      3.262883e+02      8.441571e-03      201.74
      191.14      839.14      3.200645e+02      8.286876e-03      201.59
      191.14      839.14      3.139594e+02      8.135131e-03      201.43
      191.14      839.14      3.079707e+02      7.986280e-03      201.28
      191.14      839.14      3.020963e+02      7.840269e-03      201.12
      191.14      839.14      2.963339e+02      7.697043e-03      200.96
      191.14      839.14      2.906388e+02      7.560065e-03      200.66
      191.14      839.14      2.850407e+02      7.426761e-03      200.31
      191.14      839.14      2.795505e+02      7.296022e-03      199.96
      191.14      839.14      2.741660e+02      7.167803e-03      199.61
      191.14      839.14      2.688852e+02      7.042053e-03      199.26
      191.14      839.14      2.637061e+02      6.918726e-03      198.91
      191.14      839.14      2.586269e+02      6.797773e-03      198.56
      191.14      839.14      2.536454e+02      6.679150e-03      198.21
      191.14      839.14      2.487599e+02      6.562813e-03      197.86
      191.14      839.14      2.439033e+02      6.444742e-03      197.53
      191.14      839.14      2.391111e+02      6.327108e-03      197.22
      191.14      839.14      2.344131e+02      6.211785e-03      196.91
      191.14      839.14      2.298073e+02      6.098728e-03      196.59
      191.14      839.14      2.252921e+02      5.987892e-03      196.28
      191.14      839.14      2.208656e+02      5.879234e-03      195.96
      191.14      839.14      2.165260e+02      5.772711e-03      195.65
      191.14      839.14      2.122718e+02      5.668280e-03      195.34
      191.14      839.14      2.081011e+02      5.565902e-03      195.02
      191.14      839.14      2.040123e+02      5.465535e-03      194.71
      191.14      839.14      2.000039e+02      5.367140e-03      194.39
      191.14      839.14      1.960742e+02      5.270678e-03      194.08
      191.14      839.14      1.922218e+02      5.176112e-03      193.77
      191.14      839.14      1.884450e+02      5.083403e-03      193.45
      191.14      839.14      1.847425e+02      4.992516e-03      193.14
      191.14      839.14      1.811127e+02      4.903415e-03      192.83
      191.14      839.14      1.775032e+02      4.813386e-03      192.51
      191.14      839.14      1.739178e+02      4.722626e-03      192.20
      191.14      839.14      1.704048e+02      4.633700e-03      191.89
      191.14      839.14      1.669628e+02      4.546570e-03      191.58
      191.14      839.14      1.635903e+02      4.461199e-03      191.27
      191.14      839.14      1.602860e+02      4.377553e-03      190.96
      191.14      839.14      1.570484e+02      4.295597e-03      190.66
      191.14      839.14      1.538761e+02      4.215296e-03      190.35
      191.14      839.14      1.507680e+02      4.136617e-03      190.04
      191.14      839.14      1.477226e+02      4.059528e-03      189.73
      191.14      839.14      1.447388e+02      3.983995e-03      189.42
      191.14      839.14      1.418152e+02      3.909988e-03      189.11
      191.14      839.14      1.389507e+02      3.837476e-03      188.80
      191.14      839.14      1.361440e+02      3.766429e-03      188.49
      191.14      839.14      1.333940e+02      3.696817e-03      188.18
      191.14      839.14      1.306996e+02      3.628610e-03      187.87
      191.14      839.14      1.280596e+02      3.561782e-03      187.56
      191.14      839.14      1.254729e+02      3.496303e-03      187.25
      191.14      839.14      1.229385e+02      3.432147e-03      186.94
      191.14      839.14      1.204553e+02      3.369287e-03      186.63
      191.14      839.14      1.180198e+02      3.307608e-03      186.32
      191.14      839.14      1.155403e+02      3.243656e-03      185.93
      191.14      839.14      1.131129e+02      3.181047e-03      185.54
      191.14      839.14      1.107365e+02      3.119753e-03      185.16
      191.14      839.14      1.084100e+02      3.059748e-03      184.77
      191.14      839.14      1.061324e+02      3.001003e-03      184.39
      191.14      839.14      1.039027e+02      2.943492e-03      184.00
      191.14      839.14      1.017198e+02      2.887190e-03      183.61
      191.14      839.14      9.958273e+01      2.832070e-03      183.23
      191.14      839.14      9.749058e+01      2.778108e-03      182.84
      191.14      839.14      9.544238e+01      2.725280e-03      182.45
      191.14      839.14      9.343721e+01      2.673562e-03      182.07
      191.14      839.14      9.147417e+01      2.622931e-03      181.68
      191.14      839.14      8.955238e+01      2.573363e-03      181.30
      191.14      839.14      8.767096e+01      2.524836e-03      180.91
      191.14      839.14      8.582906e+01      2.477329e-03      180.52
      191.14      839.14      8.402587e+01      2.430821e-03      180.14
      191.14      839.14      8.226056e+01      2.385289e-03      179.75
      191.14      839.14      8.053233e+01      2.340714e-03      179.37
      191.14      839.14      7.884042e+01      2.297075e-03      178.98
      191.14      839.14      7.718404e+01      2.254353e-03      178.59
      191.14      839.14      7.556247e+01      2.212529e-03      178.21
      191.14      839.14      7.397497e+01      2.171583e-03      177.82
      191.14      839.14      7.242081e+01      2.131498e-03      177.43
      191.14      839.14      7.086832e+01      2.090365e-03      177.07
      191.14      839.14      6.930721e+01      2.047546e-03      176.72
      191.14      839.14      6.778049e+01      2.005670e-03      176.37
      191.14      839.14      6.628741e+01      1.964716e-03      176.03
      191.14      839.14      6.482722e+01      1.924664e-03      175.68
      191.14      839.14      6.339919e+01      1.885495e-03      175.34
      191.14      839.14      6.200262e+01      1.847189e-03      174.99
      191.14      839.14      6.063681e+01      1.809726e-03      174.65
      191.14      839.14      5.930109e+01      1.773088e-03      174.30
      191.14      839.14      5.799479e+01      1.737258e-03      173.96
      191.14      839.14      5.671727e+01      1.702217e-03      173.61
      191.14      839.14      5.546789e+01      1.667948e-03      173.27
      191.14      839.14      5.424603e+01      1.634434e-03      172.92
      191.14      839.14      5.305109e+01      1.601657e-03      172.58
      191.14      839.14      5.188247e+01      1.569603e-03      172.23
