Atmospheric composition input data file for planet: CO2general
Number of atmospheric levels: 126
Number of molecules:   1

       z (km)     /    P (atm)     /     T (K)      /     x[CO2]
  0.000000000E+00  0.986923267E-06  0.100000000E+03  0.100000000E+01
  0.000000000E+00  0.986923267E-06  0.150000000E+03  0.100000000E+01
  0.000000000E+00  0.986923267E-06  0.200000000E+03  0.100000000E+01
  0.000000000E+00  0.986923267E-06  0.250000000E+03  0.100000000E+01
  0.000000000E+00  0.986923267E-06  0.300000000E+03  0.100000000E+01
  0.000000000E+00  0.986923267E-06  0.350000000E+03  0.100000000E+01
  0.000000000E+00  0.986923267E-06  0.400000000E+03  0.100000000E+01
  0.000000000E+00  0.986923267E-06  0.450000000E+03  0.100000000E+01
  0.000000000E+00  0.986923267E-06  0.500000000E+03  0.100000000E+01
  0.000000000E+00  0.986923267E-06  0.550000000E+03  0.100000000E+01
  0.000000000E+00  0.986923267E-06  0.600000000E+03  0.100000000E+01
  0.000000000E+00  0.986923267E-06  0.650000000E+03  0.100000000E+01
  0.000000000E+00  0.986923267E-06  0.700000000E+03  0.100000000E+01
  0.000000000E+00  0.986923267E-06  0.750000000E+03  0.100000000E+01
  0.000000000E+00  0.986923267E-05  0.100000000E+03  0.100000000E+01
  0.000000000E+00  0.986923267E-05  0.150000000E+03  0.100000000E+01
  0.000000000E+00  0.986923267E-05  0.200000000E+03  0.100000000E+01
  0.000000000E+00  0.986923267E-05  0.250000000E+03  0.100000000E+01
  0.000000000E+00  0.986923267E-05  0.300000000E+03  0.100000000E+01
  0.000000000E+00  0.986923267E-05  0.350000000E+03  0.100000000E+01
  0.000000000E+00  0.986923267E-05  0.400000000E+03  0.100000000E+01
  0.000000000E+00  0.986923267E-05  0.450000000E+03  0.100000000E+01
  0.000000000E+00  0.986923267E-05  0.500000000E+03  0.100000000E+01
  0.000000000E+00  0.986923267E-05  0.550000000E+03  0.100000000E+01
  0.000000000E+00  0.986923267E-05  0.600000000E+03  0.100000000E+01
  0.000000000E+00  0.986923267E-05  0.650000000E+03  0.100000000E+01
  0.000000000E+00  0.986923267E-05  0.700000000E+03  0.100000000E+01
  0.000000000E+00  0.986923267E-05  0.750000000E+03  0.100000000E+01
  0.000000000E+00  0.986923267E-04  0.100000000E+03  0.100000000E+01
  0.000000000E+00  0.986923267E-04  0.150000000E+03  0.100000000E+01
  0.000000000E+00  0.986923267E-04  0.200000000E+03  0.100000000E+01
  0.000000000E+00  0.986923267E-04  0.250000000E+03  0.100000000E+01
  0.000000000E+00  0.986923267E-04  0.300000000E+03  0.100000000E+01
  0.000000000E+00  0.986923267E-04  0.350000000E+03  0.100000000E+01
  0.000000000E+00  0.986923267E-04  0.400000000E+03  0.100000000E+01
  0.000000000E+00  0.986923267E-04  0.450000000E+03  0.100000000E+01
  0.000000000E+00  0.986923267E-04  0.500000000E+03  0.100000000E+01
  0.000000000E+00  0.986923267E-04  0.550000000E+03  0.100000000E+01
  0.000000000E+00  0.986923267E-04  0.600000000E+03  0.100000000E+01
  0.000000000E+00  0.986923267E-04  0.650000000E+03  0.100000000E+01
  0.000000000E+00  0.986923267E-04  0.700000000E+03  0.100000000E+01
  0.000000000E+00  0.986923267E-04  0.750000000E+03  0.100000000E+01
  0.000000000E+00  0.986923267E-03  0.100000000E+03  0.100000000E+01
  0.000000000E+00  0.986923267E-03  0.150000000E+03  0.100000000E+01
  0.000000000E+00  0.986923267E-03  0.200000000E+03  0.100000000E+01
  0.000000000E+00  0.986923267E-03  0.250000000E+03  0.100000000E+01
  0.000000000E+00  0.986923267E-03  0.300000000E+03  0.100000000E+01
  0.000000000E+00  0.986923267E-03  0.350000000E+03  0.100000000E+01
  0.000000000E+00  0.986923267E-03  0.400000000E+03  0.100000000E+01
  0.000000000E+00  0.986923267E-03  0.450000000E+03  0.100000000E+01
  0.000000000E+00  0.986923267E-03  0.500000000E+03  0.100000000E+01
  0.000000000E+00  0.986923267E-03  0.550000000E+03  0.100000000E+01
  0.000000000E+00  0.986923267E-03  0.600000000E+03  0.100000000E+01
  0.000000000E+00  0.986923267E-03  0.650000000E+03  0.100000000E+01
  0.000000000E+00  0.986923267E-03  0.700000000E+03  0.100000000E+01
  0.000000000E+00  0.986923267E-03  0.750000000E+03  0.100000000E+01
  0.000000000E+00  0.986923267E-02  0.100000000E+03  0.100000000E+01
  0.000000000E+00  0.986923267E-02  0.150000000E+03  0.100000000E+01
  0.000000000E+00  0.986923267E-02  0.200000000E+03  0.100000000E+01
  0.000000000E+00  0.986923267E-02  0.250000000E+03  0.100000000E+01
  0.000000000E+00  0.986923267E-02  0.300000000E+03  0.100000000E+01
  0.000000000E+00  0.986923267E-02  0.350000000E+03  0.100000000E+01
  0.000000000E+00  0.986923267E-02  0.400000000E+03  0.100000000E+01
  0.000000000E+00  0.986923267E-02  0.450000000E+03  0.100000000E+01
  0.000000000E+00  0.986923267E-02  0.500000000E+03  0.100000000E+01
  0.000000000E+00  0.986923267E-02  0.550000000E+03  0.100000000E+01
  0.000000000E+00  0.986923267E-02  0.600000000E+03  0.100000000E+01
  0.000000000E+00  0.986923267E-02  0.650000000E+03  0.100000000E+01
  0.000000000E+00  0.986923267E-02  0.700000000E+03  0.100000000E+01
  0.000000000E+00  0.986923267E-02  0.750000000E+03  0.100000000E+01
  0.000000000E+00  0.986923267E-01  0.100000000E+03  0.100000000E+01
  0.000000000E+00  0.986923267E-01  0.150000000E+03  0.100000000E+01
  0.000000000E+00  0.986923267E-01  0.200000000E+03  0.100000000E+01
  0.000000000E+00  0.986923267E-01  0.250000000E+03  0.100000000E+01
  0.000000000E+00  0.986923267E-01  0.300000000E+03  0.100000000E+01
  0.000000000E+00  0.986923267E-01  0.350000000E+03  0.100000000E+01
  0.000000000E+00  0.986923267E-01  0.400000000E+03  0.100000000E+01
  0.000000000E+00  0.986923267E-01  0.450000000E+03  0.100000000E+01
  0.000000000E+00  0.986923267E-01  0.500000000E+03  0.100000000E+01
  0.000000000E+00  0.986923267E-01  0.550000000E+03  0.100000000E+01
  0.000000000E+00  0.986923267E-01  0.600000000E+03  0.100000000E+01
  0.000000000E+00  0.986923267E-01  0.650000000E+03  0.100000000E+01
  0.000000000E+00  0.986923267E-01  0.700000000E+03  0.100000000E+01
  0.000000000E+00  0.986923267E-01  0.750000000E+03  0.100000000E+01
  0.000000000E+00  0.986923267E+00  0.100000000E+03  0.100000000E+01
  0.000000000E+00  0.986923267E+00  0.150000000E+03  0.100000000E+01
  0.000000000E+00  0.986923267E+00  0.200000000E+03  0.100000000E+01
  0.000000000E+00  0.986923267E+00  0.250000000E+03  0.100000000E+01
  0.000000000E+00  0.986923267E+00  0.300000000E+03  0.100000000E+01
  0.000000000E+00  0.986923267E+00  0.350000000E+03  0.100000000E+01
  0.000000000E+00  0.986923267E+00  0.400000000E+03  0.100000000E+01
  0.000000000E+00  0.986923267E+00  0.450000000E+03  0.100000000E+01
  0.000000000E+00  0.986923267E+00  0.500000000E+03  0.100000000E+01
  0.000000000E+00  0.986923267E+00  0.550000000E+03  0.100000000E+01
  0.000000000E+00  0.986923267E+00  0.600000000E+03  0.100000000E+01
  0.000000000E+00  0.986923267E+00  0.650000000E+03  0.100000000E+01
  0.000000000E+00  0.986923267E+00  0.700000000E+03  0.100000000E+01
  0.000000000E+00  0.986923267E+00  0.750000000E+03  0.100000000E+01
  0.000000000E+00  0.986923267E+01  0.100000000E+03  0.100000000E+01
  0.000000000E+00  0.986923267E+01  0.150000000E+03  0.100000000E+01
  0.000000000E+00  0.986923267E+01  0.200000000E+03  0.100000000E+01
  0.000000000E+00  0.986923267E+01  0.250000000E+03  0.100000000E+01
  0.000000000E+00  0.986923267E+01  0.300000000E+03  0.100000000E+01
  0.000000000E+00  0.986923267E+01  0.350000000E+03  0.100000000E+01
  0.000000000E+00  0.986923267E+01  0.400000000E+03  0.100000000E+01
  0.000000000E+00  0.986923267E+01  0.450000000E+03  0.100000000E+01
  0.000000000E+00  0.986923267E+01  0.500000000E+03  0.100000000E+01
  0.000000000E+00  0.986923267E+01  0.550000000E+03  0.100000000E+01
  0.000000000E+00  0.986923267E+01  0.600000000E+03  0.100000000E+01
  0.000000000E+00  0.986923267E+01  0.650000000E+03  0.100000000E+01
  0.000000000E+00  0.986923267E+01  0.700000000E+03  0.100000000E+01
  0.000000000E+00  0.986923267E+01  0.750000000E+03  0.100000000E+01
  0.000000000E+00  0.986923267E+02  0.100000000E+03  0.100000000E+01
  0.000000000E+00  0.986923267E+02  0.150000000E+03  0.100000000E+01
  0.000000000E+00  0.986923267E+02  0.200000000E+03  0.100000000E+01
  0.000000000E+00  0.986923267E+02  0.250000000E+03  0.100000000E+01
  0.000000000E+00  0.986923267E+02  0.300000000E+03  0.100000000E+01
  0.000000000E+00  0.986923267E+02  0.350000000E+03  0.100000000E+01
  0.000000000E+00  0.986923267E+02  0.400000000E+03  0.100000000E+01
  0.000000000E+00  0.986923267E+02  0.450000000E+03  0.100000000E+01
  0.000000000E+00  0.986923267E+02  0.500000000E+03  0.100000000E+01
  0.000000000E+00  0.986923267E+02  0.550000000E+03  0.100000000E+01
  0.000000000E+00  0.986923267E+02  0.600000000E+03  0.100000000E+01
  0.000000000E+00  0.986923267E+02  0.650000000E+03  0.100000000E+01
  0.000000000E+00  0.986923267E+02  0.700000000E+03  0.100000000E+01
  0.000000000E+00  0.986923267E+02  0.750000000E+03  0.100000000E+01

