      2.484180e-05      1.091621e+09
      2.484180e-05      1.091621e+09
      2.484180e-05      1.091621e+09
      2.484180e-05      1.091621e+09
      2.479834e-05      1.090773e+09
      2.426126e-05      1.080098e+09
      2.318709e-05      1.057635e+09
      2.089747e-05      1.006888e+09
      1.800252e-05      9.381032e+08
      1.397773e-05      8.315937e+08
      1.172798e-05      7.742898e+08
      1.107991e-05      7.604942e+08
      1.057517e-05      7.501051e+08
      1.060382e-05      7.540547e+08
      1.063248e-05      7.580213e+08
      1.066774e-05      7.620605e+08
      1.085635e-05      7.673091e+08
      1.104496e-05      7.723900e+08
      1.123356e-05      7.773068e+08
      1.142217e-05      7.820637e+08
      1.158144e-05      7.856579e+08
      1.171280e-05      7.881999e+08
      1.184415e-05      7.906679e+08
      1.197550e-05      7.930630e+08
      1.210686e-05      7.953867e+08
      1.223821e-05      7.976401e+08
      1.236956e-05      7.998245e+08
      1.250092e-05      8.019414e+08
      1.260200e-05      8.045168e+08
      1.268613e-05      8.073556e+08
      1.277025e-05      8.101715e+08
      1.285437e-05      8.129645e+08
      1.293849e-05      8.157349e+08
      1.302261e-05      8.184828e+08
      1.310673e-05      8.212083e+08
      1.319086e-05      8.239118e+08
      1.327498e-05      8.265931e+08
      1.336635e-05      8.284246e+08
      1.346006e-05      8.299587e+08
      1.355377e-05      8.314628e+08
      1.364748e-05      8.329368e+08
      1.374119e-05      8.343816e+08
      1.383490e-05      8.357973e+08
      1.392861e-05      8.371840e+08
      1.402232e-05      8.385426e+08
      1.411604e-05      8.398728e+08
      1.420975e-05      8.411755e+08
      1.428466e-05      8.422249e+08
      1.429673e-05      8.425085e+08
      1.430880e-05      8.427918e+08
      1.432087e-05      8.430745e+08
      1.433294e-05      8.433571e+08
      1.434501e-05      8.436390e+08
      1.435708e-05      8.439205e+08
      1.436915e-05      8.442015e+08
      1.438122e-05      8.444822e+08
      1.439329e-05      8.447624e+08
      1.440535e-05      8.450421e+08
      1.441742e-05      8.453215e+08
      1.442949e-05      8.456004e+08
      1.442034e-05      8.459682e+08
      1.438056e-05      8.464628e+08
      1.434078e-05      8.469544e+08
      1.430100e-05      8.474427e+08
      1.426122e-05      8.479281e+08
      1.422145e-05      8.484104e+08
      1.418167e-05      8.488896e+08
      1.414189e-05      8.493653e+08
      1.410211e-05      8.498380e+08
      1.406234e-05      8.503075e+08
      1.402256e-05      8.507734e+08
      1.398278e-05      8.512362e+08
      1.394300e-05      8.516955e+08
      1.390322e-05      8.521513e+08
      1.386345e-05      8.526038e+08
      1.381027e-05      8.530063e+08
      1.373205e-05      8.533095e+08
      1.365382e-05      8.535956e+08
      1.357559e-05      8.538641e+08
      1.349737e-05      8.541148e+08
      1.341914e-05      8.543475e+08
      1.334091e-05      8.545617e+08
      1.326268e-05      8.547572e+08
      1.318446e-05      8.549335e+08
      1.310623e-05      8.550906e+08
      1.302800e-05      8.552280e+08
      1.294977e-05      8.553454e+08
      1.287155e-05      8.554424e+08
      1.279332e-05      8.555188e+08
      1.271509e-05      8.555740e+08
      1.263687e-05      8.556080e+08
      1.255864e-05      8.556200e+08
      1.248085e-05      8.556503e+08
      1.240883e-05      8.561926e+08
      1.233682e-05      8.567182e+08
      1.226480e-05      8.572269e+08
      1.219278e-05      8.577181e+08
      1.212076e-05      8.581918e+08
      1.204875e-05      8.586473e+08
      1.197673e-05      8.590846e+08
      1.190471e-05      8.595031e+08
      1.183270e-05      8.599026e+08
      1.176068e-05      8.602826e+08
      1.168866e-05      8.606429e+08
      1.161665e-05      8.609829e+08
      1.154463e-05      8.613024e+08
      1.147261e-05      8.616011e+08
      1.140059e-05      8.618784e+08
      1.132858e-05      8.621342e+08
