      190.51      747.35      7.893504e+02      2.070555e-02      200.71
      190.51      746.99      7.893195e+02      2.070474e-02      200.42
      190.51      746.83      7.892809e+02      2.070372e-02      200.30
      190.51      746.67      7.892036e+02      2.070170e-02      200.17
      190.51      746.45      7.889719e+02      2.069583e-02      200.00
      190.51      746.42      7.885858e+02      2.068834e-02      199.97
      190.51      746.36      7.878140e+02      2.067338e-02      199.92
      190.51      746.65      7.855054e+02      2.058946e-02      200.15
      190.51      747.81      7.816891e+02      2.039966e-02      201.07
      190.51      751.17      7.741555e+02      1.994401e-02      203.73
      190.51      753.90      7.594910e+02      1.936387e-02      205.92
      190.50      755.68      7.452648e+02      1.887299e-02      207.34
      190.50      757.38      7.313261e+02      1.839771e-02      208.71
      190.50      759.05      7.178578e+02      1.794510e-02      210.07
      190.50      760.71      7.046375e+02      1.750082e-02      211.42
      190.50      762.33      6.916686e+02      1.706815e-02      212.74
      190.50      762.91      6.791204e+02      1.672212e-02      213.21
      190.50      763.48      6.667998e+02      1.638236e-02      213.69
      190.50      764.06      6.547028e+02      1.604877e-02      214.17
      190.50      764.64      6.428251e+02      1.572124e-02      214.64
      190.50      765.01      6.312129e+02      1.541434e-02      214.95
      190.50      765.19      6.198571e+02      1.512684e-02      215.10
      190.50      765.37      6.087055e+02      1.484450e-02      215.25
      190.50      765.55      5.977546e+02      1.456725e-02      215.40
      190.50      765.73      5.870007e+02      1.429499e-02      215.54
      190.50      765.91      5.764402e+02      1.402762e-02      215.69
      190.50      766.09      5.660698e+02      1.376506e-02      215.84
      190.50      766.27      5.558859e+02      1.350723e-02      215.99
      190.50      766.53      5.459407e+02      1.325292e-02      216.20
      190.50      766.83      5.362040e+02      1.300253e-02      216.45
      190.50      767.13      5.266410e+02      1.275661e-02      216.70
      190.50      767.43      5.172485e+02      1.251507e-02      216.95
      190.50      767.73      5.080236e+02      1.227784e-02      217.20
      190.50      768.03      4.989632e+02      1.204485e-02      217.44
      190.49      768.33      4.900644e+02      1.181600e-02      217.69
      190.49      768.63      4.813242e+02      1.159124e-02      217.94
      190.49      768.93      4.727400e+02      1.137049e-02      218.19
      190.49      769.16      4.643743e+02      1.115970e-02      218.38
      190.49      769.36      4.561774e+02      1.095457e-02      218.55
      190.49      769.57      4.481252e+02      1.075306e-02      218.73
      190.49      769.78      4.402152e+02      1.055511e-02      218.90
      190.49      769.99      4.324447e+02      1.036065e-02      219.07
      190.49      770.19      4.248115e+02      1.016962e-02      219.24
      190.49      770.40      4.173130e+02      9.981969e-03      219.42
      190.49      770.61      4.099467e+02      9.797628e-03      219.59
      190.49      770.81      4.027106e+02      9.616540e-03      219.76
      190.49      771.02      3.956022e+02      9.438649e-03      219.93
      190.49      771.17      3.886273e+02      9.266076e-03      220.07
      190.49      771.16      3.818018e+02      9.103757e-03      220.05
      190.49      771.15      3.750963e+02      8.944290e-03      220.04
      190.49      771.13      3.685084e+02      8.787623e-03      220.03
      190.49      771.12      3.620363e+02      8.633709e-03      220.02
      190.49      771.11      3.556779e+02      8.482497e-03      220.01
      190.49      771.09      3.494312e+02      8.333941e-03      219.99
      190.49      771.08      3.432941e+02      8.187993e-03      219.98
      190.49      771.06      3.372648e+02      8.044610e-03      219.97
      190.49      771.05      3.313414e+02      7.903744e-03      219.96
      190.49      771.04      3.255221e+02      7.765353e-03      219.95
      190.49      771.02      3.198050e+02      7.629392e-03      219.94
      190.49      771.01      3.141882e+02      7.495819e-03      219.92
      190.49      770.97      3.086673e+02      7.365176e-03      219.89
      190.49      770.89      3.032396e+02      7.237664e-03      219.82
      190.48      770.81      2.979072e+02      7.112395e-03      219.76
      190.48      770.73      2.926686e+02      6.989328e-03      219.69
      190.48      770.66      2.875222e+02      6.868426e-03      219.62
      190.48      770.58      2.824662e+02      6.749649e-03      219.56
      190.48      770.50      2.774992e+02      6.632961e-03      219.49
      190.48      770.42      2.726195e+02      6.518325e-03      219.42
      190.48      770.34      2.678256e+02      6.405705e-03      219.36
      190.48      770.26      2.631160e+02      6.295065e-03      219.29
      190.47      770.18      2.584892e+02      6.186371e-03      219.22
      190.47      770.11      2.539438e+02      6.079588e-03      219.16
      190.47      770.03      2.494783e+02      5.974683e-03      219.09
      190.47      769.95      2.450913e+02      5.871622e-03      219.02
      190.47      769.87      2.407815e+02      5.770374e-03      218.96
      190.47      769.79      2.365421e+02      5.670684e-03      218.89
      190.47      769.69      2.323676e+02      5.572339e-03      218.81
      190.47      769.60      2.282667e+02      5.475729e-03      218.73
      190.46      769.51      2.242383e+02      5.380824e-03      218.66
      190.46      769.42      2.202809e+02      5.287594e-03      218.58
      190.46      769.33      2.163933e+02      5.196009e-03      218.50
      190.46      769.24      2.125744e+02      5.106041e-03      218.43
      190.46      769.15      2.088229e+02      5.017660e-03      218.35
      190.46      769.05      2.051375e+02      4.930839e-03      218.27
      190.46      768.96      2.015172e+02      4.845551e-03      218.19
      190.46      768.87      1.979608e+02      4.761768e-03      218.12
      190.46      768.78      1.944672e+02      4.679463e-03      218.04
      190.45      768.69      1.910352e+02      4.598611e-03      217.96
      190.45      768.60      1.876638e+02      4.519185e-03      217.89
      190.45      768.50      1.843519e+02      4.441162e-03      217.81
      190.45      768.41      1.810984e+02      4.364515e-03      217.73
      190.45      768.32      1.779024e+02      4.289221e-03      217.65
      190.45      768.22      1.747608e+02      4.215284e-03      217.57
      190.45      768.01      1.716499e+02      4.143034e-03      217.40
      190.45      767.81      1.685944e+02      4.072070e-03      217.23
      190.45      767.60      1.655932e+02      4.002369e-03      217.06
      190.45      767.40      1.626455e+02      3.933908e-03      216.89
      190.45      767.19      1.597503e+02      3.866667e-03      216.72
      190.44      766.99      1.569066e+02      3.800622e-03      216.55
      190.44      766.78      1.541135e+02      3.735753e-03      216.38
      190.44      766.58      1.513701e+02      3.672039e-03      216.21
      190.44      766.37      1.486756e+02      3.609459e-03      216.04
      190.44      766.17      1.460290e+02      3.547993e-03      215.86
      190.44      765.96      1.434296e+02      3.487621e-03      215.69
      190.44      765.75      1.408764e+02      3.428324e-03      215.52
      190.44      765.55      1.383686e+02      3.370082e-03      215.35
      190.44      765.34      1.359056e+02      3.312878e-03      215.18
      190.44      765.13      1.334863e+02      3.256691e-03      215.01
      190.44      764.93      1.311101e+02      3.201504e-03      214.84
