   140.0000    
   169.1695    
   166.3750    
   161.6829    
   154.7803    
   146.3165    
   137.2212    
   127.9129    
   118.7821    
   110.3030    
   102.4293    
   96.02999    
   92.03622    
   89.56665    
   88.03867    
   87.62879    
   86.08643    
   85.64030    
   85.77625    
   86.71933    
   88.36597    
   90.86674    
   93.94783    
   98.25508    
   103.4736    
   109.8241    
   116.8234    
   123.4941    
   129.0350    
   133.2945    
   136.5947    
   139.1025    
   141.0121    
   142.4614    
   143.5658    
   144.3983    
   145.0398    
   145.4910    
   145.9344    
   146.2735    
   146.4413    
   146.4729    
   146.4101    
   146.2697    
   146.0573    
   145.7981    
   145.4754    
   145.1364    
   144.7763    
   144.4578    
   144.1650    
   143.9044    
   143.6493    
   143.3402    
   142.9586    
   142.4562    
   141.8307    
   141.0768    
   140.2885    
   139.4678    
   138.6949    
   137.7836    
   137.6600    
   132.1218    
   140.5693    
