      191.14      839.14      4.806713e+02      1.543400e-02      161.15
      191.14      839.14      4.806139e+02      1.543215e-02      161.63
      191.14      839.14      4.803844e+02      1.541937e-02      163.40
      191.14      839.14      4.800992e+02      1.534041e-02      164.12
      191.14      839.14      4.795320e+02      1.519062e-02      165.50
      191.14      839.14      4.778730e+02      1.474259e-02      169.96
      191.14      839.14      4.752146e+02      1.376547e-02      180.85
      191.14      839.14      4.702402e+02      1.313840e-02      187.52
      191.14      839.14      4.666630e+02      1.283203e-02      190.45
      191.14      839.14      4.631695e+02      1.262688e-02      192.05
      191.14      839.14      4.597021e+02      1.242327e-02      193.65
      191.14      839.14      4.562740e+02      1.223395e-02      195.08
      191.14      839.14      4.529385e+02      1.211106e-02      195.62
      191.14      839.14      4.496273e+02      1.198906e-02      196.17
      191.14      839.14      4.463405e+02      1.186796e-02      196.71
      191.14      839.14      4.430776e+02      1.174775e-02      197.25
      191.14      839.14      4.398386e+02      1.162841e-02      197.79
      191.14      839.14      4.366233e+02      1.150995e-02      198.33
      191.14      839.14      4.334533e+02      1.141211e-02      198.57
      191.14      839.14      4.303192e+02      1.132626e-02      198.64
      191.14      839.14      4.272076e+02      1.124103e-02      198.70
      191.14      839.14      4.241186e+02      1.115641e-02      198.77
      191.14      839.14      4.210515e+02      1.107240e-02      198.83
      191.14      839.14      4.180070e+02      1.098901e-02      198.90
      191.14      839.14      4.149845e+02      1.090621e-02      198.96
      191.14      839.14      4.119838e+02      1.082402e-02      199.03
      191.14      839.14      4.090045e+02      1.074241e-02      199.09
      191.14      839.14      4.060470e+02      1.066140e-02      199.16
      191.14      839.14      4.031110e+02      1.058098e-02      199.22
      191.14      839.14      4.001962e+02      1.050114e-02      199.29
      191.14      839.14      3.972981e+02      1.042782e-02      199.23
      191.14      839.14      3.944202e+02      1.035687e-02      199.14
      191.14      839.14      3.915630e+02      1.028644e-02      199.05
      191.14      839.14      3.887266e+02      1.021651e-02      198.96
      191.14      839.14      3.859104e+02      1.014709e-02      198.86
      191.14      839.14      3.831150e+02      1.007817e-02      198.77
      191.14      839.14      3.803398e+02      1.000976e-02      198.68
      191.14      839.14      3.775846e+02      9.941837e-03      198.59
      191.14      839.14      3.748491e+02      9.874401e-03      198.50
      191.14      839.14      3.721338e+02      9.807460e-03      198.40
      191.14      839.14      3.694381e+02      9.741005e-03      198.31
      191.14      839.14      3.667620e+02      9.675032e-03      198.22
      191.14      839.14      3.641052e+02      9.609537e-03      198.13
      191.14      839.14      3.614673e+02      9.544507e-03      198.04
      191.14      839.14      3.588489e+02      9.479957e-03      197.94
      191.14      839.14      3.562495e+02      9.415875e-03      197.85
      191.14      839.14      3.536689e+02      9.352257e-03      197.76
      191.14      839.14      3.511067e+02      9.289091e-03      197.67
      191.14      839.14      3.485390e+02      9.227154e-03      197.53
      191.14      839.14      3.459755e+02      9.166134e-03      197.37
      191.14      839.14      3.434309e+02      9.105561e-03      197.21
      191.14      839.14      3.409047e+02      9.045427e-03      197.05
      191.14      839.14      3.383973e+02      8.985743e-03      196.89
      191.14      839.14      3.359084e+02      8.926498e-03      196.73
      191.14      839.14      3.334378e+02      8.867688e-03      196.57
      191.14      839.14      3.309851e+02      8.809303e-03      196.41
      191.14      839.14      3.285507e+02      8.751356e-03      196.25
      191.14      839.14      3.261342e+02      8.693834e-03      196.09
      191.14      839.14      3.237356e+02      8.636736e-03      195.93
      191.14      839.14      3.213542e+02      8.580050e-03      195.77
      191.14      839.14      3.189906e+02      8.523788e-03      195.61
      191.14      839.14      3.166445e+02      8.467941e-03      195.45
      191.14      839.14      3.143156e+02      8.412504e-03      195.29
      191.14      839.14      3.120034e+02      8.357467e-03      195.13
      191.14      839.14      3.097087e+02      8.302843e-03      194.97
      191.14      839.14      3.074308e+02      8.248621e-03      194.81
      191.14      839.14      3.051697e+02      8.194797e-03      194.65
      191.14      839.14      3.029249e+02      8.141362e-03      194.49
      191.14      839.14      3.006969e+02      8.088327e-03      194.32
      191.14      839.14      2.984853e+02      8.035682e-03      194.16
      191.14      839.14      2.962899e+02      7.983424e-03      194.00
      191.14      839.14      2.941104e+02      7.931544e-03      193.84
      191.14      839.14      2.919473e+02      7.880053e-03      193.68
      191.14      839.14      2.898000e+02      7.828940e-03      193.52
      191.14      839.14      2.876685e+02      7.778202e-03      193.36
      191.14      839.14      2.855528e+02      7.727839e-03      193.20
      191.14      839.14      2.834523e+02      7.677838e-03      193.04
      191.14      839.14      2.813448e+02      7.626683e-03      192.89
      191.14      839.14      2.792218e+02      7.573785e-03      192.76
      191.14      839.14      2.771148e+02      7.521286e-03      192.62
      191.14      839.14      2.750233e+02      7.469176e-03      192.48
      191.14      839.14      2.729480e+02      7.417467e-03      192.35
      191.14      839.14      2.708883e+02      7.366147e-03      192.21
      191.14      839.14      2.688442e+02      7.315215e-03      192.08
      191.14      839.14      2.668152e+02      7.264661e-03      191.94
      191.14      839.14      2.648018e+02      7.214495e-03      191.81
      191.14      839.14      2.628036e+02      7.164708e-03      191.67
      191.14      839.14      2.608205e+02      7.115296e-03      191.53
      191.14      839.14      2.588520e+02      7.066250e-03      191.40
      191.14      839.14      2.568987e+02      7.017582e-03      191.26
      191.14      839.14      2.549602e+02      6.969280e-03      191.13
      191.14      839.14      2.530362e+02      6.921343e-03      190.99
      191.14      839.14      2.511265e+02      6.873761e-03      190.85
      191.14      839.14      2.492315e+02      6.826544e-03      190.72
      191.14      839.14      2.473508e+02      6.779684e-03      190.58
      191.14      839.14      2.454842e+02      6.733178e-03      190.45
      191.14      839.14      2.436315e+02      6.687016e-03      190.31
      191.14      839.14      2.417931e+02      6.641209e-03      190.18
      191.14      839.14      2.399685e+02      6.595748e-03      190.04
      191.14      839.14      2.381577e+02      6.550630e-03      189.90
      191.14      839.14      2.363603e+02      6.505846e-03      189.77
      191.14      839.14      2.345767e+02      6.461406e-03      189.63
      191.14      839.14      2.328066e+02      6.417301e-03      189.50
      191.14      839.14      2.310498e+02      6.373529e-03      189.36
      191.14      839.14      2.293060e+02      6.330081e-03      189.23
      191.14      839.14      2.275757e+02      6.286968e-03      189.09
      191.14      839.14      2.258584e+02      6.244179e-03      188.95
      191.14      839.14      2.241541e+02      6.201713e-03      188.82
      191.14      839.14      2.224626e+02      6.159569e-03      188.68
      191.14      839.14      2.207836e+02      6.117736e-03      188.55
      191.14      839.14      2.191176e+02      6.076225e-03      188.41
      191.14      839.14      2.174641e+02      6.035028e-03      188.27
      191.14      839.14      2.158231e+02      5.994140e-03      188.14
      191.14      839.14      2.141943e+02      5.953556e-03      188.00
      191.14      839.14      2.125780e+02      5.913283e-03      187.87
      191.14      839.14      2.109738e+02      5.873315e-03      187.73
      191.14      839.14      2.093818e+02      5.833648e-03      187.60
      191.14      839.14      2.078016e+02      5.794275e-03      187.46
      191.14      839.14      2.062335e+02      5.755205e-03      187.32
      191.14      839.14      2.046772e+02      5.716429e-03      187.19
      191.14      839.14      2.030983e+02      5.675425e-03      187.08
      191.14      839.14      2.015211e+02      5.633990e-03      186.97
      191.14      839.14      1.999563e+02      5.592882e-03      186.87
      191.14      839.14      1.984037e+02      5.552093e-03      186.76
      191.14      839.14      1.968632e+02      5.511621e-03      186.65
      191.14      839.14      1.953344e+02      5.471458e-03      186.55
      191.14      839.14      1.938177e+02      5.431612e-03      186.44
      191.14      839.14      1.923128e+02      5.392076e-03      186.34
      191.14      839.14      1.908196e+02      5.352846e-03      186.23
      191.14      839.14      1.893378e+02      5.313916e-03      186.13
      191.14      839.14      1.878676e+02      5.275294e-03      186.02
      191.14      839.14      1.864089e+02      5.236972e-03      185.92
      191.14      839.14      1.849615e+02      5.198946e-03      185.81
      191.14      839.14      1.835252e+02      5.161211e-03      185.71
      191.14      839.14      1.821002e+02      5.123775e-03      185.60
      191.14      839.14      1.806862e+02      5.086628e-03      185.49
      191.14      839.14      1.792833e+02      5.049770e-03      185.39
      191.14      839.14      1.778910e+02      5.013194e-03      185.28
      191.14      839.14      1.765098e+02      4.976906e-03      185.18
      191.14      839.14      1.751392e+02      4.940900e-03      185.07
