  0        6.00
  0        6.03
  0        6.05
  0        6.08
  0        6.11
  0        6.14
  0        6.16
  0        6.19
  0        6.22
  0        6.24
  0        6.27
  0        6.30
  0        6.32
  0        6.35
  0        6.38
  0        6.41
  0        6.43
  0        6.46
  0        6.49
  0        6.51
  0        6.54
  0        6.57
  0        6.59
  0        6.62
  0        6.65
  0        6.68
  0        6.70
  0        6.73
  0        6.76
  0        6.78
  0        6.81
  0        6.84
  0        6.86
  0        6.89
  0        6.92
  0        6.95
  0        6.97
  0        7.00
  0        7.03
  0        7.05
  0        7.08
  0        7.11
  0        7.14
  0        7.16
  0        7.19
  0        7.22
  0        7.24
  0        7.27
  0        7.30
  0        7.32
  0        7.35
  0        7.38
  0        7.41
  0        7.43
  0        7.46
  0        7.49
  0        7.51
  0        7.54
  0        7.57
  0        7.59
  0        7.62
  0        7.65
  0        7.68
  0        7.70
  0        7.73
  0        7.76
  0        7.78
  0        7.81
  0        7.84
  0        7.86
  0        7.89
  0        7.92
  0        7.95
  0        7.97
  0        8.00
  0        8.03
  0        8.05
  0        8.08
  0        8.11
  0        8.14
  0        8.16
  0        8.19
  0        8.22
  0        8.24
  0        8.27
  0        8.30
  0        8.32
  0        8.35
  0        8.38
  0        8.41
  0        8.43
  0        8.46
  0        8.49
  0        8.51
  0        8.54
  0        8.57
  0        8.59
  0        8.62
  0        8.65
  0        8.68
  0        8.70
  0        8.73
  0        8.76
  0        8.78
  0        8.81
  0        8.84
  0        8.86
  0        8.89
  0        8.92
  0        8.95
  0        8.97
  24        9.00
  24        9.03
  25        9.05
  25        9.08
  26        9.11
  26        9.14
  27        9.16
  28        9.19
  28        9.22
  29        9.24
  29        9.27
  30        9.30
  31        9.32
  31        9.35
  32        9.38
  33        9.41
  33        9.43
  34        9.46
  35        9.49
  36        9.51
  36        9.54
  37        9.57
  38        9.59
  39        9.62
  39        9.65
  40        9.68
  41        9.70
  41        9.73
  42        9.76
  42        9.78
  43        9.81
  43        9.84
  44        9.86
  44        9.89
  45        9.92
  45        9.95
  46        9.97
  46       10.00
  47       10.03
  47       10.05
  48       10.08
  49       10.11
  50       10.14
  50       10.16
  51       10.19
  52       10.22
  52       10.24
  53       10.27
  53       10.30
  54       10.32
  54       10.35
  55       10.38
  55       10.41
  56       10.43
  57       10.46
  57       10.49
  58       10.51
  59       10.54
  60       10.57
  61       10.59
  62       10.62
  62       10.65
  63       10.68
  63       10.70
  63       10.73
  63       10.76
  63       10.78
  64       10.81
  64       10.84
  64       10.86
  64       10.89
  64       10.92
  64       10.95
  64       10.97
  64       11.00
  64       11.03
  64       11.05
  64       11.08
  64       11.11
  64       11.14
  64       11.16
  64       11.19
  64       11.22
  64       11.24
  64       11.27
  64       11.30
  64       11.32
  64       11.35
  64       11.38
  64       11.41
  64       11.43
  65       11.46
  67       11.49
  69       11.51
  71       11.54
  73       11.57
  75       11.59
  77       11.62
  79       11.65
  81       11.68
  83       11.70
  85       11.73
  86       11.76
  87       11.78
  88       11.81
  88       11.84
  89       11.86
  89       11.89
  90       11.92
  90       11.95
  91       11.97
  91       12.00
  91       12.03
  91       12.05
  92       12.08
  92       12.11
  92       12.14
  93       12.16
  94       12.19
  94       12.22
  95       12.24
  96       12.27
  97       12.30
  99       12.32
  100       12.35
  101       12.38
  102       12.41
  103       12.43
  104       12.46
  104       12.49
  105       12.51
  105       12.54
  105       12.57
  105       12.59
  106       12.62
  106       12.65
  106       12.68
  106       12.70
  106       12.73
  107       12.76
  107       12.78
  107       12.81
  107       12.84
  107       12.86
  107       12.89
  107       12.92
  107       12.95
  107       12.97
  108       13.00
  108       13.03
  108       13.05
  109       13.08
  109       13.11
  110       13.14
  110       13.16
  111       13.19
  111       13.22
  112       13.24
  112       13.27
  113       13.30
  113       13.32
  113       13.35
  113       13.38
  114       13.41
  114       13.43
  114       13.46
  115       13.49
  115       13.51
  116       13.54
  116       13.57
  116       13.59
  117       13.62
  117       13.65
  117       13.68
  117       13.70
  118       13.73
  118       13.76
  118       13.78
  118       13.81
  118       13.84
  118       13.86
  118       13.89
  118       13.92
  119       13.95
  119       13.97
  119       14.00
  119       14.03
  119       14.05
  119       14.08
  119       14.11
  119       14.14
  120       14.16
  120       14.19
  120       14.22
  120       14.24
  121       14.27
  121       14.30
  121       14.32
  121       14.35
  121       14.38
  121       14.41
  121       14.43
  121       14.46
  121       14.49
  121       14.51
  121       14.54
  121       14.57
  121       14.59
  121       14.62
  121       14.65
  121       14.68
  123       14.70
  124       14.73
  125       14.76
  127       14.78
  128       14.81
  128       14.84
  129       14.86
  129       14.89
  129       14.92
  129       14.95
  129       14.97
  128       15.00
  127       15.03
  126       15.05
  125       15.08
  124       15.11
  124       15.14
  124       15.16
  124       15.19
  124       15.22
  124       15.24
  124       15.27
  124       15.30
  124       15.32
  124       15.35
  124       15.38
  124       15.41
  124       15.43
  124       15.46
  124       15.49
  124       15.51
  125       15.54
  125       15.57
  125       15.59
  125       15.62
  125       15.65
  125       15.68
  125       15.70
  125       15.73
  125       15.76
  125       15.78
  125       15.81
  125       15.84
  125       15.86
  125       15.89
  125       15.92
  125       15.95
  125       15.97
  125       16.00
  0       16.03
  0       16.05
  0       16.08
  0       16.11
  0       16.14
  0       16.16
  0       16.19
  0       16.22
  0       16.24
  0       16.27
  0       16.30
  0       16.32
  0       16.35
  0       16.38
  0       16.41
  0       16.43
  0       16.46
  0       16.49
  0       16.51
  0       16.54
  0       16.57
  0       16.59
  0       16.62
  0       16.65
  0       16.68
  0       16.70
  0       16.73
  0       16.76
  0       16.78
  0       16.81
  0       16.84
  0       16.86
  0       16.89
  0       16.92
  0       16.95
  0       16.97
  0       17.00
  0       17.03
  0       17.05
  0       17.08
  0       17.11
  0       17.14
  0       17.16
  0       17.19
  0       17.22
  0       17.24
  0       17.27
  0       17.30
  0       17.32
  0       17.35
  0       17.38
  0       17.41
  0       17.43
  0       17.46
  0       17.49
  0       17.51
  0       17.54
  0       17.57
  0       17.59
  0       17.62
  0       17.65
  0       17.68
  0       17.70
  0       17.73
  0       17.76
  0       17.78
  0       17.81
  0       17.84
  0       17.86
  0       17.89
  0       17.92
  0       17.95
  0       17.97
  0       18.00
  0       18.03
  0       18.05
  0       18.08
  0       18.11
  0       18.14
  0       18.16
  0       18.19
  0       18.22
  0       18.24
  0       18.27
  0       18.30
  0       18.32
  0       18.35
  0       18.38
  0       18.41
  0       18.43
  0       18.46
  0       18.49
  0       18.51
  0       18.54
  0       18.57
  0       18.59
  0       18.62
  0       18.65
  0       18.68
  0       18.70
  0       18.73
  0       18.76
  0       18.78
  0       18.81
  0       18.84
  0       18.86
  0       18.89
  0       18.92
  0       18.95
  0       18.97
  0       19.00
