Height (km), 7_8 um ash conc (g/kg), 15_6 um ash conc (g/kg), 125 um ash conc (g/kg), 1 mm ash conc (g/kg)
0.00000000e+00,0.00000000e+00,0.00000000e+00,0.00000000e+00,0.00000000e+00
3.99999991e-02,5.36522502e-03,8.49458203e-03,2.04171427e-02,3.75202894e+00
7.99999982e-02,8.74023791e-03,1.36867277e-02,2.44168676e-02,4.08799553e+00
1.19999997e-01,1.30271101e-02,2.01145392e-02,2.67364550e-02,4.16737270e+00
1.59999996e-01,1.80755947e-02,2.75381003e-02,2.78815608e-02,4.42007542e+00
2.00000003e-01,2.46805307e-02,3.69818993e-02,2.93714404e-02,4.58356428e+00
2.39999995e-01,3.23744044e-02,4.76815775e-02,3.07973325e-02,4.86186600e+00
2.80000001e-01,3.84316370e-02,5.58940805e-02,3.29786055e-02,5.52595901e+00
3.19999993e-01,4.40757871e-02,6.34566545e-02,3.54008898e-02,5.30902338e+00
3.60000014e-01,5.01349531e-02,7.15377852e-02,3.87976691e-02,5.50055027e+00
4.00000006e-01,5.56970537e-02,7.88833648e-02,4.09603417e-02,5.91411972e+00
4.39999998e-01,6.20098934e-02,8.73619094e-02,4.57774997e-02,7.63959503e+00
4.79999989e-01,6.81558847e-02,9.55750346e-02,4.92398590e-02,7.37317514e+00
5.19999981e-01,7.45858401e-02,1.04262508e-01,5.34408614e-02,9.63591194e+00
5.60000002e-01,7.97954276e-02,1.11274943e-01,5.73066026e-02,1.07678375e+01
6.00000024e-01,8.84389952e-02,1.23059630e-01,6.25049770e-02,1.36246738e+01
6.41029537e-01,9.82700884e-02,1.36607856e-01,7.08746240e-02,1.22309160e+01
6.83115125e-01,1.06448360e-01,1.47820234e-01,7.66129270e-02,1.22743406e+01
7.26283848e-01,1.20848097e-01,1.67661414e-01,8.56264010e-02,1.18614597e+01
7.70563781e-01,1.33116350e-01,1.84657216e-01,9.63757709e-02,1.43568087e+01
8.15983355e-01,1.53291479e-01,2.12467238e-01,1.08206362e-01,1.56283302e+01
8.62571895e-01,1.72349125e-01,2.38815710e-01,1.23670429e-01,1.50755844e+01
9.10359621e-01,2.02114731e-01,2.79821932e-01,1.41089588e-01,1.55272865e+01
9.59377348e-01,2.24105626e-01,3.10271770e-01,1.60640150e-01,1.67998581e+01
1.00965667e+00,2.56371409e-01,3.54911834e-01,1.82674065e-01,1.70332508e+01
1.06123006e+00,3.03625524e-01,4.20561403e-01,2.21920446e-01,1.67748184e+01
1.11413085e+00,3.64301652e-01,5.05040407e-01,2.75008529e-01,1.75219879e+01
1.16839325e+00,4.28555340e-01,5.94937146e-01,3.39640498e-01,1.86359234e+01
1.22405231e+00,4.92872536e-01,6.85329497e-01,4.10273850e-01,1.93765182e+01
1.28114390e+00,6.13632262e-01,8.55652690e-01,5.46953678e-01,2.14888210e+01
1.33970511e+00,7.70596564e-01,1.07776606e+00,7.50332117e-01,2.25574741e+01
1.39977336e+00,1.95309453e+04,2.73579883e+04,1.92804180e+04,2.00415967e+03
1.46138775e+00,2.23675703e+04,3.13181582e+04,2.12774570e+04,1.88974561e+03
1.52458799e+00,1.77123984e+04,2.47996309e+04,1.68848867e+04,1.62795471e+03
1.58941495e+00,1.68992031e+04,2.36666055e+04,1.63904805e+04,1.81593066e+03
1.65591037e+00,1.67551172e+04,2.34677500e+04,1.64049219e+04,1.93682422e+03
1.72411728e+00,1.66067051e+04,2.32614453e+04,1.63433945e+04,1.99972778e+03
1.79407966e+00,1.64472656e+04,2.30391406e+04,1.62410410e+04,2.03656958e+03
1.86584306e+00,1.63788203e+04,2.29441016e+04,1.62167305e+04,2.07535620e+03
1.93945324e+00,1.64339980e+04,2.30219961e+04,1.63036660e+04,2.11709229e+03
2.01495814e+00,1.65117656e+04,2.31312227e+04,1.63973926e+04,2.14880737e+03
2.09240627e+00,1.65126855e+04,2.31325195e+04,1.64010977e+04,2.15737061e+03
2.17184782e+00,1.63294189e+04,2.28755977e+04,1.62120762e+04,2.13695581e+03
2.25333428e+00,1.57966387e+04,2.21290371e+04,1.56755664e+04,2.07203149e+03
2.33691788e+00,1.50006387e+04,2.10140176e+04,1.48896973e+04,1.98497095e+03
2.42265272e+00,1.42899355e+04,2.00187441e+04,1.41993643e+04,1.91628223e+03
2.51059437e+00,1.39577441e+04,1.95538477e+04,1.38886553e+04,1.89701355e+03
2.60079956e+00,1.41599199e+04,1.98375469e+04,1.41096680e+04,1.94648584e+03
2.69332647e+00,1.48466738e+04,2.07999316e+04,1.48083467e+04,2.05557666e+03
2.78823495e+00,1.57032500e+04,2.19999062e+04,1.56666445e+04,2.17994580e+03
2.88558602e+00,1.65005332e+04,2.31165645e+04,1.64568809e+04,2.28914282e+03
2.98544264e+00,1.67523555e+04,2.34689688e+04,1.66984082e+04,2.31983496e+03
3.08786964e+00,1.61177168e+04,2.25798828e+04,1.60690146e+04,2.25245215e+03
3.19293284e+00,1.50583545e+04,2.10960371e+04,1.50234951e+04,2.11763672e+03
3.30070019e+00,1.41155234e+04,1.97753379e+04,1.40883047e+04,2.00638831e+03
3.41124129e+00,1.35237314e+04,1.89462520e+04,1.34950801e+04,1.92081213e+03
3.52462745e+00,1.35223447e+04,1.89441758e+04,1.34829814e+04,1.91783142e+03
3.64093208e+00,1.40754619e+04,1.97186680e+04,1.40154609e+04,1.97971240e+03
3.76023054e+00,1.47051045e+04,2.06003516e+04,1.46270547e+04,2.05829004e+03
3.88259912e+00,1.51309102e+04,2.11967227e+04,1.50484033e+04,2.12751831e+03
4.00811720e+00,1.50460332e+04,2.10779062e+04,1.49719561e+04,2.13834277e+03
4.13686609e+00,1.43901035e+04,2.01594824e+04,1.43406172e+04,2.08365479e+03
4.26892853e+00,1.37152393e+04,1.92148379e+04,1.37005361e+04,2.03054041e+03
4.40439081e+00,1.30663652e+04,1.83060273e+04,1.30598477e+04,1.94778918e+03
4.54333878e+00,1.25935195e+04,1.76435957e+04,1.25788926e+04,1.87137830e+03
4.68586397e+00,1.31428418e+04,1.84130078e+04,1.31130156e+04,1.93307690e+03
4.83205652e+00,1.44958037e+04,2.03082676e+04,1.44538721e+04,2.11040186e+03
4.98201227e+00,1.61220283e+04,2.25858477e+04,1.60452412e+04,2.30356299e+03
5.13582754e+00,1.62207979e+04,2.27232344e+04,1.61075410e+04,2.30344556e+03
5.29360199e+00,1.58340645e+04,2.21817598e+04,1.57426738e+04,2.29586230e+03
5.45543718e+00,1.51766084e+04,2.12611504e+04,1.51121025e+04,2.24397388e+03
5.62143755e+00,1.36466211e+04,1.91183145e+04,1.36113301e+04,2.06604517e+03
5.79171038e+00,1.27842480e+04,1.79107266e+04,1.27709131e+04,1.96125879e+03
5.96636629e+00,1.24493877e+04,1.74408828e+04,1.24072256e+04,1.87605811e+03
6.14551687e+00,1.20325977e+04,1.68571484e+04,1.19975566e+04,1.81800671e+03
6.32927942e+00,1.33394814e+04,1.86885859e+04,1.33225752e+04,2.00133679e+03
6.51777077e+00,1.47593232e+04,2.06771445e+04,1.47182178e+04,2.17104199e+03
6.71111441e+00,1.44470840e+04,2.02391836e+04,1.43923281e+04,2.13017114e+03
6.90943432e+00,1.32419707e+04,1.85509082e+04,1.32014785e+04,1.99205884e+03
7.11285782e+00,1.16684404e+04,1.63469131e+04,1.16518809e+04,1.80361182e+03
7.32151794e+00,1.05974941e+04,1.48480303e+04,1.06323740e+04,1.69887231e+03
7.53554821e+00,1.16802744e+04,1.63649893e+04,1.17052754e+04,1.82602502e+03
7.75508738e+00,1.33434043e+04,1.86937266e+04,1.33196934e+04,2.01396924e+03
7.98027754e+00,1.49542002e+04,2.09509844e+04,1.49609688e+04,2.25392505e+03
8.21126270e+00,1.73875059e+04,2.43603867e+04,1.74130098e+04,2.59228906e+03
8.44819450e+00,1.84228086e+04,2.58125293e+04,1.85187148e+04,2.80512305e+03
8.69122219e+00,1.97200586e+04,2.76334727e+04,1.99632305e+04,3.09373120e+03
8.94050789e+00,2.25455918e+04,3.15872539e+04,2.26111562e+04,3.29519434e+03
9.19620800e+00,1.81669648e+04,2.54436367e+04,1.78825918e+04,2.42554102e+03
9.45849037e+00,8.30779199e+03,1.16332617e+04,8.12584668e+03,1.19165039e+03
9.72752285e+00,3.67571899e+03,5.14992334e+03,3.73842065e+03,7.49505798e+02
1.00034800e+01,3.56908057e+03,5.00421973e+03,3.78245752e+03,8.28627625e+02
1.02865391e+01,5.32841846e+03,7.47030664e+03,5.60773242e+03,1.08349451e+03
1.05768833e+01,7.41965918e+03,1.04007324e+04,7.74858887e+03,1.37399414e+03
1.08747025e+01,9.85458691e+03,1.38141914e+04,1.02958301e+04,1.74884656e+03
1.11801853e+01,1.32009658e+04,1.85035781e+04,1.37310039e+04,2.18723096e+03
1.14935322e+01,1.56038096e+04,2.18685879e+04,1.61473428e+04,2.42975293e+03
1.18149433e+01,1.68713867e+04,2.36463672e+04,1.75686152e+04,2.64854785e+03
1.21446266e+01,1.88894785e+04,2.64744316e+04,1.96806035e+04,2.86947729e+03
1.24827967e+01,1.74759668e+04,2.44956172e+04,1.84033594e+04,2.65477100e+03
1.28296700e+01,1.55669668e+04,2.18245352e+04,1.67363164e+04,2.39954004e+03
1.31854706e+01,1.42778037e+04,2.00242637e+04,1.57881543e+04,2.21979712e+03
1.35504293e+01,1.56660947e+04,2.19784141e+04,1.75127930e+04,2.33123584e+03
1.39247818e+01,1.65535117e+04,2.32229512e+04,1.82588848e+04,2.24663794e+03
1.43087692e+01,1.48414463e+04,2.08241855e+04,1.64787676e+04,2.00744727e+03
1.47026405e+01,1.47410693e+04,2.06906074e+04,1.65928691e+04,2.07529614e+03
1.51066484e+01,1.43109131e+04,2.00896289e+04,1.59480361e+04,1.86951013e+03
1.55210552e+01,1.06343086e+04,1.49364229e+04,1.20438311e+04,1.23897583e+03
1.59461288e+01,8.54617090e+03,1.20130391e+04,9.98023926e+03,9.58328064e+02
1.63821430e+01,9.92350586e+03,1.39441172e+04,1.13211074e+04,1.09707263e+03
1.68293781e+01,1.26134902e+04,1.77123496e+04,1.35311406e+04,1.22903333e+03
1.72881241e+01,1.52620420e+04,2.14080625e+04,1.49359141e+04,1.37403979e+03
1.77586803e+01,1.90338848e+04,2.66727129e+04,1.78643828e+04,1.75630176e+03
1.82413464e+01,2.23155215e+04,3.12522363e+04,2.01595547e+04,1.90991907e+03
1.87364349e+01,2.37365684e+04,3.32134453e+04,2.03784766e+04,1.94660657e+03
1.92442665e+01,2.29087832e+04,3.20141953e+04,1.89600625e+04,1.83610242e+03
1.97651691e+01,2.27219629e+04,3.17273848e+04,1.88892656e+04,1.70409363e+03
2.02994785e+01,2.08149199e+04,2.90527695e+04,1.70469043e+04,1.50420032e+03
2.08475418e+01,1.53673525e+04,2.14386465e+04,1.21753691e+04,1.12515369e+03
2.14097099e+01,1.09021211e+04,1.52090234e+04,8.62854004e+03,8.63785278e+02
2.19863453e+01,8.50784180e+03,1.18806689e+04,7.15919238e+03,8.12611389e+02
2.25778236e+01,8.75299609e+03,1.22346553e+04,7.73717383e+03,9.38522339e+02
2.31845264e+01,9.56089844e+03,1.33688281e+04,8.71337012e+03,1.07468860e+03
2.38068466e+01,1.03689277e+04,1.45050723e+04,9.73425391e+03,1.14428687e+03
2.44451809e+01,9.96205371e+03,1.39370459e+04,9.30792969e+03,9.77806152e+02
2.50999470e+01,8.02598389e+03,1.12283916e+04,7.45247363e+03,7.70703369e+02
2.57715645e+01,6.58001074e+03,9.20761230e+03,6.15152100e+03,6.17083496e+02
2.64604683e+01,4.07348413e+03,5.69848096e+03,3.70748901e+03,3.05260956e+02
2.71671047e+01,1.28298792e+03,1.79290723e+03,1.08625134e+03,6.00424881e+01
2.78919277e+01,1.80265396e+02,2.50957687e+02,1.21527382e+02,2.41101503e+00
2.86354065e+01,2.20269909e+01,3.02625256e+01,6.11378622e+00,5.71901764e-05
2.93980217e+01,6.47301006e+00,8.82066345e+00,1.08009028e+00,1.74987272e-05
3.01802654e+01,2.39730382e+00,3.26260972e+00,4.00557667e-01,3.55289944e-06
3.09826431e+01,7.35951185e-01,9.98727679e-01,9.29078385e-02,1.18380694e-06
3.18056717e+01,2.69202977e-01,3.63672584e-01,1.01725664e-02,3.36773383e-07
3.26498833e+01,1.07266814e-01,1.43665195e-01,1.24978647e-03,1.05082464e-07
3.35158234e+01,3.75512764e-02,4.98768687e-02,3.11602402e-04,2.66728222e-08
3.44040565e+01,1.10441651e-02,1.45643754e-02,9.83581995e-05,9.19141208e-09
3.53151436e+01,2.07149005e-03,2.70338962e-03,1.56638544e-05,2.89274849e-09
3.62496834e+01,3.16852995e-04,4.11523710e-04,2.67739824e-06,6.34807706e-10
3.72082787e+01,3.57399585e-05,4.61280761e-05,5.08731034e-07,9.62390445e-11
3.81915474e+01,2.86808540e-06,3.67150460e-06,9.35709039e-08,1.09586134e-11
3.92001228e+01,3.18932109e-07,4.16245030e-07,1.46089709e-08,9.68461856e-13
4.02346535e+01,4.12136387e-08,5.41875949e-08,1.47161738e-09,5.76380035e-14
4.12958107e+01,3.55147645e-09,4.63229499e-09,7.21329940e-11,1.60976134e-15
4.23842850e+01,6.85155890e-11,9.07420181e-11,1.74703589e-12,1.05907514e-16
4.35007744e+01,4.37398300e-13,5.92411049e-13,1.83797188e-14,1.90138589e-18
4.46459999e+01,8.19927300e-15,1.13723651e-14,6.08025343e-16,2.15792317e-21
4.58207016e+01,1.61171404e-16,2.23161444e-16,3.12478312e-18,9.46928057e-23
4.70256386e+01,6.57822310e-19,8.30134113e-19,9.09448377e-20,1.29696059e-24
4.82615852e+01,9.75215181e-20,1.37489412e-19,1.45538309e-21,9.97470395e-27
4.95293465e+01,2.06432277e-22,2.68971478e-22,3.40948492e-23,9.69611645e-28
5.08297386e+01,3.10195948e-23,4.38969697e-23,8.54718662e-25,5.03563198e-30
5.21635971e+01,9.15421928e-26,1.46937596e-25,7.53294603e-27,1.75497275e-31
5.35317917e+01,4.49647557e-27,6.26611207e-27,1.17346442e-28,5.51723159e-33
5.49351997e+01,4.67017699e-29,9.40062174e-29,1.54556847e-30,5.26573715e-35
5.63747253e+01,2.58429950e-30,6.82144149e-30,4.19231038e-32,3.11222102e-36
5.78513031e+01,4.94952770e-32,8.23012319e-32,6.60751482e-34,1.58824569e-37
5.93278885e+01,5.36305118e-33,8.66208049e-33,2.84456977e-35,2.79278784e-39
6.08044662e+01,1.55132010e-34,8.54165738e-35,1.01567503e-36,1.83570099e-40
6.22810478e+01,5.80269147e-36,9.71581237e-36,6.11344481e-38,0.00000000e+00
6.37576256e+01,1.80334501e-37,2.61178223e-37,1.53582312e-39,0.00000000e+00
6.52341995e+01,1.24028927e-38,1.36024042e-38,1.34524653e-40,0.00000000e+00
6.67107849e+01,1.68155816e-40,3.25101244e-40,1.40129846e-42,0.00000000e+00
6.81873703e+01,1.96181785e-41,1.54142831e-41,0.00000000e+00,0.00000000e+00
6.96639481e+01,0.00000000e+00,0.00000000e+00,0.00000000e+00,0.00000000e+00
7.11405258e+01,0.00000000e+00,0.00000000e+00,0.00000000e+00,0.00000000e+00
7.26171036e+01,0.00000000e+00,0.00000000e+00,0.00000000e+00,0.00000000e+00
7.40936813e+01,0.00000000e+00,0.00000000e+00,0.00000000e+00,0.00000000e+00
7.55702591e+01,0.00000000e+00,0.00000000e+00,0.00000000e+00,0.00000000e+00
7.70468445e+01,0.00000000e+00,0.00000000e+00,0.00000000e+00,0.00000000e+00
7.85234222e+01,0.00000000e+00,0.00000000e+00,0.00000000e+00,0.00000000e+00
8.00000000e+01,0.00000000e+00,0.00000000e+00,0.00000000e+00,0.00000000e+00
