Height (km), 7_8 um ash conc (g/kg), 15_6 um ash conc (g/kg), 125 um ash conc (g/kg), 1 mm ash conc (g/kg)
0.00000000e+00,0.00000000e+00,0.00000000e+00,0.00000000e+00,0.00000000e+00
3.99999991e-02,7.19694346e-02,1.06993273e-01,2.92788088e-01,4.55081940e+01
7.99999982e-02,8.18509907e-02,1.19736150e-01,2.84404457e-01,5.47416611e+01
1.19999997e-01,9.06637013e-02,1.31124929e-01,2.78853834e-01,6.07158928e+01
1.59999996e-01,9.97935608e-02,1.43335491e-01,2.73373425e-01,6.52670898e+01
2.00000003e-01,1.03953511e-01,1.48337364e-01,2.72219270e-01,6.73439789e+01
2.39999995e-01,1.13370039e-01,1.61178693e-01,2.67253011e-01,6.98894730e+01
2.80000001e-01,1.18313394e-01,1.67407304e-01,2.78460383e-01,7.17195663e+01
3.19999993e-01,1.26513362e-01,1.78655922e-01,2.76765108e-01,7.32888412e+01
3.60000014e-01,1.29498377e-01,1.82122141e-01,2.90379345e-01,7.48036041e+01
4.00000006e-01,1.34746999e-01,1.88779652e-01,2.86940873e-01,7.61024780e+01
4.39999998e-01,1.33241042e-01,1.85908318e-01,2.92794526e-01,7.72187271e+01
4.79999989e-01,1.35582834e-01,1.88271254e-01,2.89991975e-01,7.82936859e+01
5.19999981e-01,1.30160853e-01,1.79882288e-01,2.93550074e-01,7.93131332e+01
5.60000002e-01,1.28697783e-01,1.76840201e-01,2.95125455e-01,8.03494949e+01
6.00000024e-01,1.19374707e-01,1.63173243e-01,2.99028516e-01,8.14713745e+01
6.41029537e-01,1.17263384e-01,1.59967244e-01,3.08024824e-01,8.27768478e+01
6.83115125e-01,1.07258931e-01,1.46112859e-01,3.11107635e-01,8.39242935e+01
7.26283848e-01,1.04483843e-01,1.42574191e-01,3.27550530e-01,8.53109970e+01
7.70563781e-01,1.01655841e-01,1.38906926e-01,3.30639273e-01,8.67923965e+01
8.15983355e-01,1.05331086e-01,1.44129366e-01,3.48787636e-01,8.81315918e+01
8.62571895e-01,1.00926697e-01,1.38272643e-01,3.54974747e-01,8.97993011e+01
9.10359621e-01,1.06496409e-01,1.45899802e-01,3.73837471e-01,9.13483047e+01
9.59377348e-01,1.05985954e-01,1.45445675e-01,3.90176684e-01,9.29848328e+01
1.00965667e+00,1.11965530e-01,1.53906763e-01,4.07097518e-01,9.48853302e+01
1.06123006e+00,1.22173466e-01,1.68271899e-01,4.38105762e-01,9.68833160e+01
1.11413085e+00,1.33121148e-01,1.83676511e-01,4.75879133e-01,9.94857635e+01
1.16839325e+00,1.45821586e-01,2.01712176e-01,5.23842096e-01,1.01880844e+02
1.22405231e+00,1.60412997e-01,2.22597510e-01,5.82709372e-01,1.04300789e+02
1.28114390e+00,1.84859484e-01,2.57668465e-01,6.78669155e-01,1.06942368e+02
1.33970511e+00,2.14799762e-01,3.00897926e-01,7.89562345e-01,1.10299286e+02
1.39977336e+00,2.05577695e+04,2.87811094e+04,1.92641562e+04,1.30494031e+03
1.46138775e+00,2.50537324e+04,3.50345195e+04,2.12070703e+04,1.37097998e+03
1.52458799e+00,1.56365498e+04,2.18633438e+04,1.33544180e+04,1.01698169e+03
1.58941495e+00,1.44510879e+04,2.02172305e+04,1.28688926e+04,1.18545825e+03
1.65591037e+00,1.42050820e+04,1.98788984e+04,1.29198574e+04,1.29520972e+03
1.72411728e+00,1.41899004e+04,1.98612051e+04,1.30766006e+04,1.38517346e+03
1.79407966e+00,1.42934688e+04,2.00088047e+04,1.32967559e+04,1.46501562e+03
1.86584306e+00,1.45109062e+04,2.03153008e+04,1.35985234e+04,1.54794312e+03
1.93945324e+00,1.48393848e+04,2.07769609e+04,1.39895117e+04,1.63016626e+03
2.01495814e+00,1.52738271e+04,2.13866348e+04,1.44646758e+04,1.71854932e+03
2.09240627e+00,1.57484941e+04,2.20522070e+04,1.49597129e+04,1.79767468e+03
2.17184782e+00,1.61829863e+04,2.26609414e+04,1.53902803e+04,1.85852319e+03
2.25333428e+00,1.62788662e+04,2.27948105e+04,1.54644043e+04,1.86781506e+03
2.33691788e+00,1.58555371e+04,2.22016816e+04,1.50434844e+04,1.82516772e+03
2.42265272e+00,1.51550449e+04,2.12209062e+04,1.43693818e+04,1.75961670e+03
2.51059437e+00,1.44618857e+04,2.02507832e+04,1.37157988e+04,1.70248035e+03
2.60079956e+00,1.43204805e+04,2.00543730e+04,1.36392607e+04,1.73656580e+03
2.69332647e+00,1.51407041e+04,2.12046016e+04,1.44851055e+04,1.86525146e+03
2.78823495e+00,1.61578633e+04,2.26289609e+04,1.54619180e+04,1.99256335e+03
2.88558602e+00,1.71378965e+04,2.40014453e+04,1.64295137e+04,2.13093652e+03
2.98544264e+00,1.81992539e+04,2.54868789e+04,1.74299668e+04,2.25059521e+03
3.08786964e+00,1.77697832e+04,2.48836582e+04,1.69634141e+04,2.19709253e+03
3.19293284e+00,1.65459531e+04,2.31722441e+04,1.58925361e+04,2.12413159e+03
3.30070019e+00,1.58989922e+04,2.22654316e+04,1.52071553e+04,2.00002942e+03
3.41124129e+00,1.32987158e+04,1.86239844e+04,1.27199482e+04,1.74516309e+03
3.52462745e+00,1.32064092e+04,1.84999180e+04,1.28245625e+04,1.83822656e+03
3.64093208e+00,1.69675957e+04,2.37690938e+04,1.64603047e+04,2.25981006e+03
3.76023054e+00,1.90677246e+04,2.67054922e+04,1.82956992e+04,2.41717432e+03
3.88259912e+00,1.87558418e+04,2.62670312e+04,1.79636348e+04,2.41190967e+03
4.00811720e+00,1.94510742e+04,2.72376523e+04,1.85157383e+04,2.46742578e+03
4.13686609e+00,1.76140957e+04,2.46639746e+04,1.67291465e+04,2.28034814e+03
4.26892853e+00,1.53211006e+04,2.14550977e+04,1.45947129e+04,2.04193884e+03
4.40439081e+00,1.34027754e+04,1.87651895e+04,1.26177119e+04,1.76845410e+03
4.54333878e+00,1.13576367e+04,1.59050781e+04,1.08229375e+04,1.65365857e+03
4.68586397e+00,1.32601016e+04,1.85725508e+04,1.27381309e+04,1.90133582e+03
4.83205652e+00,1.61343066e+04,2.25936094e+04,1.53173369e+04,2.13364624e+03
4.98201227e+00,1.59458945e+04,2.23276191e+04,1.50971445e+04,2.16289600e+03
5.13582754e+00,1.56830166e+04,2.19607480e+04,1.49129277e+04,2.22858154e+03
5.29360199e+00,1.49906631e+04,2.09915234e+04,1.42742227e+04,2.18231006e+03
5.45543718e+00,1.28931523e+04,1.80539219e+04,1.22601885e+04,1.93148218e+03
5.62143755e+00,1.07243896e+04,1.50148457e+04,1.01190332e+04,1.68059875e+03
5.79171038e+00,9.62351465e+03,1.34749268e+04,9.13383594e+03,1.62884033e+03
5.96636629e+00,1.09987412e+04,1.54017539e+04,1.04627383e+04,1.78609131e+03
6.14551687e+00,1.23315820e+04,1.72646074e+04,1.16022646e+04,1.89143530e+03
6.32927942e+00,1.28008906e+04,1.79242773e+04,1.21489424e+04,2.04067053e+03
6.51777077e+00,1.44120312e+04,2.01809492e+04,1.37036816e+04,2.24699976e+03
6.71111441e+00,1.31066406e+04,1.83496328e+04,1.23585176e+04,2.04613562e+03
6.90943432e+00,1.01528770e+04,1.42129502e+04,9.54629785e+03,1.71568481e+03
7.11285782e+00,9.97044336e+03,1.39576436e+04,9.37663574e+03,1.68103198e+03
7.32151794e+00,1.08326660e+04,1.51640254e+04,1.01563506e+04,1.72940869e+03
7.53554821e+00,1.08182812e+04,1.51448223e+04,1.01728828e+04,1.73237695e+03
7.75508738e+00,1.05300010e+04,1.47438975e+04,1.00118887e+04,1.77013208e+03
7.98027754e+00,1.03563115e+04,1.45033115e+04,9.96548730e+03,1.81948804e+03
8.21126270e+00,9.97921289e+03,1.39764854e+04,9.66518262e+03,1.81388110e+03
8.44819450e+00,9.72445898e+03,1.36167529e+04,9.33721289e+03,1.77070435e+03
8.69122219e+00,9.52961621e+03,1.33396777e+04,9.05740527e+03,1.73975537e+03
8.94050789e+00,9.02164258e+03,1.26257051e+04,8.58037012e+03,1.70984692e+03
9.19620800e+00,7.94872998e+03,1.11237939e+04,7.76522900e+03,1.69145972e+03
9.45849037e+00,7.06078906e+03,9.88467969e+03,7.36285352e+03,1.73710730e+03
9.72752285e+00,7.52277930e+03,1.05349248e+04,8.31995020e+03,1.89344409e+03
1.00034800e+01,8.44591895e+03,1.18285898e+04,9.78804980e+03,2.08230566e+03
1.02865391e+01,9.16104297e+03,1.28288848e+04,1.12484355e+04,2.24731519e+03
1.05768833e+01,9.85561914e+03,1.38003438e+04,1.29848838e+04,2.39828784e+03
1.08747025e+01,1.02871230e+04,1.44039531e+04,1.46573359e+04,2.49528857e+03
1.11801853e+01,9.61754785e+03,1.34660859e+04,1.53832090e+04,2.47314697e+03
1.14935322e+01,8.04829150e+03,1.12709150e+04,1.55627334e+04,2.38698071e+03
1.18149433e+01,6.40238232e+03,8.97603320e+03,1.63187148e+04,2.32442773e+03
1.21446266e+01,5.94435156e+03,8.35355273e+03,1.80850430e+04,2.35435083e+03
1.24827967e+01,7.91056934e+03,1.11243027e+04,2.13272363e+04,2.57085010e+03
1.28296700e+01,1.10658779e+04,1.55628828e+04,2.46355742e+04,2.78699268e+03
1.31854706e+01,1.31774688e+04,1.85388672e+04,2.65626797e+04,2.86115552e+03
1.35504293e+01,1.35148926e+04,1.90418984e+04,2.70163945e+04,2.85265039e+03
1.39247818e+01,1.41626973e+04,2.00294688e+04,2.75770801e+04,2.82250244e+03
1.43087692e+01,1.53154619e+04,2.17915254e+04,2.83854121e+04,2.76546118e+03
1.47026405e+01,1.80536055e+04,2.57844824e+04,2.90014648e+04,2.75347705e+03
1.51066484e+01,2.25835254e+04,3.22047637e+04,2.97053418e+04,2.70074414e+03
1.55210552e+01,2.83112734e+04,4.01735469e+04,3.08537344e+04,2.74471802e+03
1.59461288e+01,3.26775840e+04,4.61111914e+04,3.06383398e+04,2.72041748e+03
1.63821430e+01,3.56029688e+04,4.99464219e+04,2.99257324e+04,2.74237280e+03
1.68293781e+01,3.68434922e+04,5.14533594e+04,2.90008184e+04,2.74194067e+03
1.72881241e+01,3.52869141e+04,4.91347734e+04,2.71678047e+04,2.64037305e+03
1.77586803e+01,3.40561953e+04,4.73546641e+04,2.61500293e+04,2.71532812e+03
1.82413464e+01,3.41696055e+04,4.74916172e+04,2.68380352e+04,2.69568945e+03
1.87364349e+01,3.49780820e+04,4.86251562e+04,2.76448711e+04,2.72081177e+03
1.92442665e+01,3.19017969e+04,4.43340078e+04,2.53360762e+04,2.50944873e+03
1.97651691e+01,2.89097285e+04,4.02375781e+04,2.33480332e+04,2.41655518e+03
2.02994785e+01,2.70149414e+04,3.76515195e+04,2.20169023e+04,2.50425781e+03
2.08475418e+01,2.64665547e+04,3.69000156e+04,2.19470664e+04,2.50720557e+03
2.14097099e+01,2.54430547e+04,3.54795469e+04,2.12596914e+04,2.32419800e+03
2.19863453e+01,2.34083125e+04,3.26428105e+04,1.96441133e+04,1.99963721e+03
2.25778236e+01,2.11202910e+04,2.94429336e+04,1.71078203e+04,1.48613550e+03
2.31845264e+01,1.86171523e+04,2.59445781e+04,1.46395137e+04,8.78253967e+02
2.38068466e+01,1.81483516e+04,2.53093125e+04,1.36223018e+04,3.66171021e+02
2.44451809e+01,1.16516367e+04,1.61871455e+04,6.18001807e+03,2.20649338e+01
2.50999470e+01,3.21116064e+03,4.40811621e+03,6.86879272e+02,1.27179831e-01
2.57715645e+01,2.68799023e+03,3.67952710e+03,4.64120178e+02,1.25098258e-01
2.64604683e+01,1.86838757e+03,2.55393652e+03,3.00290588e+02,8.07461292e-02
2.71671047e+01,1.35686316e+03,1.85859033e+03,2.34975494e+02,2.19544936e-02
2.78919277e+01,1.00297729e+03,1.36164282e+03,6.79732666e+01,1.00116944e-02
2.86354065e+01,3.15932861e+02,4.22383026e+02,6.01900148e+00,1.65451597e-02
2.93980217e+01,1.84802917e+02,2.48247284e+02,8.21069813e+00,5.03598386e-03
3.01802654e+01,5.04054527e+01,6.71589355e+01,1.14601326e+00,3.41479015e-03
3.09826431e+01,1.30916796e+01,1.71908264e+01,4.58839148e-01,2.00355193e-03
3.18056717e+01,4.75305319e+00,6.22740459e+00,3.22359383e-01,8.38890555e-04
3.26498833e+01,1.26126397e+00,1.64962626e+00,9.30149853e-02,4.99108210e-05
3.35158234e+01,2.13905573e-01,2.75000215e-01,8.34034476e-03,8.73228998e-07
3.44040565e+01,2.05337908e-02,2.56642960e-02,2.02088020e-04,6.56379981e-08
3.53151436e+01,2.23869504e-03,2.74050026e-03,2.88811384e-06,4.02776879e-09
3.62496834e+01,4.68830898e-04,5.65011229e-04,1.92029518e-07,4.87315521e-10
3.72082787e+01,4.41455313e-06,4.94114965e-06,1.60808931e-08,2.65772161e-11
3.81915474e+01,7.95318726e-07,9.20634136e-07,1.29841637e-09,4.50523863e-12
3.92001228e+01,3.71397107e-07,4.36926456e-07,4.52268167e-10,1.22405178e-12
4.02346535e+01,1.01135464e-08,1.17737242e-08,1.60400408e-11,4.94457550e-14
4.12958107e+01,4.12824841e-09,4.70156003e-09,8.43290628e-12,2.90962628e-14
4.23842850e+01,1.85763141e-10,2.12249690e-10,4.21593966e-13,1.34930136e-15
4.35007744e+01,8.96218863e-12,1.03472040e-11,2.06550610e-14,4.56323350e-17
4.46459999e+01,4.47219871e-13,5.24861621e-13,1.02208385e-15,1.82353517e-18
4.58207016e+01,1.92719748e-14,2.27204154e-14,4.04047851e-17,1.03478970e-19
4.70256386e+01,7.21018003e-16,8.56394885e-16,1.55333838e-18,5.18087855e-21
4.82615852e+01,2.13430763e-17,2.56387708e-17,4.89240109e-20,1.76435734e-22
4.95293465e+01,5.24575662e-19,6.31336348e-19,1.48072691e-21,4.10950186e-24
5.08297386e+01,1.01445212e-20,1.21046953e-20,3.34096888e-23,6.73197256e-26
5.21635971e+01,2.01573071e-22,2.52890580e-22,5.66697558e-25,8.06385038e-28
5.35317917e+01,3.34204709e-24,4.41060652e-24,7.27179840e-27,7.63341807e-30
5.49351997e+01,4.23044317e-26,5.72595613e-26,7.44400632e-29,6.29449953e-32
5.63747253e+01,4.38570504e-28,5.85569081e-28,6.84412872e-31,5.47232890e-34
5.78513031e+01,4.27054389e-30,5.15180242e-30,6.33989066e-33,7.05095864e-36
5.93278885e+01,4.31712819e-32,4.21972673e-32,6.23206927e-35,1.18936608e-37
6.08044662e+01,4.90910961e-34,3.46915383e-34,6.62014021e-37,2.21685417e-39
6.22810478e+01,7.29862677e-36,5.28757936e-36,8.37275832e-39,4.48415509e-41
6.37576256e+01,2.02219969e-37,2.17138215e-37,3.50324616e-40,0.00000000e+00
6.52341995e+01,9.71380095e-39,1.41629236e-38,1.96181785e-41,0.00000000e+00
6.67107849e+01,5.04467447e-40,8.36575183e-40,0.00000000e+00,0.00000000e+00
6.81873703e+01,1.12103877e-41,3.50324616e-41,0.00000000e+00,0.00000000e+00
6.96639481e+01,0.00000000e+00,0.00000000e+00,0.00000000e+00,0.00000000e+00
7.11405258e+01,0.00000000e+00,0.00000000e+00,0.00000000e+00,0.00000000e+00
7.26171036e+01,0.00000000e+00,0.00000000e+00,0.00000000e+00,0.00000000e+00
7.40936813e+01,0.00000000e+00,0.00000000e+00,0.00000000e+00,0.00000000e+00
7.55702591e+01,0.00000000e+00,0.00000000e+00,0.00000000e+00,0.00000000e+00
7.70468445e+01,0.00000000e+00,0.00000000e+00,0.00000000e+00,0.00000000e+00
7.85234222e+01,0.00000000e+00,0.00000000e+00,0.00000000e+00,0.00000000e+00
8.00000000e+01,0.00000000e+00,0.00000000e+00,0.00000000e+00,0.00000000e+00
