Height (km), 7_8 um ash conc (g/kg), 15_6 um ash conc (g/kg), 125 um ash conc (g/kg), 1 mm ash conc (g/kg)
0.00000000e+00,0.00000000e+00,0.00000000e+00,0.00000000e+00,0.00000000e+00
3.99999991e-02,3.56229715e-18,4.89105734e-18,7.02765025e-15,8.92656386e-01
7.99999982e-02,3.32114286e-16,4.60331596e-16,2.88036001e-12,2.96821117e+00
1.19999997e-01,1.48777458e-14,2.07305300e-14,7.55205135e-11,7.69656849e+00
1.59999996e-01,5.02924904e-13,7.04164374e-13,5.38148415e-10,1.60024223e+01
2.00000003e-01,6.27558595e-12,8.95330424e-12,4.43015722e-08,1.94468670e+01
2.39999995e-01,6.12676854e-11,8.88843443e-11,2.43861109e-06,3.01557407e+01
2.80000001e-01,9.49800238e-10,1.37413347e-09,4.73446607e-06,3.80586700e+01
3.19999993e-01,6.20905727e-09,9.55331458e-09,6.56345674e-06,4.60539246e+01
3.60000014e-01,4.46666171e-08,6.92312199e-08,5.79520201e-06,5.24158440e+01
4.00000006e-01,1.93279206e-07,3.23318574e-07,3.96098494e-06,6.15892830e+01
4.39999998e-01,7.28181533e-07,1.25942188e-06,9.52113623e-06,6.70075836e+01
4.79999989e-01,1.92088942e-06,3.54799067e-06,8.09645462e-06,7.67299347e+01
5.19999981e-01,4.40203303e-06,8.32961086e-06,6.97984797e-06,8.51937714e+01
5.60000002e-01,9.30814713e-06,1.66147565e-05,5.31422666e-06,9.50253448e+01
6.00000024e-01,1.69215527e-05,2.93979374e-05,7.68211794e-06,1.01356323e+02
6.41029537e-01,3.14634963e-05,5.31903279e-05,6.40924463e-06,1.18696770e+02
6.83115125e-01,4.99130001e-05,8.08058976e-05,8.09549692e-06,1.27393173e+02
7.26283848e-01,8.00614071e-05,1.21966164e-04,1.12343178e-05,1.35283905e+02
7.70563781e-01,1.18365017e-04,1.72593165e-04,1.08617569e-05,1.46722351e+02
8.15983355e-01,1.79773706e-04,2.50766374e-04,1.27969579e-05,1.61745087e+02
8.62571895e-01,2.22332106e-04,2.98663304e-04,1.21150297e-05,1.71887207e+02
9.10359621e-01,2.95877893e-04,3.89171008e-04,1.39935455e-05,1.86295334e+02
9.59377348e-01,3.31454037e-04,4.27036954e-04,1.51173672e-05,2.11286484e+02
1.00965667e+00,3.96415999e-04,5.06215845e-04,1.68296810e-05,2.27398682e+02
1.06123006e+00,4.46575054e-04,5.65816008e-04,1.56989663e-05,2.57666168e+02
1.11413085e+00,4.75900888e-04,6.01962791e-04,1.59005504e-05,2.87950256e+02
1.16839325e+00,4.93466214e-04,6.28586160e-04,1.77438451e-05,3.28006744e+02
1.22405231e+00,5.11288526e-04,6.64900756e-04,1.74141551e-05,3.75023346e+02
1.28114390e+00,6.12489064e-04,8.26813979e-04,1.88015438e-05,4.18144196e+02
1.33970511e+00,7.41958793e-04,1.02584867e-03,2.09227419e-05,4.87514526e+02
1.39977336e+00,2.06511953e+04,2.89118086e+04,1.93308047e+04,1.74130383e+03
1.46138775e+00,2.52852188e+04,3.53582734e+04,2.12889766e+04,1.98606934e+03
1.52458799e+00,1.49680615e+04,2.09267480e+04,1.27311953e+04,1.75790906e+03
1.58941495e+00,1.40901797e+04,1.97111523e+04,1.24991074e+04,1.94610889e+03
1.65591037e+00,1.38049863e+04,1.93165547e+04,1.24397539e+04,2.01373755e+03
1.72411728e+00,1.32822969e+04,1.85865566e+04,1.20270498e+04,2.01249817e+03
1.79407966e+00,1.24008652e+04,1.73536016e+04,1.12484561e+04,1.97898413e+03
1.86584306e+00,1.14432031e+04,1.60144043e+04,1.04217705e+04,1.94517334e+03
1.93945324e+00,1.07821904e+04,1.50911465e+04,9.89999316e+03,1.95459741e+03
2.01495814e+00,1.06147100e+04,1.48592822e+04,9.86316309e+03,2.01461816e+03
2.09240627e+00,1.10350508e+04,1.54510625e+04,1.04176230e+04,2.16112158e+03
2.17184782e+00,1.21615000e+04,1.70320430e+04,1.16765723e+04,2.41112354e+03
2.25333428e+00,1.38623574e+04,1.94172266e+04,1.34954883e+04,2.71557178e+03
2.33691788e+00,1.57077627e+04,2.20041836e+04,1.54355547e+04,3.01459277e+03
2.42265272e+00,1.73358945e+04,2.42855684e+04,1.70998594e+04,3.24521680e+03
2.51059437e+00,1.84315352e+04,2.58196855e+04,1.81634141e+04,3.36875757e+03
2.60079956e+00,1.88997305e+04,2.64736523e+04,1.85345859e+04,3.34366479e+03
2.69332647e+00,1.87251699e+04,2.62262734e+04,1.82098281e+04,3.24781787e+03
2.78823495e+00,1.79336816e+04,2.51146094e+04,1.72644922e+04,3.03776636e+03
2.88558602e+00,1.67837715e+04,2.35014531e+04,1.59898643e+04,2.85583032e+03
2.98544264e+00,1.55163701e+04,2.17244609e+04,1.46383555e+04,2.66705225e+03
3.08786964e+00,1.43783389e+04,2.01295586e+04,1.34646953e+04,2.55163843e+03
3.19293284e+00,1.35513408e+04,1.89711172e+04,1.26395566e+04,2.49333643e+03
3.30070019e+00,1.29511172e+04,1.81307793e+04,1.20639004e+04,2.46499609e+03
3.41124129e+00,1.24840186e+04,1.74771074e+04,1.16327920e+04,2.44136841e+03
3.52462745e+00,1.20765654e+04,1.69070430e+04,1.12678145e+04,2.46244824e+03
3.64093208e+00,1.16399463e+04,1.62963398e+04,1.08864883e+04,2.46099951e+03
3.76023054e+00,1.12168154e+04,1.57047295e+04,1.05278789e+04,2.47643555e+03
3.88259912e+00,1.08900908e+04,1.52482646e+04,1.02690146e+04,2.48803882e+03
4.00811720e+00,1.07211318e+04,1.50128789e+04,1.01696562e+04,2.52203857e+03
4.13686609e+00,1.07620166e+04,1.50714492e+04,1.02773418e+04,2.58959082e+03
4.26892853e+00,1.10505254e+04,1.54767812e+04,1.06241660e+04,2.69372070e+03
4.40439081e+00,1.15693535e+04,1.62045986e+04,1.11931641e+04,2.80705884e+03
4.54333878e+00,1.23005137e+04,1.72297969e+04,1.19716504e+04,2.94130762e+03
4.68586397e+00,1.32769404e+04,1.85984238e+04,1.29895762e+04,3.09914282e+03
4.83205652e+00,1.44107031e+04,2.01872070e+04,1.41566963e+04,3.28709448e+03
4.98201227e+00,1.55761904e+04,2.18201113e+04,1.53444121e+04,3.44438452e+03
5.13582754e+00,1.66149102e+04,2.32749609e+04,1.63841641e+04,3.56067822e+03
5.29360199e+00,1.74215664e+04,2.44042598e+04,1.71661094e+04,3.63768823e+03
5.45543718e+00,1.79536582e+04,2.51485254e+04,1.76464609e+04,3.63179688e+03
5.62143755e+00,1.81519180e+04,2.54247617e+04,1.77672871e+04,3.60562769e+03
5.79171038e+00,1.80610469e+04,2.52958359e+04,1.75849043e+04,3.49766211e+03
5.96636629e+00,1.78693242e+04,2.50255898e+04,1.72928594e+04,3.43972729e+03
6.14551687e+00,1.75014414e+04,2.45085977e+04,1.68273086e+04,3.34259937e+03
6.32927942e+00,1.69419922e+04,2.37237227e+04,1.61966934e+04,3.29463330e+03
6.51777077e+00,1.63914023e+04,2.29515176e+04,1.55908750e+04,3.26632349e+03
6.71111441e+00,1.57289375e+04,2.20231133e+04,1.49026660e+04,3.26740137e+03
6.90943432e+00,1.49765947e+04,2.09698672e+04,1.41855527e+04,3.29879932e+03
7.11285782e+00,1.44412939e+04,2.02204160e+04,1.36865576e+04,3.35899463e+03
7.32151794e+00,1.37996797e+04,1.93221504e+04,1.31065498e+04,3.42358105e+03
7.53554821e+00,1.35247295e+04,1.89395195e+04,1.29760430e+04,3.52420239e+03
7.75508738e+00,1.45121621e+04,2.03238262e+04,1.40218926e+04,3.73270703e+03
7.98027754e+00,1.47806562e+04,2.07011172e+04,1.43798408e+04,3.81399805e+03
8.21126270e+00,1.54394717e+04,2.16256992e+04,1.51476934e+04,3.95508374e+03
8.44819450e+00,1.73945781e+04,2.43630566e+04,1.70909531e+04,4.16545215e+03
8.69122219e+00,1.78910078e+04,2.50572344e+04,1.76737031e+04,4.24390967e+03
8.94050789e+00,1.88960996e+04,2.64664258e+04,1.89329629e+04,4.43342871e+03
9.19620800e+00,2.13066406e+04,2.98417773e+04,2.15565078e+04,4.77109277e+03
9.45849037e+00,2.26923828e+04,3.17803984e+04,2.31545469e+04,4.88558984e+03
9.72752285e+00,2.26379980e+04,3.16961348e+04,2.31217285e+04,4.75188770e+03
1.00034800e+01,1.91270977e+04,2.67776953e+04,2.01335898e+04,4.39217969e+03
1.02865391e+01,1.63202715e+04,2.28500156e+04,1.80497793e+04,4.13384375e+03
1.05768833e+01,1.40620566e+04,1.96894219e+04,1.63716934e+04,3.98810181e+03
1.08747025e+01,1.20443457e+04,1.68684121e+04,1.52754600e+04,3.95039648e+03
1.11801853e+01,1.04196992e+04,1.45989053e+04,1.52757168e+04,3.95377588e+03
1.14935322e+01,9.78018652e+03,1.37109570e+04,1.64055000e+04,4.02207397e+03
1.18149433e+01,9.86569043e+03,1.38344561e+04,1.81711562e+04,4.09074902e+03
1.21446266e+01,1.01767832e+04,1.42672715e+04,2.02691719e+04,4.08429053e+03
1.24827967e+01,1.06241367e+04,1.48993545e+04,2.26221504e+04,4.08979248e+03
1.28296700e+01,1.20199961e+04,1.68688887e+04,2.60207891e+04,4.17461621e+03
1.31854706e+01,1.36876426e+04,1.92401035e+04,2.96863203e+04,4.31582129e+03
1.35504293e+01,1.64046113e+04,2.30980977e+04,3.35877734e+04,4.57070410e+03
1.39247818e+01,1.83626406e+04,2.58978027e+04,3.59330898e+04,4.67814600e+03
1.43087692e+01,2.13022637e+04,3.00779805e+04,3.87813203e+04,4.82224268e+03
1.47026405e+01,2.61741348e+04,3.69313047e+04,4.28231953e+04,5.05632031e+03
1.51066484e+01,2.97879062e+04,4.20469336e+04,4.55634531e+04,5.25414844e+03
1.55210552e+01,3.46705469e+04,4.89275430e+04,4.84388320e+04,5.46479492e+03
1.59461288e+01,3.80882188e+04,5.37493086e+04,4.94982930e+04,5.44361670e+03
1.63821430e+01,4.10814258e+04,5.79982578e+04,4.93978945e+04,5.41911035e+03
1.68293781e+01,4.85279766e+04,6.84651484e+04,5.16249453e+04,5.63642334e+03
1.72881241e+01,5.73620547e+04,8.06597656e+04,5.46217383e+04,5.76825391e+03
1.77586803e+01,6.00783086e+04,8.42682812e+04,5.24637969e+04,5.45722119e+03
1.82413464e+01,5.72674844e+04,8.02105312e+04,4.62776953e+04,4.93956445e+03
1.87364349e+01,5.43707539e+04,7.60390859e+04,4.04657578e+04,4.56367285e+03
1.92442665e+01,5.29726719e+04,7.38514062e+04,3.71141797e+04,4.18872363e+03
1.97651691e+01,5.02452188e+04,6.98762969e+04,3.33340586e+04,3.95512158e+03
2.02994785e+01,4.55820000e+04,6.32851719e+04,3.06437324e+04,4.14256934e+03
2.08475418e+01,4.36142695e+04,6.05742695e+04,3.23567441e+04,4.66073340e+03
2.14097099e+01,4.35669531e+04,6.06091953e+04,3.58042422e+04,4.78272168e+03
2.19863453e+01,4.56691797e+04,6.36673633e+04,3.98873438e+04,4.82153760e+03
2.25778236e+01,4.29015938e+04,5.98955391e+04,3.87876055e+04,4.84989453e+03
2.31845264e+01,3.92087109e+04,5.48017422e+04,3.62468047e+04,4.12776318e+03
2.38068466e+01,3.51761719e+04,4.91916719e+04,3.30884219e+04,3.88329639e+03
2.44451809e+01,3.12719492e+04,4.36924492e+04,2.66293965e+04,2.02200391e+03
2.50999470e+01,2.65105703e+04,3.69644570e+04,1.97385195e+04,1.02669946e+03
2.57715645e+01,2.35154785e+04,3.27786250e+04,1.72941309e+04,6.21811523e+02
2.64604683e+01,1.80388047e+04,2.50578008e+04,1.09132432e+04,1.96052185e+02
2.71671047e+01,9.14473438e+03,1.26665254e+04,4.98841602e+03,8.74133530e+01
2.78919277e+01,6.72098633e+03,9.32414941e+03,3.54891455e+03,2.26179314e+01
2.86354065e+01,3.53833521e+03,4.90133691e+03,1.77697937e+03,5.47933292e+00
2.93980217e+01,2.69630566e+03,3.72913940e+03,1.07947021e+03,1.01298201e+00
3.01802654e+01,6.79671997e+02,9.27404175e+02,7.01561508e+01,2.86748372e-02
3.09826431e+01,1.95545212e+02,2.60316101e+02,3.79775763e+00,3.54457945e-02
3.18056717e+01,4.39648285e+01,5.75501823e+01,2.53978997e-01,1.79748640e-05
3.26498833e+01,1.63343296e+01,2.13980865e+01,3.84275801e-02,1.11593763e-05
3.35158234e+01,4.82516527e+00,6.27695656e+00,9.09399521e-03,1.58511102e-06
3.44040565e+01,3.38562560e+00,4.39784575e+00,7.73004536e-03,7.31052410e-07
3.53151436e+01,1.38334966e+00,1.77504456e+00,2.10718042e-03,3.40406444e-07
3.62496834e+01,6.59283459e-01,8.40808272e-01,1.71906210e-03,1.91165384e-07
3.72082787e+01,5.84879778e-02,7.20627457e-02,1.42797344e-05,2.47048568e-08
3.81915474e+01,5.78575907e-03,7.33214803e-03,3.15375764e-05,1.78941995e-09
3.92001228e+01,1.18106953e-03,1.47773791e-03,3.41675741e-06,6.23912366e-10
4.02346535e+01,1.86426278e-05,2.17645265e-05,1.50724713e-08,4.91249185e-12
4.12958107e+01,5.78995241e-06,6.77025400e-06,1.57438844e-08,3.81710722e-12
4.23842850e+01,1.11824772e-06,1.37326776e-06,8.24420177e-09,5.54595215e-13
4.35007744e+01,1.76961308e-08,2.24153602e-08,4.97892248e-11,5.05172186e-15
4.46459999e+01,9.34581967e-10,1.08353704e-09,6.76106263e-12,6.10698632e-16
4.58207016e+01,2.35374897e-11,2.76364313e-11,1.30642106e-13,1.13452379e-17
4.70256386e+01,5.33902078e-13,6.41237443e-13,4.15637077e-15,4.17530271e-19
4.82615852e+01,9.38697582e-15,1.14315499e-14,7.37643804e-17,1.09819996e-20
4.95293465e+01,1.29571292e-16,1.59472746e-16,1.12874771e-18,1.90847566e-22
5.08297386e+01,1.60541705e-18,1.96882779e-18,1.54500763e-20,2.56756179e-24
5.21635971e+01,4.03882760e-20,4.38775726e-20,1.97751538e-22,2.88428285e-26
5.35317917e+01,8.21454315e-22,8.51600111e-22,2.27330583e-24,2.83719357e-28
5.49351997e+01,1.49617868e-23,1.70409812e-23,2.35763731e-26,2.49401082e-30
5.63747253e+01,2.20740316e-25,2.74667759e-25,2.28450416e-28,2.13165395e-32
5.78513031e+01,2.87530421e-27,3.75951848e-27,2.19225577e-30,1.97099821e-34
5.93278885e+01,3.38084152e-29,4.58869571e-29,2.21121948e-32,2.36930271e-36
6.08044662e+01,3.98174590e-31,5.87980770e-31,2.95119566e-34,5.26089482e-38
6.22810478e+01,1.17608731e-32,1.44811574e-32,6.24668632e-36,2.77316966e-39
6.37576256e+01,2.91011925e-34,4.64301305e-34,5.88281956e-37,1.07899982e-40
6.52341995e+01,3.42201243e-35,3.88606522e-35,2.14566821e-38,0.00000000e+00
6.67107849e+01,1.39906060e-36,2.78837516e-36,2.55036321e-39,0.00000000e+00
6.81873703e+01,2.66026716e-37,3.77179100e-37,1.65353219e-40,0.00000000e+00
6.96639481e+01,1.52923701e-38,3.72871508e-38,7.00649232e-42,0.00000000e+00
7.11405258e+01,1.96462045e-39,3.45139812e-39,0.00000000e+00,0.00000000e+00
7.26171036e+01,9.24856986e-41,2.50832425e-40,0.00000000e+00,0.00000000e+00
7.40936813e+01,0.00000000e+00,1.40129846e-42,0.00000000e+00,0.00000000e+00
7.55702591e+01,0.00000000e+00,0.00000000e+00,0.00000000e+00,0.00000000e+00
7.70468445e+01,0.00000000e+00,0.00000000e+00,0.00000000e+00,0.00000000e+00
7.85234222e+01,0.00000000e+00,0.00000000e+00,0.00000000e+00,0.00000000e+00
8.00000000e+01,0.00000000e+00,0.00000000e+00,0.00000000e+00,0.00000000e+00
