Height (km), 7_8 um ash conc (g/kg), 15_6 um ash conc (g/kg), 125 um ash conc (g/kg), 1 mm ash conc (g/kg)
0.00000000e+00,0.00000000e+00,0.00000000e+00,0.00000000e+00,0.00000000e+00
3.99999991e-02,0.00000000e+00,0.00000000e+00,1.69789957e-35,8.02401960e-01
7.99999982e-02,3.50324616e-41,5.46506401e-41,3.35303122e-32,2.36382866e+00
1.19999997e-01,2.65868358e-38,4.23037993e-38,3.16504017e-29,4.21201611e+00
1.59999996e-01,1.36436582e-35,2.25540833e-35,1.98033947e-26,6.92715359e+00
2.00000003e-01,3.15835349e-33,5.35332323e-33,4.82970938e-24,8.46407223e+00
2.39999995e-01,4.20984870e-31,7.28318338e-31,6.41160294e-22,1.11483288e+01
2.80000001e-01,3.34864599e-29,5.86817192e-29,4.51082461e-20,1.44271431e+01
3.19999993e-01,3.24615145e-27,5.78734360e-27,2.94659477e-18,1.74178047e+01
3.60000014e-01,1.94465984e-25,3.49362632e-25,1.41749256e-16,2.09497452e+01
4.00000006e-01,1.24212744e-23,2.25858482e-23,5.00882642e-15,2.50576477e+01
4.39999998e-01,5.05199196e-22,9.26549420e-22,1.51773193e-13,2.76369438e+01
4.79999989e-01,1.94870343e-20,3.59744629e-20,3.23841084e-12,3.14527054e+01
5.19999981e-01,3.28221700e-19,6.13147474e-19,4.21660172e-11,3.87197800e+01
5.60000002e-01,4.94495932e-18,9.26478682e-18,3.59980573e-10,4.06838264e+01
6.00000024e-01,5.87697532e-17,1.10722241e-16,2.40886266e-09,5.38975105e+01
6.41029537e-01,7.20225392e-16,1.36282551e-15,1.47359351e-08,5.36849899e+01
6.83115125e-01,6.33372444e-15,1.20969552e-14,7.13017982e-08,6.58881912e+01
7.26283848e-01,5.29475755e-14,1.01377172e-13,3.05507115e-07,6.73912659e+01
7.70563781e-01,4.56515847e-13,8.77135278e-13,1.24653093e-06,7.66440125e+01
8.15983355e-01,3.30927386e-12,6.40844712e-12,2.21200980e-06,8.33362122e+01
8.62571895e-01,2.30865899e-11,4.48892243e-11,3.02108492e-06,9.37544708e+01
9.10359621e-01,1.47738544e-10,2.90057978e-10,6.72468150e-06,1.05022194e+02
9.59377348e-01,7.10058567e-10,1.41601553e-09,1.12052985e-05,1.12832405e+02
1.00965667e+00,3.12018145e-09,6.29863184e-09,2.25194308e-05,1.30316147e+02
1.06123006e+00,1.13077370e-08,2.32907666e-08,4.72469619e-05,1.42006241e+02
1.11413085e+00,3.19687672e-08,6.74702889e-08,8.54098835e-05,1.58000671e+02
1.16839325e+00,7.66508919e-08,1.64495219e-07,1.72567539e-04,1.72496475e+02
1.22405231e+00,1.54746971e-07,3.35591693e-07,3.24806198e-04,1.88795090e+02
1.28114390e+00,3.00094257e-07,6.42864165e-07,5.47160045e-04,2.08264679e+02
1.33970511e+00,5.92622541e-07,1.22227891e-06,8.90418596e-04,2.27317749e+02
1.39977336e+00,2.07463945e+04,2.90466777e+04,1.95202578e+04,1.44998389e+03
1.46138775e+00,2.65685469e+04,3.71540039e+04,2.24101777e+04,1.63387842e+03
1.52458799e+00,1.61770088e+04,2.26170996e+04,1.38239102e+04,1.29238110e+03
1.58941495e+00,1.52525820e+04,2.13390898e+04,1.36668320e+04,1.53503711e+03
1.65591037e+00,1.50528574e+04,2.10662148e+04,1.37878965e+04,1.66689868e+03
1.72411728e+00,1.50450098e+04,2.10592695e+04,1.39665576e+04,1.77293970e+03
1.79407966e+00,1.51189941e+04,2.11655801e+04,1.41625820e+04,1.86213916e+03
1.86584306e+00,1.52128848e+04,2.12990234e+04,1.43442930e+04,1.94672412e+03
1.93945324e+00,1.53197891e+04,2.14502422e+04,1.45182520e+04,2.01855762e+03
2.01495814e+00,1.54534629e+04,2.16386719e+04,1.47048887e+04,2.09928491e+03
2.09240627e+00,1.56084473e+04,2.18566875e+04,1.49004541e+04,2.16088135e+03
2.17184782e+00,1.57705273e+04,2.20844102e+04,1.50921641e+04,2.22892725e+03
2.25333428e+00,1.59200732e+04,2.22943906e+04,1.52629062e+04,2.28255615e+03
2.33691788e+00,1.60356367e+04,2.24565664e+04,1.53900781e+04,2.33725000e+03
2.42265272e+00,1.60808848e+04,2.25200430e+04,1.54395176e+04,2.36725342e+03
2.51059437e+00,1.60409570e+04,2.24641211e+04,1.54011699e+04,2.41448828e+03
2.60079956e+00,1.59013486e+04,2.22684922e+04,1.52617266e+04,2.41180005e+03
2.69332647e+00,1.56746973e+04,2.19509922e+04,1.50386211e+04,2.44677979e+03
2.78823495e+00,1.54238184e+04,2.15997285e+04,1.47990645e+04,2.42388232e+03
2.88558602e+00,1.52162832e+04,2.13093594e+04,1.46104326e+04,2.45693506e+03
2.98544264e+00,1.51247568e+04,2.11817031e+04,1.45448232e+04,2.45079443e+03
3.08786964e+00,1.51896250e+04,2.12731562e+04,1.46359141e+04,2.50987109e+03
3.19293284e+00,1.53687637e+04,2.15246367e+04,1.48392891e+04,2.54730640e+03
3.30070019e+00,1.56517090e+04,2.19215312e+04,1.51464121e+04,2.61319189e+03
3.41124129e+00,1.60644619e+04,2.25001211e+04,1.55760186e+04,2.68404761e+03
3.52462745e+00,1.64549707e+04,2.30472969e+04,1.59734004e+04,2.73305078e+03
3.64093208e+00,1.67585254e+04,2.34724648e+04,1.62753242e+04,2.76178735e+03
3.76023054e+00,1.70247812e+04,2.38451797e+04,1.65299062e+04,2.78879395e+03
3.88259912e+00,1.72138672e+04,2.41096797e+04,1.67017383e+04,2.81199097e+03
4.00811720e+00,1.72896797e+04,2.42153086e+04,1.67506484e+04,2.78338428e+03
4.13686609e+00,1.71695781e+04,2.40464219e+04,1.66008672e+04,2.75227466e+03
4.26892853e+00,1.69936328e+04,2.37994023e+04,1.63991992e+04,2.72093506e+03
4.40439081e+00,1.67586562e+04,2.34697305e+04,1.61400986e+04,2.68037842e+03
4.54333878e+00,1.63773398e+04,2.29351504e+04,1.57409727e+04,2.64780273e+03
4.68586397e+00,1.59737900e+04,2.23696875e+04,1.53323125e+04,2.58461768e+03
4.83205652e+00,1.56148809e+04,2.18669883e+04,1.49784326e+04,2.56907397e+03
4.98201227e+00,1.53002559e+04,2.14264688e+04,1.46758457e+04,2.53168311e+03
5.13582754e+00,1.50735098e+04,2.11092422e+04,1.44698242e+04,2.53418677e+03
5.29360199e+00,1.49987705e+04,2.10050312e+04,1.44184756e+04,2.53441016e+03
5.45543718e+00,1.50648135e+04,2.10980312e+04,1.45073535e+04,2.57817700e+03
5.62143755e+00,1.52858340e+04,2.14081445e+04,1.47523027e+04,2.61876416e+03
5.79171038e+00,1.56636406e+04,2.19377656e+04,1.51481162e+04,2.69710352e+03
5.96636629e+00,1.60853037e+04,2.25286074e+04,1.55794385e+04,2.74429395e+03
6.14551687e+00,1.65310430e+04,2.31530312e+04,1.60294746e+04,2.80820117e+03
6.32927942e+00,1.69827852e+04,2.37855938e+04,1.64728398e+04,2.84214355e+03
6.51777077e+00,1.73204883e+04,2.42582148e+04,1.67952168e+04,2.86907910e+03
6.71111441e+00,1.75417617e+04,2.45676172e+04,1.69960195e+04,2.84771191e+03
6.90943432e+00,1.75895195e+04,2.46338613e+04,1.70193047e+04,2.82895508e+03
7.11285782e+00,1.75235039e+04,2.45408125e+04,1.69309414e+04,2.76606226e+03
7.32151794e+00,1.74111953e+04,2.43828594e+04,1.67875312e+04,2.73190674e+03
7.53554821e+00,1.71791992e+04,2.40574688e+04,1.65310391e+04,2.66147046e+03
7.75508738e+00,1.69803457e+04,2.37786406e+04,1.63130410e+04,2.63540430e+03
7.98027754e+00,1.68092480e+04,2.35387793e+04,1.61325859e+04,2.59401807e+03
8.21126270e+00,1.66531797e+04,2.33202656e+04,1.59823730e+04,2.59531665e+03
8.44819450e+00,1.66145938e+04,2.32660664e+04,1.59344375e+04,2.59057007e+03
8.69122219e+00,1.65593008e+04,2.31887539e+04,1.58839219e+04,2.60305957e+03
8.94050789e+00,1.66983203e+04,2.33837812e+04,1.60320625e+04,2.63859375e+03
9.19620800e+00,1.68655703e+04,2.36177852e+04,1.61934629e+04,2.67150708e+03
9.45849037e+00,1.67550000e+04,2.34631445e+04,1.61053574e+04,2.68912695e+03
9.72752285e+00,1.69111641e+04,2.36824609e+04,1.62746904e+04,2.72501758e+03
1.00034800e+01,1.69630234e+04,2.37555898e+04,1.63395742e+04,2.75100439e+03
1.02865391e+01,1.67918340e+04,2.35169512e+04,1.62252021e+04,2.73748193e+03
1.05768833e+01,1.72656758e+04,2.41812656e+04,1.67304688e+04,2.80889941e+03
1.08747025e+01,1.78938730e+04,2.50607852e+04,1.74008438e+04,2.88785620e+03
1.11801853e+01,1.85772617e+04,2.60159355e+04,1.81178770e+04,2.96334131e+03
1.14935322e+01,1.85878594e+04,2.60286816e+04,1.81755840e+04,2.94481128e+03
1.18149433e+01,1.84490488e+04,2.58360859e+04,1.82526250e+04,2.98047217e+03
1.21446266e+01,2.00648203e+04,2.80983223e+04,1.99517578e+04,3.14795947e+03
1.24827967e+01,1.90611641e+04,2.66910840e+04,1.91647812e+04,3.01429834e+03
1.28296700e+01,1.91420547e+04,2.68047188e+04,1.95939961e+04,3.07694092e+03
1.31854706e+01,2.01545703e+04,2.82220117e+04,2.08792266e+04,3.22642505e+03
1.35504293e+01,1.97934844e+04,2.77165742e+04,2.08322402e+04,3.23451221e+03
1.39247818e+01,1.99772578e+04,2.79750801e+04,2.12432422e+04,3.30219678e+03
1.43087692e+01,1.77887266e+04,2.49105098e+04,1.93178008e+04,3.08743262e+03
1.47026405e+01,1.62354951e+04,2.27412969e+04,1.84822578e+04,3.10007178e+03
1.51066484e+01,1.91276348e+04,2.67963125e+04,2.18094297e+04,3.49749976e+03
1.55210552e+01,2.12561387e+04,2.97808613e+04,2.42123867e+04,3.68269434e+03
1.59461288e+01,1.99882168e+04,2.80068574e+04,2.33998887e+04,3.50564404e+03
1.63821430e+01,1.88551465e+04,2.64278750e+04,2.28927363e+04,3.41566357e+03
1.68293781e+01,1.71365547e+04,2.40307383e+04,2.10660781e+04,3.22921313e+03
1.72881241e+01,1.66994375e+04,2.34308242e+04,2.09947363e+04,3.26187012e+03
1.77586803e+01,1.93903125e+04,2.72123359e+04,2.43911758e+04,3.48067041e+03
1.82413464e+01,1.95815156e+04,2.75084570e+04,2.51473047e+04,3.55923486e+03
1.87364349e+01,2.09447285e+04,2.94580332e+04,2.70850449e+04,3.87680273e+03
1.92442665e+01,2.75303945e+04,3.86847578e+04,3.35511094e+04,4.22022266e+03
1.97651691e+01,2.53504062e+04,3.56506875e+04,3.07083613e+04,3.90852881e+03
2.02994785e+01,3.23381680e+04,4.54421797e+04,3.73444492e+04,4.82435352e+03
2.08475418e+01,4.14560234e+04,5.82397344e+04,4.61828438e+04,5.41079150e+03
2.14097099e+01,4.10198750e+04,5.76688242e+04,4.55573750e+04,4.92050000e+03
2.19863453e+01,4.01693398e+04,5.64758633e+04,4.28639219e+04,4.56177734e+03
2.25778236e+01,4.13677109e+04,5.80876523e+04,4.07066094e+04,4.36973682e+03
2.31845264e+01,4.36754922e+04,6.12293594e+04,4.09813672e+04,4.49586719e+03
2.38068466e+01,4.73158672e+04,6.62230312e+04,4.14416172e+04,4.74550684e+03
2.44451809e+01,5.17380352e+04,7.23631641e+04,4.45895938e+04,5.24106445e+03
2.50999470e+01,5.83315000e+04,8.15744766e+04,4.96548984e+04,5.67240234e+03
2.57715645e+01,6.27678320e+04,8.77750000e+04,5.19114141e+04,5.73686816e+03
2.64604683e+01,6.13253906e+04,8.56738594e+04,5.07268438e+04,5.64918066e+03
2.71671047e+01,5.89780000e+04,8.23809062e+04,4.98220586e+04,5.73312207e+03
2.78919277e+01,6.22329648e+04,8.69575625e+04,5.22609453e+04,5.98166016e+03
2.86354065e+01,6.22896797e+04,8.70129688e+04,5.30511289e+04,5.87626318e+03
2.93980217e+01,6.21178203e+04,8.67694453e+04,5.33073594e+04,5.17420166e+03
3.01802654e+01,5.92323633e+04,8.27528281e+04,5.13301875e+04,5.12690234e+03
3.09826431e+01,6.13603203e+04,8.57831875e+04,5.46458125e+04,5.04298486e+03
3.18056717e+01,6.34584609e+04,8.87102891e+04,5.54530859e+04,4.25965234e+03
3.26498833e+01,5.75911445e+04,8.05109141e+04,4.97911094e+04,4.26472607e+03
3.35158234e+01,5.53689766e+04,7.74222578e+04,4.86846719e+04,4.51993848e+03
3.44040565e+01,5.80040391e+04,8.10951094e+04,5.01383828e+04,3.77651807e+03
3.53151436e+01,4.07125547e+04,5.68672109e+04,3.26983906e+04,1.69341577e+03
3.62496834e+01,1.22764277e+04,1.71159688e+04,8.82579004e+03,2.08424820e+02
3.72082787e+01,1.95676196e+03,2.72039453e+03,1.18047156e+03,1.25598466e+00
3.81915474e+01,9.02291565e+02,1.25039734e+03,3.80737701e+02,1.00014694e-01
3.92001228e+01,4.06247009e+02,5.57966064e+02,1.02849792e+02,5.39651215e-02
4.02346535e+01,2.36126129e+02,3.21944794e+02,5.92276077e+01,9.61612165e-03
4.12958107e+01,1.56810303e+02,2.13813110e+02,4.38652306e+01,6.02334179e-03
4.23842850e+01,4.89248810e+01,6.64151306e+01,1.00232944e+01,7.52995722e-04
4.35007744e+01,1.47529001e+01,1.98462982e+01,1.67433333e+00,1.51450792e-03
4.46459999e+01,6.68341494e+00,9.01372719e+00,7.24778950e-01,8.75783007e-06
4.58207016e+01,6.63617325e+00,8.97355270e+00,3.73948775e-02,7.18465708e-06
4.70256386e+01,3.80711985e+00,5.03682709e+00,4.34874743e-03,1.34260745e-06
4.82615852e+01,2.05615830e+00,2.66095114e+00,1.69599324e-03,6.41603265e-07
4.95293465e+01,6.77234769e-01,8.53862584e-01,1.28464264e-04,1.21791260e-07
5.08297386e+01,9.07979384e-02,1.10495761e-01,5.07315281e-06,1.16158159e-08
5.21635971e+01,5.19370101e-03,5.98152587e-03,2.43465274e-06,1.15541932e-09
5.35317917e+01,1.71827225e-04,1.90113118e-04,3.21025198e-07,8.29985178e-11
5.49351997e+01,8.25433963e-05,9.71599511e-05,4.35304024e-08,1.05687369e-11
5.63747253e+01,1.17546242e-05,1.31196002e-05,4.56872762e-09,1.37204516e-12
5.78513031e+01,3.15512949e-08,4.21977546e-08,3.58800573e-10,6.14263042e-15
5.93278885e+01,1.24339898e-08,2.30305233e-08,8.76886931e-12,9.41132484e-16
6.08044662e+01,8.47784204e-11,7.14700382e-11,4.83722871e-13,3.06269544e-17
6.22810478e+01,5.19959562e-11,8.11249540e-11,3.74860597e-14,1.77985792e-17
6.37576256e+01,4.28048249e-13,1.92434325e-13,1.43705588e-15,6.82816270e-20
6.52341995e+01,1.31209944e-13,1.95627748e-13,1.35319707e-16,4.03199916e-20
6.67107849e+01,1.67649578e-15,1.09092836e-15,7.27406352e-17,2.44545795e-22
6.81873703e+01,1.13536190e-16,1.18289435e-16,1.73604945e-18,8.88576647e-23
6.96639481e+01,1.27360734e-16,1.34060460e-16,1.75105786e-19,2.43269833e-24
7.11405258e+01,4.30734658e-18,4.66384199e-18,1.41170973e-20,3.32730042e-25
7.26171036e+01,3.56131291e-19,3.76137223e-19,1.08907839e-21,1.92338032e-26
7.40936813e+01,1.71392227e-20,1.84247421e-20,7.14135961e-23,1.49683449e-27
7.55702591e+01,9.06944775e-22,9.82181961e-22,4.22760104e-24,9.91335545e-29
7.70468445e+01,3.52524868e-23,3.81512824e-23,2.00919816e-25,5.82627738e-30
7.85234222e+01,9.13470656e-25,9.79754693e-25,6.02983243e-27,2.06284424e-31
8.00000000e+01,2.46601571e-26,2.74462212e-26,2.51890885e-28,9.36420032e-33
