Height (km), 7_8 um ash conc (g/kg), 15_6 um ash conc (g/kg), 125 um ash conc (g/kg), 1 mm ash conc (g/kg)
0.00000000e+00,0.00000000e+00,0.00000000e+00,0.00000000e+00,0.00000000e+00
3.99999991e-02,1.22863622e-15,1.61009084e-15,5.94858962e-09,1.97996211e+00
7.99999982e-02,8.38632074e-14,1.07380982e-13,3.56009623e-05,2.27690959e+00
1.19999997e-01,4.71424711e-13,6.03241740e-13,1.13301670e-04,2.22267199e+00
1.59999996e-01,2.17311369e-12,2.74684854e-12,3.21926374e-04,2.35163689e+00
2.00000003e-01,7.06906018e-12,9.09296336e-12,8.21981695e-04,2.41765761e+00
2.39999995e-01,1.67568130e-11,2.26319137e-11,1.93785166e-03,2.58535194e+00
2.80000001e-01,1.19114885e-10,1.71993295e-10,3.67880589e-03,2.67094874e+00
3.19999993e-01,9.76003056e-10,1.50755264e-09,6.31055934e-03,2.75876665e+00
3.60000014e-01,6.91305146e-09,1.11640466e-08,9.45586525e-03,2.90864229e+00
4.00000006e-01,2.54235637e-08,4.26052935e-08,1.20638283e-02,3.10525274e+00
4.39999998e-01,5.34036246e-08,9.29503372e-08,1.37341153e-02,3.08891702e+00
4.79999989e-01,1.20681790e-07,2.12190230e-07,1.52135994e-02,3.37581182e+00
5.19999981e-01,3.57364115e-07,6.43784915e-07,1.50778694e-02,3.65663910e+00
5.60000002e-01,8.95007645e-07,1.64760331e-06,1.55172851e-02,3.78042889e+00
6.00000024e-01,2.32279581e-06,4.42247210e-06,1.62609648e-02,3.75001240e+00
6.41029537e-01,6.87797728e-06,1.29164573e-05,1.74412020e-02,4.26738167e+00
6.83115125e-01,1.75606383e-05,3.28414244e-05,1.87221989e-02,4.49571228e+00
7.26283848e-01,4.93457665e-05,8.90150986e-05,2.17023641e-02,5.01072216e+00
7.70563781e-01,1.57981791e-04,2.70859979e-04,2.60220487e-02,4.71447134e+00
8.15983355e-01,4.73158783e-04,7.77190027e-04,3.08243819e-02,6.23683739e+00
8.62571895e-01,1.28955813e-03,2.03996198e-03,3.64577025e-02,5.26863480e+00
9.10359621e-01,2.89634801e-03,4.42759972e-03,4.53429520e-02,6.95608616e+00
9.59377348e-01,5.04572457e-03,7.55864009e-03,5.42867221e-02,6.07014942e+00
1.00965667e+00,7.94391427e-03,1.19532859e-02,6.51462972e-02,7.28097868e+00
1.06123006e+00,1.27875097e-02,1.96734387e-02,7.94233978e-02,6.85403728e+00
1.11413085e+00,1.96552854e-02,3.00208703e-02,8.92181396e-02,7.81805754e+00
1.16839325e+00,2.72614956e-02,4.05722111e-02,9.26213562e-02,8.13377762e+00
1.22405231e+00,3.47100161e-02,5.02215549e-02,9.84862298e-02,8.02335835e+00
1.28114390e+00,4.06232625e-02,5.76936677e-02,1.07282057e-01,9.25963974e+00
1.33970511e+00,4.46358472e-02,6.27431944e-02,1.14304647e-01,8.93617439e+00
1.39977336e+00,2.01110547e+04,2.81713828e+04,1.99032363e+04,2.06750928e+03
1.46138775e+00,2.44875938e+04,3.42835469e+04,2.30696289e+04,1.91859363e+03
1.52458799e+00,1.52755732e+04,2.13843457e+04,1.43963916e+04,1.27790063e+03
1.58941495e+00,1.39091484e+04,1.94756758e+04,1.33175898e+04,1.31307654e+03
1.65591037e+00,1.26411562e+04,1.77017617e+04,1.21857217e+04,1.27041748e+03
1.72411728e+00,1.16004688e+04,1.62460488e+04,1.12649951e+04,1.25339771e+03
1.79407966e+00,1.13871758e+04,1.59497363e+04,1.11752441e+04,1.34973486e+03
1.86584306e+00,1.23256201e+04,1.72673066e+04,1.22513438e+04,1.61738452e+03
1.93945324e+00,1.44808828e+04,2.02898633e+04,1.45695840e+04,2.07965918e+03
2.01495814e+00,1.75824453e+04,2.46381250e+04,1.78569160e+04,2.66918896e+03
2.09240627e+00,2.04590117e+04,2.86691641e+04,2.08129746e+04,3.07543091e+03
2.17184782e+00,2.14551758e+04,3.00629023e+04,2.17215293e+04,3.07685791e+03
2.25333428e+00,2.06898516e+04,2.89881172e+04,2.08172383e+04,2.82300000e+03
2.33691788e+00,1.90612500e+04,2.67041621e+04,1.90560039e+04,2.47523120e+03
2.42265272e+00,1.71525410e+04,2.40283828e+04,1.70434785e+04,2.12858130e+03
2.51059437e+00,1.53509375e+04,2.15033086e+04,1.51705898e+04,1.83390002e+03
2.60079956e+00,1.38550156e+04,1.94069414e+04,1.36313652e+04,1.62017651e+03
2.69332647e+00,1.27525488e+04,1.78625820e+04,1.25303848e+04,1.50130139e+03
2.78823495e+00,1.22716924e+04,1.71896582e+04,1.20785645e+04,1.48369519e+03
2.88558602e+00,1.25100625e+04,1.75244199e+04,1.23471738e+04,1.56361511e+03
2.98544264e+00,1.28986611e+04,1.80694961e+04,1.27655801e+04,1.66290674e+03
3.08786964e+00,1.32219297e+04,1.85229062e+04,1.31183311e+04,1.75249426e+03
3.19293284e+00,1.34875078e+04,1.88952969e+04,1.34079014e+04,1.82301355e+03
3.30070019e+00,1.34618320e+04,1.88596699e+04,1.34092217e+04,1.86038159e+03
3.41124129e+00,1.32582129e+04,1.85750039e+04,1.32443242e+04,1.88003223e+03
3.52462745e+00,1.30359697e+04,1.82644062e+04,1.30679219e+04,1.90587476e+03
3.64093208e+00,1.29184443e+04,1.81006406e+04,1.30022842e+04,1.94250574e+03
3.76023054e+00,1.30918223e+04,1.83442168e+04,1.32154336e+04,1.99999622e+03
3.88259912e+00,1.35299521e+04,1.89584023e+04,1.36766699e+04,2.07777173e+03
4.00811720e+00,1.43403779e+04,2.00946113e+04,1.45339258e+04,2.23365259e+03
4.13686609e+00,1.58873711e+04,2.22631133e+04,1.61496133e+04,2.50483252e+03
4.26892853e+00,1.80947051e+04,2.53565703e+04,1.84206309e+04,2.85170703e+03
4.40439081e+00,1.99742852e+04,2.79898750e+04,2.03156914e+04,3.09964453e+03
4.54333878e+00,2.07259531e+04,2.90418477e+04,2.10274062e+04,3.14449512e+03
4.68586397e+00,2.07826758e+04,2.91200156e+04,2.10256895e+04,3.07141064e+03
4.83205652e+00,2.02434062e+04,2.83628203e+04,2.03907500e+04,2.88305981e+03
4.98201227e+00,1.90665938e+04,2.67122383e+04,1.90982109e+04,2.60623584e+03
5.13582754e+00,1.75305898e+04,2.45589766e+04,1.74730156e+04,2.32344360e+03
5.29360199e+00,1.62608320e+04,2.27794121e+04,1.61549219e+04,2.12381885e+03
5.45543718e+00,1.54477715e+04,2.16399121e+04,1.53137266e+04,2.00976819e+03
5.62143755e+00,1.47706484e+04,2.06911875e+04,1.46298779e+04,1.93584595e+03
5.79171038e+00,1.42606172e+04,1.99769336e+04,1.41323145e+04,1.89871606e+03
5.96636629e+00,1.40924619e+04,1.97416914e+04,1.39785420e+04,1.90686450e+03
6.14551687e+00,1.39557041e+04,1.95503672e+04,1.38547930e+04,1.91614587e+03
6.32927942e+00,1.35463125e+04,1.89770469e+04,1.34610820e+04,1.88921448e+03
6.51777077e+00,1.29705010e+04,1.81705664e+04,1.29024121e+04,1.84001257e+03
6.71111441e+00,1.23228135e+04,1.72635254e+04,1.22801982e+04,1.78875598e+03
6.90943432e+00,1.17839844e+04,1.65092129e+04,1.17777988e+04,1.76097473e+03
7.11285782e+00,1.14903906e+04,1.60985078e+04,1.15213662e+04,1.76563440e+03
7.32151794e+00,1.13403789e+04,1.58888955e+04,1.14049453e+04,1.78362036e+03
7.53554821e+00,1.12321738e+04,1.57378066e+04,1.13277734e+04,1.80212402e+03
7.75508738e+00,1.12916562e+04,1.58216221e+04,1.14163477e+04,1.83744897e+03
7.98027754e+00,1.18427207e+04,1.65940352e+04,1.19900859e+04,1.92934082e+03
8.21126270e+00,1.27747988e+04,1.78997461e+04,1.29196484e+04,2.04878101e+03
8.44819450e+00,1.36539131e+04,1.91312070e+04,1.37910234e+04,2.15718433e+03
8.69122219e+00,1.49351953e+04,2.09261270e+04,1.50611621e+04,2.31208911e+03
8.94050789e+00,1.62427402e+04,2.27566055e+04,1.62954141e+04,2.41571558e+03
9.19620800e+00,1.54095830e+04,2.15879766e+04,1.53928467e+04,2.25137695e+03
9.45849037e+00,1.41925947e+04,1.98825820e+04,1.41436787e+04,2.07143604e+03
9.72752285e+00,1.34903965e+04,1.88981758e+04,1.33986543e+04,1.95883655e+03
1.00034800e+01,1.16821465e+04,1.63654961e+04,1.16247012e+04,1.77376379e+03
1.02865391e+01,1.13510137e+04,1.59024990e+04,1.13575107e+04,1.80246033e+03
1.05768833e+01,1.24810449e+04,1.74852383e+04,1.24854482e+04,1.96477344e+03
1.08747025e+01,1.30419199e+04,1.82708242e+04,1.30586572e+04,2.06000098e+03
1.11801853e+01,1.32985742e+04,1.86326895e+04,1.34449746e+04,2.19516748e+03
1.14935322e+01,1.50539492e+04,2.10931875e+04,1.52867246e+04,2.47878467e+03
1.18149433e+01,1.43406758e+04,2.00941914e+04,1.46129561e+04,2.38081421e+03
1.21446266e+01,1.25182188e+04,1.75437832e+04,1.29646689e+04,2.22495166e+03
1.24827967e+01,1.66490664e+04,2.33322539e+04,1.72378613e+04,2.80906372e+03
1.28296700e+01,2.09691523e+04,2.93832676e+04,2.15984180e+04,3.30588843e+03
1.31854706e+01,2.20869375e+04,3.09493828e+04,2.28126191e+04,3.37842676e+03
1.35504293e+01,1.90971504e+04,2.67623438e+04,1.99188242e+04,2.89680542e+03
1.39247818e+01,1.36437939e+04,1.91278906e+04,1.46898584e+04,2.21606104e+03
1.43087692e+01,1.12063311e+04,1.57193926e+04,1.24154785e+04,1.90990979e+03
1.47026405e+01,1.03863984e+04,1.45766553e+04,1.16263096e+04,1.79574463e+03
1.51066484e+01,1.08155127e+04,1.51829180e+04,1.19910059e+04,1.81595874e+03
1.55210552e+01,1.19447324e+04,1.67678203e+04,1.29812471e+04,1.88350684e+03
1.59461288e+01,1.40690918e+04,1.97385645e+04,1.48764873e+04,2.08565869e+03
1.63821430e+01,1.74629316e+04,2.44785449e+04,1.81979375e+04,2.44927515e+03
1.68293781e+01,1.90067148e+04,2.66327480e+04,2.00803145e+04,2.62987427e+03
1.72881241e+01,1.94596621e+04,2.72774336e+04,2.10083984e+04,2.69052173e+03
1.77586803e+01,2.10479883e+04,2.95102383e+04,2.23192285e+04,2.86865869e+03
1.82413464e+01,2.17796133e+04,3.05339453e+04,2.28070195e+04,2.81104688e+03
1.87364349e+01,2.20867715e+04,3.09609648e+04,2.27973340e+04,2.73108813e+03
1.92442665e+01,2.52587715e+04,3.54104453e+04,2.63258594e+04,2.96078564e+03
1.97651691e+01,2.86713086e+04,4.01853320e+04,2.80061113e+04,2.96541016e+03
2.02994785e+01,3.11087578e+04,4.35493398e+04,2.91285371e+04,3.13168750e+03
2.08475418e+01,3.32779141e+04,4.65622695e+04,3.03336602e+04,3.11662305e+03
2.14097099e+01,3.17108809e+04,4.43378398e+04,2.77917109e+04,2.80674072e+03
2.19863453e+01,3.15916074e+04,4.41660117e+04,2.76643066e+04,3.16837427e+03
2.25778236e+01,3.17399941e+04,4.43928594e+04,2.89653008e+04,3.62081738e+03
2.31845264e+01,3.27688477e+04,4.58599453e+04,3.12492402e+04,4.25379639e+03
2.38068466e+01,3.57709258e+04,5.00643047e+04,3.40095000e+04,3.79444946e+03
2.44451809e+01,3.40337930e+04,4.76232891e+04,3.17348438e+04,3.07043018e+03
2.50999470e+01,2.97659258e+04,4.16351797e+04,2.66565898e+04,2.03299634e+03
2.57715645e+01,1.88082559e+04,2.62845977e+04,1.56442197e+04,8.57343201e+02
2.64604683e+01,7.78963672e+03,1.08744766e+04,6.02526953e+03,2.67708252e+02
2.71671047e+01,4.21262305e+03,5.88492529e+03,3.50394336e+03,2.53035858e+02
2.78919277e+01,3.51443335e+03,4.91378906e+03,3.08514819e+03,2.09425842e+02
2.86354065e+01,2.67647437e+03,3.74352734e+03,2.38956006e+03,1.49506134e+02
2.93980217e+01,2.83144507e+03,3.96065601e+03,2.52609302e+03,1.28961807e+02
3.01802654e+01,2.57860718e+03,3.60523291e+03,2.19647485e+03,4.97585220e+01
3.09826431e+01,9.25882324e+02,1.28993579e+03,5.84077271e+02,3.99405742e-03
3.18056717e+01,1.42667114e+02,1.97628586e+02,6.09729004e+01,4.43796404e-02
3.26498833e+01,4.18989334e+01,5.79264336e+01,1.63283997e+01,6.98056974e-05
3.35158234e+01,2.55142879e+00,3.45786953e+00,2.35137478e-01,5.79647576e-06
3.44040565e+01,9.46191311e-01,1.28198934e+00,7.61258230e-02,1.26513555e-06
3.53151436e+01,1.85114563e-01,2.49278143e-01,8.95969663e-03,3.34959111e-07
3.62496834e+01,5.65860122e-02,7.63221532e-02,3.69553943e-03,9.02461323e-08
3.72082787e+01,9.01053194e-03,1.20020853e-02,1.53841203e-04,7.44974837e-09
3.81915474e+01,2.22724956e-03,2.92885327e-03,1.16489737e-05,2.50287946e-09
3.92001228e+01,1.97066969e-04,2.53808365e-04,5.66537210e-07,5.41864387e-10
4.02346535e+01,2.03000468e-06,2.56786711e-06,1.13182033e-07,1.37999152e-11
4.12958107e+01,1.97652525e-07,2.52198816e-07,1.91628615e-08,8.59827400e-13
4.23842850e+01,2.16848477e-08,2.88884721e-08,8.51087867e-10,4.75833938e-14
4.35007744e+01,1.41595591e-09,1.89242177e-09,5.65613702e-11,1.70635168e-15
4.46459999e+01,7.92096805e-11,1.06099463e-10,2.31687803e-12,5.99068419e-17
4.58207016e+01,2.36859881e-12,3.17453355e-12,4.83491184e-14,9.93319115e-19
4.70256386e+01,3.60446739e-14,4.82424295e-14,5.42103627e-16,9.04718051e-21
4.82615852e+01,2.69655374e-16,3.61022647e-16,3.45335022e-18,1.18248117e-22
4.95293465e+01,1.06695039e-18,1.39798735e-18,1.21244241e-20,1.83877541e-24
5.08297386e+01,1.27668453e-20,1.95174526e-20,6.86813606e-23,3.56918083e-26
5.21635971e+01,4.60501119e-23,4.67422143e-23,3.34480968e-24,7.61798279e-29
5.35317917e+01,2.63948836e-24,4.01553827e-24,5.95279185e-26,5.18794746e-30
5.49351997e+01,4.32916819e-26,1.85091235e-26,2.23174778e-27,1.64012377e-32
5.63747253e+01,8.55926119e-28,1.09291844e-27,6.61521306e-29,4.61571118e-33
5.78513031e+01,3.25350716e-29,4.17904259e-29,1.87710066e-30,2.25888229e-35
5.93278885e+01,7.57386480e-31,1.05243608e-30,3.82475563e-32,1.75390444e-36
6.08044662e+01,1.60075103e-32,3.27704785e-32,8.91230797e-34,2.05164108e-38
6.22810478e+01,6.03730960e-34,6.84280792e-34,1.90724231e-35,1.06078294e-39
6.37576256e+01,6.57889836e-36,1.98007661e-35,4.52734288e-37,2.66246708e-41
6.52341995e+01,3.21944129e-37,3.48317957e-37,9.22194519e-39,0.00000000e+00
6.67107849e+01,4.10720580e-39,1.36374367e-38,2.10194770e-40,0.00000000e+00
6.81873703e+01,2.08793471e-40,2.05990874e-40,1.40129846e-42,0.00000000e+00
6.96639481e+01,0.00000000e+00,1.40129846e-42,0.00000000e+00,0.00000000e+00
7.11405258e+01,0.00000000e+00,0.00000000e+00,0.00000000e+00,0.00000000e+00
7.26171036e+01,0.00000000e+00,0.00000000e+00,0.00000000e+00,0.00000000e+00
7.40936813e+01,0.00000000e+00,0.00000000e+00,0.00000000e+00,0.00000000e+00
7.55702591e+01,0.00000000e+00,0.00000000e+00,0.00000000e+00,0.00000000e+00
7.70468445e+01,0.00000000e+00,0.00000000e+00,0.00000000e+00,0.00000000e+00
7.85234222e+01,0.00000000e+00,0.00000000e+00,0.00000000e+00,0.00000000e+00
8.00000000e+01,0.00000000e+00,0.00000000e+00,0.00000000e+00,0.00000000e+00
