Height (km), 7_8 um ash conc (g/kg), 15_6 um ash conc (g/kg), 125 um ash conc (g/kg), 1 mm ash conc (g/kg)
0.00000000e+00,0.00000000e+00,0.00000000e+00,0.00000000e+00,0.00000000e+00
3.99999991e-02,1.72803460e-08,2.63431410e-08,1.22787625e-07,6.55931592e-01
7.99999982e-02,3.36621113e-08,5.60315456e-08,8.73059150e-07,2.62992716e+00
1.19999997e-01,5.77547929e-08,9.73856089e-08,1.48717459e-06,6.46481800e+00
1.59999996e-01,9.03474557e-08,1.53537940e-07,3.40393126e-06,1.23868208e+01
2.00000003e-01,1.18855972e-07,2.06892963e-07,7.51652897e-06,1.63679161e+01
2.39999995e-01,1.74425594e-07,3.05860283e-07,1.51793884e-05,2.31640625e+01
2.80000001e-01,2.48739411e-07,4.45445039e-07,2.40297704e-05,2.81674213e+01
3.19999993e-01,3.81769098e-07,6.98998292e-07,3.98797383e-05,3.61639252e+01
3.60000014e-01,5.86973272e-07,1.11170016e-06,6.44703177e-05,4.13443680e+01
4.00000006e-01,9.49079663e-07,1.86246643e-06,9.74707873e-05,5.19257355e+01
4.39999998e-01,1.59077808e-06,3.24118128e-06,1.58787443e-04,5.70088501e+01
4.79999989e-01,2.78316247e-06,5.73410534e-06,2.36319815e-04,6.82025833e+01
5.19999981e-01,6.22864809e-06,1.26328669e-05,3.45754903e-04,7.31526337e+01
5.60000002e-01,1.59783085e-05,3.04245514e-05,4.77957277e-04,8.46860504e+01
6.00000024e-01,6.73738687e-05,1.18358206e-04,6.17747311e-04,8.97949677e+01
6.41029537e-01,1.52034758e-04,2.60708388e-04,7.96381151e-04,1.03128693e+02
6.83115125e-01,2.75616767e-04,4.59223753e-04,8.72909790e-04,1.07902496e+02
7.26283848e-01,4.98388428e-04,8.17189692e-04,1.02405786e-03,1.17737686e+02
7.70563781e-01,7.34278699e-04,1.17996894e-03,1.09294895e-03,1.27452805e+02
8.15983355e-01,1.02314516e-03,1.62888935e-03,1.22057903e-03,1.42389832e+02
8.62571895e-01,1.27173925e-03,1.99749111e-03,1.21615035e-03,1.49488800e+02
9.10359621e-01,1.51314796e-03,2.36281566e-03,1.23270787e-03,1.64334442e+02
9.59377348e-01,1.62582390e-03,2.51505454e-03,1.28047238e-03,1.74559982e+02
1.00965667e+00,1.71579816e-03,2.64660735e-03,1.43083162e-03,1.88917709e+02
1.06123006e+00,1.76621811e-03,2.72157649e-03,1.74455252e-03,2.12653809e+02
1.11413085e+00,1.76595594e-03,2.71126372e-03,1.78355153e-03,2.25061340e+02
1.16839325e+00,1.73138850e-03,2.63745151e-03,1.74630759e-03,2.54460663e+02
1.22405231e+00,1.66494120e-03,2.50768242e-03,1.73961534e-03,2.66691254e+02
1.28114390e+00,1.63937290e-03,2.42857961e-03,1.77745067e-03,3.03641785e+02
1.33970511e+00,1.62974768e-03,2.37308210e-03,1.83875824e-03,3.45345032e+02
1.39977336e+00,2.07052930e+04,2.89891914e+04,1.94885469e+04,1.64835779e+03
1.46138775e+00,2.62587227e+04,3.67208242e+04,2.21782754e+04,1.82524292e+03
1.52458799e+00,1.60070332e+04,2.23796562e+04,1.36728887e+04,1.55354199e+03
1.58941495e+00,1.49597227e+04,2.09289180e+04,1.33713184e+04,1.77982336e+03
1.65591037e+00,1.46901328e+04,2.05579219e+04,1.34108145e+04,1.87918481e+03
1.72411728e+00,1.46203848e+04,2.04640273e+04,1.35194219e+04,1.97709644e+03
1.79407966e+00,1.46185068e+04,2.04639023e+04,1.36352930e+04,2.06650049e+03
1.86584306e+00,1.46518350e+04,2.05123945e+04,1.37534902e+04,2.10602075e+03
1.93945324e+00,1.47178301e+04,2.06062539e+04,1.38850059e+04,2.16744751e+03
2.01495814e+00,1.47969941e+04,2.07182578e+04,1.40154619e+04,2.22045264e+03
2.09240627e+00,1.48776475e+04,2.08321543e+04,1.41386680e+04,2.27666309e+03
2.17184782e+00,1.49891416e+04,2.09891406e+04,1.42860508e+04,2.33312720e+03
2.25333428e+00,1.51549668e+04,2.12221230e+04,1.44819033e+04,2.39544409e+03
2.33691788e+00,1.53637412e+04,2.15151133e+04,1.47129355e+04,2.45838721e+03
2.42265272e+00,1.55767432e+04,2.18138008e+04,1.49383633e+04,2.51499121e+03
2.51059437e+00,1.57496846e+04,2.20561914e+04,1.51170508e+04,2.56572070e+03
2.60079956e+00,1.58355449e+04,2.21764590e+04,1.52028789e+04,2.60100537e+03
2.69332647e+00,1.57810957e+04,2.21000176e+04,1.51419473e+04,2.61130713e+03
2.78823495e+00,1.55843369e+04,2.18242578e+04,1.49423955e+04,2.60513867e+03
2.88558602e+00,1.53188281e+04,2.14523750e+04,1.46811602e+04,2.58895850e+03
2.98544264e+00,1.50407676e+04,2.10630137e+04,1.44107969e+04,2.56915674e+03
3.08786964e+00,1.48946074e+04,2.08587070e+04,1.42834863e+04,2.56846411e+03
3.19293284e+00,1.50702559e+04,2.11053047e+04,1.44777090e+04,2.60139990e+03
3.30070019e+00,1.54111572e+04,2.15831113e+04,1.48241953e+04,2.64762695e+03
3.41124129e+00,1.57855508e+04,2.21076094e+04,1.51971445e+04,2.69203320e+03
3.52462745e+00,1.61511035e+04,2.26195215e+04,1.55545850e+04,2.73028076e+03
3.64093208e+00,1.62802910e+04,2.28001445e+04,1.56705938e+04,2.74073901e+03
3.76023054e+00,1.60845645e+04,2.25257695e+04,1.54731250e+04,2.72361279e+03
3.88259912e+00,1.58089326e+04,2.21398848e+04,1.52139287e+04,2.70697900e+03
4.00811720e+00,1.55896963e+04,2.18328887e+04,1.50014609e+04,2.70355371e+03
4.13686609e+00,1.53582207e+04,2.15088574e+04,1.47828555e+04,2.70057739e+03
4.26892853e+00,1.55345000e+04,2.17563516e+04,1.49801963e+04,2.75531934e+03
4.40439081e+00,1.60816748e+04,2.25230098e+04,1.55243525e+04,2.86097070e+03
4.54333878e+00,1.65941289e+04,2.32406465e+04,1.60206211e+04,2.95664233e+03
4.68586397e+00,1.69894883e+04,2.37937070e+04,1.63778418e+04,3.02982471e+03
4.83205652e+00,1.69888047e+04,2.37917598e+04,1.63357510e+04,3.03782373e+03
4.98201227e+00,1.65569082e+04,2.31862734e+04,1.58905859e+04,3.00559131e+03
5.13582754e+00,1.60266328e+04,2.24435293e+04,1.53680586e+04,2.95724463e+03
5.29360199e+00,1.54999062e+04,2.17056445e+04,1.48431982e+04,2.90715845e+03
5.45543718e+00,1.50301416e+04,2.10479121e+04,1.43925449e+04,2.87276855e+03
5.62143755e+00,1.51633145e+04,2.12350332e+04,1.45442402e+04,2.92262402e+03
5.79171038e+00,1.56580137e+04,2.19281836e+04,1.50364570e+04,3.00236523e+03
5.96636629e+00,1.60752314e+04,2.25124004e+04,1.54386465e+04,3.06022607e+03
6.14551687e+00,1.62566562e+04,2.27658672e+04,1.55916113e+04,3.06735107e+03
6.32927942e+00,1.61042900e+04,2.25519121e+04,1.54267539e+04,3.05170972e+03
6.51777077e+00,1.57828545e+04,2.21017598e+04,1.51230625e+04,3.02226221e+03
6.71111441e+00,1.54981289e+04,2.17032285e+04,1.48604980e+04,3.00014282e+03
6.90943432e+00,1.51318848e+04,2.11904004e+04,1.45099727e+04,2.96398486e+03
7.11285782e+00,1.49276953e+04,2.09046816e+04,1.43229365e+04,2.95967969e+03
7.32151794e+00,1.51726367e+04,2.12483516e+04,1.45913291e+04,3.01331396e+03
7.53554821e+00,1.59038809e+04,2.22733438e+04,1.53382998e+04,3.10018677e+03
7.75508738e+00,1.66688848e+04,2.33439219e+04,1.60438809e+04,3.14802148e+03
7.98027754e+00,1.67885859e+04,2.35102344e+04,1.61181035e+04,3.10827100e+03
8.21126270e+00,1.65858594e+04,2.32263281e+04,1.59441797e+04,3.06461523e+03
8.44819450e+00,1.66571992e+04,2.33261504e+04,1.60288760e+04,3.03997266e+03
8.69122219e+00,1.67237168e+04,2.34181934e+04,1.60727656e+04,3.00449365e+03
8.94050789e+00,1.58024717e+04,2.21279277e+04,1.52271279e+04,2.89044287e+03
9.19620800e+00,1.55387607e+04,2.17593594e+04,1.50511875e+04,2.89049902e+03
9.45849037e+00,1.60340723e+04,2.24535039e+04,1.55930186e+04,2.99306201e+03
9.72752285e+00,1.67961309e+04,2.35210703e+04,1.63806582e+04,3.15783301e+03
1.00034800e+01,1.70921152e+04,2.39357617e+04,1.67102129e+04,3.26550635e+03
1.02865391e+01,1.63701855e+04,2.29261484e+04,1.61277773e+04,3.30684351e+03
1.05768833e+01,1.57016738e+04,2.19898750e+04,1.55708525e+04,3.29496729e+03
1.08747025e+01,1.43387979e+04,2.00818867e+04,1.44465996e+04,3.21950757e+03
1.11801853e+01,1.44319189e+04,2.02173672e+04,1.49975918e+04,3.37956592e+03
1.14935322e+01,1.71991094e+04,2.40936992e+04,1.80618555e+04,3.74735742e+03
1.18149433e+01,1.82476406e+04,2.55603477e+04,1.94868555e+04,3.88077759e+03
1.21446266e+01,1.79544277e+04,2.51533828e+04,2.00982461e+04,3.97607812e+03
1.24827967e+01,1.98315664e+04,2.77833945e+04,2.28320430e+04,4.27728711e+03
1.28296700e+01,2.07306406e+04,2.90390703e+04,2.46098672e+04,4.41488086e+03
1.31854706e+01,1.98409629e+04,2.77930879e+04,2.51618672e+04,4.40525781e+03
1.35504293e+01,1.92163652e+04,2.69238125e+04,2.62589707e+04,4.41516602e+03
1.39247818e+01,2.10735469e+04,2.95261367e+04,2.90126387e+04,4.57669043e+03
1.43087692e+01,2.50876152e+04,3.51454609e+04,3.36566484e+04,4.85888330e+03
1.47026405e+01,2.39918516e+04,3.36132031e+04,3.37194648e+04,4.74512354e+03
1.51066484e+01,2.47684043e+04,3.46972773e+04,3.48281172e+04,4.72745410e+03
1.55210552e+01,2.11871953e+04,2.96855547e+04,3.22516562e+04,4.40724951e+03
1.59461288e+01,1.56117910e+04,2.19098008e+04,2.83682773e+04,4.13443408e+03
1.63821430e+01,1.39616504e+04,1.96543438e+04,2.85528340e+04,4.22526367e+03
1.68293781e+01,1.44881230e+04,2.04781133e+04,3.12064648e+04,4.36454102e+03
1.72881241e+01,1.68504492e+04,2.39119062e+04,3.46117656e+04,4.50804004e+03
1.77586803e+01,2.10900703e+04,2.99406992e+04,3.77488906e+04,4.60958057e+03
1.82413464e+01,2.62329648e+04,3.72562344e+04,4.07915469e+04,4.65293896e+03
1.87364349e+01,3.34310312e+04,4.74067734e+04,4.34934727e+04,4.91528906e+03
1.92442665e+01,4.30790508e+04,6.07754141e+04,4.78612734e+04,5.26590039e+03
1.97651691e+01,4.86838047e+04,6.84075469e+04,4.92140703e+04,4.95921582e+03
2.02994785e+01,4.63778633e+04,6.50670898e+04,4.44412578e+04,4.39808984e+03
2.08475418e+01,4.43352188e+04,6.21074023e+04,3.94059961e+04,4.03155469e+03
2.14097099e+01,4.36842891e+04,6.10868281e+04,3.57088594e+04,3.82264307e+03
2.19863453e+01,4.35737500e+04,6.08082812e+04,3.22187969e+04,3.75439551e+03
2.25778236e+01,4.57740312e+04,6.37975508e+04,3.29465000e+04,4.18125781e+03
2.31845264e+01,4.70832812e+04,6.55284414e+04,3.34284062e+04,3.73548682e+03
2.38068466e+01,4.20646719e+04,5.84785781e+04,3.04770508e+04,3.02925928e+03
2.44451809e+01,3.92665938e+04,5.46449961e+04,3.13546074e+04,3.22975952e+03
2.50999470e+01,3.46285938e+04,4.82363750e+04,2.92574805e+04,3.37295068e+03
2.57715645e+01,2.94751133e+04,4.11342656e+04,2.72208633e+04,3.12843799e+03
2.64604683e+01,2.68809434e+04,3.75582070e+04,2.48269648e+04,2.50955127e+03
2.71671047e+01,2.49718301e+04,3.48973594e+04,2.23428867e+04,1.93825830e+03
2.78919277e+01,1.95140742e+04,2.72426973e+04,1.54077520e+04,9.67495789e+02
2.86354065e+01,9.16358398e+03,1.27452041e+04,5.64387500e+03,2.90782959e+02
2.93980217e+01,3.81648535e+03,5.28054199e+03,1.85976453e+03,5.98808899e+01
3.01802654e+01,2.00606958e+03,2.76522217e+03,4.20511017e+02,3.59014535e+00
3.09826431e+01,1.96062598e+03,2.68143457e+03,2.06102051e+02,1.95114501e-02
3.18056717e+01,1.61836768e+03,2.19783594e+03,1.20070358e+02,2.51274265e-04
3.26498833e+01,1.17783447e+03,1.59357715e+03,7.02642822e+01,7.41873591e-05
3.35158234e+01,9.88956482e+02,1.33942834e+03,4.20456543e+01,5.63079157e-05
3.44040565e+01,8.45531494e+02,1.14049634e+03,2.44360123e+01,5.73815923e-05
3.53151436e+01,4.57625793e+02,6.12494751e+02,6.62623310e+00,3.64126536e-05
3.62496834e+01,1.64263885e+02,2.16110962e+02,6.58836067e-01,2.15106156e-05
3.72082787e+01,7.17079010e+01,9.30275192e+01,2.30163231e-01,1.41229484e-05
3.81915474e+01,2.39560528e+01,3.06429939e+01,2.60852445e-02,4.38412917e-06
3.92001228e+01,5.62927532e+00,7.11094475e+00,4.32487205e-03,1.27986391e-06
4.02346535e+01,1.79987276e+00,2.26616549e+00,8.69711279e-04,4.22449915e-07
4.12958107e+01,6.81272149e-01,8.56607199e-01,2.40073481e-04,2.97141582e-07
4.23842850e+01,1.04911834e-01,1.30899534e-01,4.91334904e-05,1.00698614e-07
4.35007744e+01,1.31134177e-02,1.65836774e-02,2.28345743e-05,3.12585335e-08
4.46459999e+01,4.72168904e-03,6.00711163e-03,1.73728276e-05,1.35295499e-08
4.58207016e+01,1.61806471e-04,2.08965008e-04,1.18127161e-06,6.37922271e-10
4.70256386e+01,4.81507086e-05,5.90595773e-05,1.74719489e-07,8.59554442e-11
4.82615852e+01,6.44035345e-06,7.84160511e-06,2.15688640e-08,1.20783617e-11
4.95293465e+01,9.81053972e-07,1.12207772e-06,2.40371678e-09,1.57994180e-12
5.08297386e+01,3.60620795e-08,4.25197015e-08,1.20503885e-10,6.95700211e-14
5.21635971e+01,1.17916654e-09,1.42099421e-09,4.16194119e-12,1.75694549e-15
5.35317917e+01,1.97407212e-11,2.37833069e-11,8.23783451e-14,2.01552631e-17
5.49351997e+01,7.62412269e-13,8.92699543e-13,3.29873763e-15,1.54021630e-18
5.63747253e+01,2.41816683e-15,2.93005214e-15,4.54556095e-18,2.89005617e-21
5.78513031e+01,3.59651314e-17,4.86179640e-17,5.31420427e-19,2.88540505e-22
5.93278885e+01,2.26835961e-18,2.70352734e-18,1.08440196e-20,6.27238649e-24
6.08044662e+01,1.78791290e-19,2.00176338e-19,2.62692777e-22,1.54536126e-25
6.22810478e+01,1.58362226e-20,1.61788821e-20,1.62452398e-23,1.83335712e-26
6.37576256e+01,5.11608685e-22,6.08820885e-22,7.53472753e-25,1.03150940e-27
6.52341995e+01,4.86175607e-23,4.97738856e-23,4.48131851e-26,5.14498824e-29
6.67107849e+01,2.56990649e-24,2.90068020e-24,2.99299605e-27,4.06486247e-30
6.81873703e+01,1.92577069e-25,1.96376926e-25,2.16349196e-28,2.87941550e-31
6.96639481e+01,1.23811087e-26,1.30700616e-26,1.68611691e-29,2.34533957e-32
7.11405258e+01,8.12710755e-28,8.64735034e-28,1.29967677e-30,1.89737315e-33
7.26171036e+01,5.00771968e-29,5.41886992e-29,9.31923281e-32,1.47091651e-34
7.40936813e+01,2.80171386e-30,3.02356933e-30,6.06513796e-33,1.07075611e-35
7.55702591e+01,1.36048448e-31,1.55447878e-31,3.32364507e-34,6.43498676e-37
7.70468445e+01,5.35715240e-33,6.30127347e-33,1.51010559e-35,3.20799257e-38
7.85234222e+01,1.46024534e-34,1.73542983e-34,4.70380873e-37,9.44475165e-40
8.00000000e+01,1.47373429e-35,1.74188260e-35,5.01146370e-38,0.00000000e+00
