Height (km), 7_8 um ash conc (g/kg), 15_6 um ash conc (g/kg), 125 um ash conc (g/kg), 1 mm ash conc (g/kg)
0.00000000e+00,0.00000000e+00,0.00000000e+00,0.00000000e+00,0.00000000e+00
3.99999991e-02,1.61437943e-04,2.60878238e-04,9.49827489e-03,3.62082434e+00
7.99999982e-02,4.58662049e-04,7.37010501e-04,1.48540121e-02,3.82198787e+00
1.19999997e-01,1.05555111e-03,1.69896858e-03,2.12858208e-02,3.87330079e+00
1.59999996e-01,2.38400139e-03,3.79810249e-03,2.91872919e-02,4.01487637e+00
2.00000003e-01,4.84095700e-03,7.59450858e-03,3.57503667e-02,4.08397436e+00
2.39999995e-01,8.08887929e-03,1.25229657e-02,4.16124314e-02,4.20899534e+00
2.80000001e-01,1.25119714e-02,1.91015825e-02,4.74432185e-02,4.30479145e+00
3.19999993e-01,1.69783141e-02,2.55728792e-02,5.32692969e-02,4.41718245e+00
3.60000014e-01,2.11700182e-02,3.14645842e-02,5.79761751e-02,4.53615665e+00
4.00000006e-01,2.40701810e-02,3.54459099e-02,6.20755851e-02,4.67066717e+00
4.39999998e-01,2.67910268e-02,3.91986147e-02,6.67209402e-02,4.79338694e+00
4.79999989e-01,2.92294715e-02,4.26071659e-02,7.41201937e-02,5.02268553e+00
5.19999981e-01,3.20525877e-02,4.65617515e-02,8.27921107e-02,5.16838503e+00
5.60000002e-01,3.46650742e-02,5.02305776e-02,9.57279727e-02,5.57170725e+00
6.00000024e-01,3.79346982e-02,5.49623147e-02,1.10330537e-01,5.72621489e+00
6.41029537e-01,4.17602845e-02,6.05256185e-02,1.28443480e-01,6.23482275e+00
6.83115125e-01,4.79921065e-02,6.95576593e-02,1.47394449e-01,6.40341711e+00
7.26283848e-01,5.76909184e-02,8.34415555e-02,1.68948859e-01,6.61919403e+00
7.70563781e-01,7.09107518e-02,1.02130204e-01,1.92647234e-01,7.02554083e+00
8.15983355e-01,8.67231116e-02,1.24255747e-01,2.19386056e-01,7.42958879e+00
8.62571895e-01,1.03154257e-01,1.47329077e-01,2.51147896e-01,7.61887169e+00
9.10359621e-01,1.19463086e-01,1.70503318e-01,2.87482589e-01,8.04593086e+00
9.59377348e-01,1.37398839e-01,1.96294531e-01,3.32015038e-01,8.38053894e+00
1.00965667e+00,1.58398509e-01,2.26524800e-01,3.80243719e-01,8.81894112e+00
1.06123006e+00,1.82214066e-01,2.60499001e-01,4.31689471e-01,9.36154556e+00
1.11413085e+00,2.08377182e-01,2.97574431e-01,4.82412934e-01,9.93046761e+00
1.16839325e+00,2.36007795e-01,3.36612463e-01,5.43333828e-01,1.01777649e+01
1.22405231e+00,2.62067080e-01,3.73544067e-01,6.09585881e-01,1.04460707e+01
1.28114390e+00,2.85946190e-01,4.07783568e-01,6.79776907e-01,1.05740681e+01
1.33970511e+00,3.09985161e-01,4.42758441e-01,7.56207943e-01,1.11110973e+01
1.39977336e+00,2.03472539e+04,2.85053008e+04,2.02955801e+04,2.64103052e+03
1.46138775e+00,2.93078906e+04,4.10376641e+04,2.79711777e+04,3.07817480e+03
1.52458799e+00,2.23560117e+04,3.13040156e+04,2.15040039e+04,2.60470850e+03
1.58941495e+00,2.30183594e+04,3.22446230e+04,2.27636699e+04,3.25917261e+03
1.65591037e+00,2.40183984e+04,3.36505469e+04,2.39965293e+04,3.57362402e+03
1.72411728e+00,2.49530508e+04,3.49625938e+04,2.50597227e+04,3.80184814e+03
1.79407966e+00,2.56318398e+04,3.59143828e+04,2.57822891e+04,3.92046143e+03
1.86584306e+00,2.56334141e+04,3.59159219e+04,2.57661055e+04,3.90455371e+03
1.93945324e+00,2.50278242e+04,3.50674141e+04,2.51625469e+04,3.86730078e+03
2.01495814e+00,2.52950020e+04,3.54447227e+04,2.55791113e+04,4.15037744e+03
2.09240627e+00,2.74870781e+04,3.85228984e+04,2.81177109e+04,4.84364600e+03
2.17184782e+00,3.17650957e+04,4.45238750e+04,3.27355020e+04,5.94524316e+03
2.25333428e+00,3.78117031e+04,5.30058086e+04,3.93768086e+04,7.49309619e+03
2.33691788e+00,4.38381016e+04,6.14556250e+04,4.57683984e+04,8.26966016e+03
2.42265272e+00,4.51222188e+04,6.32434531e+04,4.64143828e+04,7.50472656e+03
2.51059437e+00,4.09535312e+04,5.73857461e+04,4.13821797e+04,6.06176562e+03
2.60079956e+00,3.42839375e+04,4.80317539e+04,3.42811484e+04,4.73806689e+03
2.69332647e+00,2.85185469e+04,3.99521055e+04,2.83732695e+04,3.91121558e+03
2.78823495e+00,2.60033301e+04,3.64305664e+04,2.59242734e+04,3.89797070e+03
2.88558602e+00,2.77591211e+04,3.88993594e+04,2.81584023e+04,4.60188037e+03
2.98544264e+00,3.44731016e+04,4.83178867e+04,3.54443633e+04,5.89744824e+03
3.08786964e+00,4.33977812e+04,6.08333125e+04,4.48301211e+04,7.62687109e+03
3.19293284e+00,5.21217188e+04,7.30594688e+04,5.36384375e+04,8.92277734e+03
3.30070019e+00,5.51279648e+04,7.72631094e+04,5.62945781e+04,8.99218945e+03
3.41124129e+00,5.17629844e+04,7.25384375e+04,5.25488594e+04,8.19979492e+03
3.52462745e+00,4.53300742e+04,6.35173867e+04,4.58027031e+04,7.02479199e+03
3.64093208e+00,3.81795938e+04,5.34933672e+04,3.84256250e+04,5.80522266e+03
3.76023054e+00,3.16366738e+04,4.43234766e+04,3.17752109e+04,4.80903613e+03
3.88259912e+00,2.62207441e+04,3.67363438e+04,2.63930430e+04,4.15072363e+03
4.00811720e+00,2.41961680e+04,3.39056055e+04,2.45855156e+04,4.12247363e+03
4.13686609e+00,2.67298555e+04,3.74641875e+04,2.74488945e+04,4.75459473e+03
4.26892853e+00,3.16155547e+04,4.43154648e+04,3.25909609e+04,5.55819434e+03
4.40439081e+00,3.68248125e+04,5.16124258e+04,3.77483750e+04,6.05326709e+03
4.54333878e+00,3.87243242e+04,5.42642969e+04,3.92045312e+04,5.86067871e+03
4.68586397e+00,3.69773594e+04,5.18095234e+04,3.71002930e+04,5.32134570e+03
4.83205652e+00,3.43746172e+04,4.81579648e+04,3.42387539e+04,4.72023438e+03
4.98201227e+00,3.08116094e+04,4.31644688e+04,3.06036367e+04,4.21493799e+03
5.13582754e+00,2.89191602e+04,4.05187344e+04,2.89494883e+04,4.13074219e+03
5.29360199e+00,3.12526992e+04,4.37872148e+04,3.12443945e+04,4.34198242e+03
5.45543718e+00,3.09284980e+04,4.33293711e+04,3.08112188e+04,4.28953320e+03
5.62143755e+00,2.79463750e+04,3.91558320e+04,2.80406992e+04,4.13895020e+03
5.79171038e+00,3.05231562e+04,4.27663086e+04,3.06301250e+04,4.47149609e+03
5.96636629e+00,3.34848906e+04,4.69096836e+04,3.33464414e+04,4.70920459e+03
6.14551687e+00,2.94001484e+04,4.11889102e+04,2.93946270e+04,4.44949805e+03
6.32927942e+00,3.03310625e+04,4.24935938e+04,3.03706074e+04,4.66985449e+03
6.51777077e+00,3.04445762e+04,4.26441953e+04,3.01638945e+04,4.36849512e+03
6.71111441e+00,2.36864941e+04,3.31750508e+04,2.33667598e+04,3.30938525e+03
6.90943432e+00,1.86043359e+04,2.60613242e+04,1.85240898e+04,2.70585278e+03
7.11285782e+00,1.88802324e+04,2.64476758e+04,1.87824922e+04,2.68478735e+03
7.32151794e+00,1.74375293e+04,2.44318770e+04,1.75648086e+04,2.74747876e+03
7.53554821e+00,1.89421406e+04,2.65497461e+04,1.94459238e+04,3.26288867e+03
7.75508738e+00,2.47502578e+04,3.46871094e+04,2.52181289e+04,3.91725684e+03
7.98027754e+00,2.68428574e+04,3.76086406e+04,2.68724141e+04,3.77117822e+03
8.21126270e+00,2.24826562e+04,3.14969316e+04,2.23964844e+04,3.13082178e+03
8.44819450e+00,2.11383848e+04,2.96141035e+04,2.10614902e+04,2.96120410e+03
8.69122219e+00,2.32913867e+04,3.26253750e+04,2.30031367e+04,3.06983838e+03
8.94050789e+00,2.20605488e+04,3.08998320e+04,2.17578008e+04,2.95112378e+03
9.19620800e+00,2.30439004e+04,3.22823984e+04,2.29593027e+04,3.32616260e+03
9.45849037e+00,2.72418789e+04,3.81596133e+04,2.69874043e+04,3.81187378e+03
9.72752285e+00,2.35572383e+04,3.29995391e+04,2.34171328e+04,3.48773804e+03
1.00034800e+01,2.39664609e+04,3.35718984e+04,2.38184863e+04,3.63196875e+03
1.02865391e+01,2.39545566e+04,3.35490508e+04,2.35685156e+04,3.45723804e+03
1.05768833e+01,1.61024404e+04,2.25529297e+04,1.59094541e+04,2.42642676e+03
1.08747025e+01,1.11682480e+04,1.56460430e+04,1.12426143e+04,1.85817944e+03
1.11801853e+01,1.11587861e+04,1.56363740e+04,1.14341201e+04,1.97442468e+03
1.14935322e+01,1.37925791e+04,1.93299219e+04,1.42677197e+04,2.43997485e+03
1.18149433e+01,1.67717246e+04,2.35017266e+04,1.72481953e+04,2.80281494e+03
1.21446266e+01,1.70601016e+04,2.39047715e+04,1.76969336e+04,2.92296948e+03
1.24827967e+01,1.79981797e+04,2.52220254e+04,1.91059961e+04,3.19482275e+03
1.28296700e+01,1.92879551e+04,2.70301562e+04,2.09915156e+04,3.28433545e+03
1.31854706e+01,1.53634014e+04,2.15381367e+04,1.80111816e+04,2.70987134e+03
1.35504293e+01,1.00208027e+04,1.40739600e+04,1.43465596e+04,2.25311572e+03
1.39247818e+01,9.07614551e+03,1.27949580e+04,1.57514951e+04,2.43687793e+03
1.43087692e+01,1.32543525e+04,1.87259258e+04,2.20220957e+04,3.07602441e+03
1.47026405e+01,2.03721523e+04,2.87571211e+04,2.92360176e+04,3.90288037e+03
1.51066484e+01,2.69185996e+04,3.79215078e+04,3.67665430e+04,4.46431348e+03
1.55210552e+01,3.28810977e+04,4.62810078e+04,4.18960625e+04,4.69919922e+03
1.59461288e+01,4.05528516e+04,5.70455234e+04,4.65277344e+04,4.70486914e+03
1.63821430e+01,4.70604883e+04,6.60321094e+04,4.73202500e+04,4.47307227e+03
1.68293781e+01,4.97490547e+04,6.96509531e+04,4.57130977e+04,4.41282031e+03
1.72881241e+01,5.28415156e+04,7.38716094e+04,4.64576797e+04,4.69810889e+03
1.77586803e+01,5.32413516e+04,7.43956094e+04,4.67993750e+04,4.75365332e+03
1.82413464e+01,5.04578672e+04,7.04919844e+04,4.43218984e+04,4.52067969e+03
1.87364349e+01,4.71364141e+04,6.58678594e+04,4.18585234e+04,4.48823242e+03
1.92442665e+01,4.39002500e+04,6.13451172e+04,3.86641641e+04,4.41377637e+03
1.97651691e+01,4.16884570e+04,5.82707422e+04,3.74470469e+04,4.17245801e+03
2.02994785e+01,4.06038750e+04,5.67686094e+04,3.64144922e+04,3.39653149e+03
2.08475418e+01,3.53564922e+04,4.94131250e+04,3.06041309e+04,2.41091943e+03
2.14097099e+01,2.71825820e+04,3.79873516e+04,2.33445859e+04,1.70752441e+03
2.19863453e+01,2.41133516e+04,3.37009297e+04,2.03733125e+04,1.32490234e+03
2.25778236e+01,1.94148555e+04,2.71160273e+04,1.55039980e+04,1.07064893e+03
2.31845264e+01,1.10003398e+04,1.53507480e+04,8.58376562e+03,5.37832764e+02
2.38068466e+01,3.61049219e+03,5.02256348e+03,2.27759351e+03,2.67443085e+01
2.44451809e+01,5.99700562e+02,8.26518311e+02,1.89328278e+02,1.34591019e+00
2.50999470e+01,2.35376221e+02,3.22938782e+02,4.92739220e+01,1.81004316e-01
2.57715645e+01,1.05654953e+02,1.44166306e+02,1.91984787e+01,2.79874988e-02
2.64604683e+01,3.96934471e+01,5.39265022e+01,6.42108917e+00,7.72357639e-03
2.71671047e+01,1.34730835e+01,1.82153969e+01,1.75398493e+00,6.58005592e-04
2.78919277e+01,3.38744450e+00,4.54765797e+00,1.77132130e-01,4.72761121e-06
2.86354065e+01,7.18617558e-01,9.56657410e-01,1.24433357e-02,9.77943728e-07
2.93980217e+01,1.45265564e-01,1.91715300e-01,1.86908350e-03,2.22149581e-07
3.01802654e+01,3.16367522e-02,4.15273719e-02,1.52209686e-04,8.83692977e-08
3.09826431e+01,3.35395685e-03,4.37175669e-03,1.32155765e-05,2.84209971e-08
3.18056717e+01,7.81085400e-04,1.01774430e-03,3.19840638e-06,8.60822524e-09
3.26498833e+01,2.70649442e-04,3.52239847e-04,1.80648124e-06,2.54705301e-09
3.35158234e+01,6.66190463e-05,8.61444423e-05,6.80553796e-07,5.32925315e-10
3.44040565e+01,1.15700232e-05,1.48507488e-05,1.62004554e-07,7.93578675e-11
3.53151436e+01,1.96789506e-06,2.51633446e-06,3.36094175e-08,1.16439688e-11
3.62496834e+01,1.20792180e-07,1.55821255e-07,2.54876098e-09,7.21489762e-13
3.72082787e+01,5.16161691e-09,6.85573953e-09,1.33189515e-10,4.64306802e-14
3.81915474e+01,5.95299865e-10,7.86597898e-10,1.04629682e-11,4.65951893e-15
3.92001228e+01,3.46175484e-11,4.59068408e-11,5.91919634e-13,2.40404229e-16
4.02346535e+01,1.40410199e-12,1.85971572e-12,2.46690756e-14,8.25323592e-18
4.12958107e+01,3.96272946e-14,5.22152512e-14,7.54751249e-16,1.97003144e-19
4.23842850e+01,1.01937302e-15,1.34655919e-15,5.87644038e-18,3.24174930e-21
4.35007744e+01,3.15143819e-18,4.02641868e-18,3.35850787e-19,4.79384209e-23
4.46459999e+01,2.04285746e-19,2.28202484e-19,9.45715433e-22,5.15793695e-25
4.58207016e+01,1.56923877e-21,2.69093203e-21,3.11232164e-23,7.58903989e-27
4.70256386e+01,1.11841772e-23,1.42420033e-23,3.91118815e-25,1.19353755e-28
4.82615852e+01,9.42499702e-26,1.83916005e-25,1.19066798e-26,2.39755031e-30
4.95293465e+01,9.20372357e-28,1.04004916e-27,8.18040188e-29,1.07620850e-32
5.08297386e+01,1.31099902e-29,1.76463105e-29,1.55709762e-30,1.82919422e-34
5.21635971e+01,1.89724036e-30,2.77486670e-30,8.47481410e-32,1.77261090e-35
5.35317917e+01,4.05824070e-33,6.97543417e-33,1.76339801e-33,4.30492901e-38
5.49351997e+01,1.54175433e-33,2.10508483e-33,8.95469269e-35,1.55852415e-38
5.63747253e+01,3.20948199e-36,4.32514264e-36,2.59104301e-37,9.80908925e-42
5.78513031e+01,5.41377604e-37,7.47722995e-37,5.26187573e-38,0.00000000e+00
5.93278885e+01,3.21317738e-39,4.21650708e-39,2.01786979e-40,0.00000000e+00
6.08044662e+01,2.35418142e-40,3.65738899e-40,1.40129846e-41,0.00000000e+00
6.22810478e+01,2.80259693e-42,2.80259693e-42,0.00000000e+00,0.00000000e+00
6.37576256e+01,0.00000000e+00,0.00000000e+00,0.00000000e+00,0.00000000e+00
6.52341995e+01,0.00000000e+00,0.00000000e+00,0.00000000e+00,0.00000000e+00
6.67107849e+01,0.00000000e+00,0.00000000e+00,0.00000000e+00,0.00000000e+00
6.81873703e+01,0.00000000e+00,0.00000000e+00,0.00000000e+00,0.00000000e+00
6.96639481e+01,0.00000000e+00,0.00000000e+00,0.00000000e+00,0.00000000e+00
7.11405258e+01,0.00000000e+00,0.00000000e+00,0.00000000e+00,0.00000000e+00
7.26171036e+01,0.00000000e+00,0.00000000e+00,0.00000000e+00,0.00000000e+00
7.40936813e+01,0.00000000e+00,0.00000000e+00,0.00000000e+00,0.00000000e+00
7.55702591e+01,0.00000000e+00,0.00000000e+00,0.00000000e+00,0.00000000e+00
7.70468445e+01,0.00000000e+00,0.00000000e+00,0.00000000e+00,0.00000000e+00
7.85234222e+01,0.00000000e+00,0.00000000e+00,0.00000000e+00,0.00000000e+00
8.00000000e+01,0.00000000e+00,0.00000000e+00,0.00000000e+00,0.00000000e+00
