Height (km), 7_8 um ash conc (g/kg), 15_6 um ash conc (g/kg), 125 um ash conc (g/kg), 1 mm ash conc (g/kg)
0.00000000e+00,0.00000000e+00,0.00000000e+00,0.00000000e+00,0.00000000e+00
3.99999991e-02,2.28115120e-20,3.91523357e-20,8.16683492e-16,2.05135453e-12
7.99999982e-02,2.79976897e-18,4.90992326e-18,8.49071993e-14,4.50470770e-06
1.19999997e-01,8.45218179e-17,1.50386875e-16,2.38736656e-12,2.07989971e-04
1.59999996e-01,9.75916845e-16,1.75094098e-15,2.49648861e-11,1.01805711e-03
2.00000003e-01,1.62399950e-14,2.92633654e-14,3.27912753e-10,4.70857741e-03
2.39999995e-01,1.78330048e-13,3.23889353e-13,4.28430358e-09,9.62368026e-03
2.80000001e-01,1.80636333e-12,3.29269966e-12,5.11513960e-08,1.82463937e-02
3.19999993e-01,2.00341375e-11,3.65859773e-11,9.11833808e-07,2.90399864e-02
3.60000014e-01,2.14367621e-10,3.92702870e-10,9.05424986e-06,4.69159186e-02
4.00000006e-01,1.99524375e-09,3.67131725e-09,2.95737846e-05,7.20367208e-02
4.39999998e-01,1.81031830e-08,3.34976740e-08,7.25797581e-05,1.22055516e-01
4.79999989e-01,1.14667870e-07,2.13831257e-07,1.42423189e-04,2.80899167e-01
5.19999981e-01,5.70271482e-07,1.07359540e-06,2.71837402e-04,4.57185835e-01
5.60000002e-01,2.14965485e-06,4.01351508e-06,3.52788251e-04,8.66807580e-01
6.00000024e-01,7.31161572e-06,1.32572914e-05,4.70074010e-04,1.22974515e+00
6.41029537e-01,2.01301373e-05,3.52481147e-05,4.59597388e-04,1.97377896e+00
6.83115125e-01,4.33084570e-05,7.32646877e-05,4.33085312e-04,2.54869413e+00
7.26283848e-01,7.59294562e-05,1.24298967e-04,4.00641817e-04,3.42070818e+00
7.70563781e-01,1.14176859e-04,1.81024880e-04,3.44757165e-04,5.25354004e+00
8.15983355e-01,1.40936318e-04,2.17036009e-04,3.10473959e-04,6.19852161e+00
8.62571895e-01,1.59901436e-04,2.40678273e-04,2.71608907e-04,7.77987480e+00
9.10359621e-01,1.55597998e-04,2.31135578e-04,2.44387251e-04,1.00554695e+01
9.59377348e-01,1.48244522e-04,2.20554211e-04,2.23424766e-04,1.25808620e+01
1.00965667e+00,1.35690905e-04,2.01160437e-04,2.08901343e-04,1.54296169e+01
1.06123006e+00,1.22667858e-04,1.82409509e-04,2.01149000e-04,1.89552326e+01
1.11413085e+00,1.20531477e-04,1.79606839e-04,1.93265529e-04,2.25448303e+01
1.16839325e+00,1.13204143e-04,1.67823702e-04,1.84160992e-04,2.65779419e+01
1.22405231e+00,9.82513375e-05,1.45133556e-04,1.75716341e-04,3.01614227e+01
1.28114390e+00,8.68938441e-05,1.28133062e-04,1.66465892e-04,3.34858322e+01
1.33970511e+00,7.80409391e-05,1.15180170e-04,1.59307034e-04,3.69928627e+01
1.39977336e+00,1.48484980e+04,2.07721797e+04,1.45766953e+04,1.54433826e+03
1.46138775e+00,1.22854414e+04,1.71813301e+04,1.17588281e+04,1.14767871e+03
1.52458799e+00,7.28070215e+03,1.01821758e+04,6.98603223e+03,7.20918945e+02
1.58941495e+00,6.20979395e+03,8.68556641e+03,6.01102344e+03,6.77108276e+02
1.65591037e+00,5.78975684e+03,8.09877051e+03,5.63901465e+03,6.71439819e+02
1.72411728e+00,5.59264453e+03,7.82355664e+03,5.47278711e+03,6.77779480e+02
1.79407966e+00,5.49191699e+03,7.68304102e+03,5.39423438e+03,6.88248169e+02
1.86584306e+00,5.44449023e+03,7.61700293e+03,5.36373340e+03,7.01144287e+02
1.93945324e+00,5.42130176e+03,7.58481250e+03,5.35401758e+03,7.14352051e+02
2.01495814e+00,5.41292334e+03,7.57329883e+03,5.35673828e+03,7.26812561e+02
2.09240627e+00,5.41380469e+03,7.57470996e+03,5.36713965e+03,7.39453186e+02
2.17184782e+00,5.42011084e+03,7.58368652e+03,5.38157471e+03,7.50953979e+02
2.25333428e+00,5.43069141e+03,7.59862354e+03,5.39918896e+03,7.62149475e+02
2.33691788e+00,5.44265234e+03,7.61546875e+03,5.41729102e+03,7.73378418e+02
2.42265272e+00,5.45834131e+03,7.63752148e+03,5.43852344e+03,7.85690674e+02
2.51059437e+00,5.47723633e+03,7.66404883e+03,5.46234473e+03,7.97480225e+02
2.60079956e+00,5.49326953e+03,7.68655078e+03,5.48255566e+03,8.07108398e+02
2.69332647e+00,5.50781543e+03,7.70696875e+03,5.50092773e+03,8.21623230e+02
2.78823495e+00,5.52561475e+03,7.73194043e+03,5.52235205e+03,8.29538330e+02
2.88558602e+00,5.54307617e+03,7.75641797e+03,5.54282324e+03,8.46275879e+02
2.98544264e+00,5.56144629e+03,7.78216357e+03,5.56393701e+03,8.53461853e+02
3.08786964e+00,5.58020703e+03,7.80845801e+03,5.58524561e+03,8.66835388e+02
3.19293284e+00,5.59639062e+03,7.83113330e+03,5.60362939e+03,8.75939575e+02
3.30070019e+00,5.61355811e+03,7.85518604e+03,5.62291406e+03,8.87824341e+02
3.41124129e+00,5.63214990e+03,7.88122852e+03,5.64340674e+03,8.95331970e+02
3.52462745e+00,5.64802832e+03,7.90346387e+03,5.66079346e+03,9.10487671e+02
3.64093208e+00,5.66529297e+03,7.92764258e+03,5.67962305e+03,9.14254700e+02
3.76023054e+00,5.68484619e+03,7.95502100e+03,5.70061621e+03,9.29945923e+02
3.88259912e+00,5.70572656e+03,7.98425195e+03,5.72272119e+03,9.37806030e+02
4.00811720e+00,5.72579932e+03,8.01234961e+03,5.74386670e+03,9.49050842e+02
4.13686609e+00,5.74325586e+03,8.03678418e+03,5.76227344e+03,9.54304138e+02
4.26892853e+00,5.76401025e+03,8.06583643e+03,5.78403613e+03,9.62772949e+02
4.40439081e+00,5.78306641e+03,8.09250342e+03,5.80381152e+03,9.65662109e+02
4.54333878e+00,5.80554199e+03,8.12395752e+03,5.82705957e+03,9.67994934e+02
4.68586397e+00,5.82931152e+03,8.15721777e+03,5.85145215e+03,9.71089233e+02
4.83205652e+00,5.85496680e+03,8.19311523e+03,5.87763867e+03,9.71775757e+02
4.98201227e+00,5.88062061e+03,8.22900879e+03,5.90374512e+03,9.70162476e+02
5.13582754e+00,5.90795117e+03,8.26724902e+03,5.93149414e+03,9.70796387e+02
5.29360199e+00,5.93540820e+03,8.30566113e+03,5.95923047e+03,9.67554016e+02
5.45543718e+00,5.95996680e+03,8.34001562e+03,5.98399072e+03,9.72122192e+02
5.62143755e+00,5.98528369e+03,8.37543164e+03,6.00951465e+03,9.62607300e+02
5.79171038e+00,6.00836328e+03,8.40771289e+03,6.03263867e+03,9.71084900e+02
5.96636629e+00,6.03210791e+03,8.44092969e+03,6.05665088e+03,9.60836609e+02
6.14551687e+00,6.05641211e+03,8.47492969e+03,6.08113672e+03,9.70093018e+02
6.32927942e+00,6.08228613e+03,8.51112598e+03,6.10720898e+03,9.69501526e+02
6.51777077e+00,6.10911279e+03,8.54865430e+03,6.13419482e+03,9.79294556e+02
6.71111441e+00,6.13716992e+03,8.58790430e+03,6.16235986e+03,9.92895813e+02
6.90943432e+00,6.16519824e+03,8.62711523e+03,6.19045996e+03,1.00534973e+03
7.11285782e+00,6.19489990e+03,8.66866016e+03,6.22022949e+03,1.02461536e+03
7.32151794e+00,6.22367236e+03,8.70890723e+03,6.24911621e+03,1.05026904e+03
7.53554821e+00,6.25523730e+03,8.75306641e+03,6.28105176e+03,1.07666577e+03
7.75508738e+00,6.29115430e+03,8.80332422e+03,6.31766357e+03,1.10734277e+03
7.98027754e+00,6.33004639e+03,8.85774414e+03,6.35749121e+03,1.13262390e+03
8.21126270e+00,6.37495703e+03,8.92058984e+03,6.40383252e+03,1.15995703e+03
8.44819450e+00,6.42554053e+03,8.99137598e+03,6.45642871e+03,1.17839087e+03
8.69122219e+00,6.48298877e+03,9.07178027e+03,6.51686523e+03,1.19456897e+03
8.94050789e+00,6.54755713e+03,9.16219141e+03,6.58587939e+03,1.20239966e+03
9.19620800e+00,6.62082373e+03,9.26482227e+03,6.66419971e+03,1.20397559e+03
9.45849037e+00,6.70069629e+03,9.37671094e+03,6.75151465e+03,1.20238306e+03
9.72752285e+00,6.78510938e+03,9.49497852e+03,6.85181934e+03,1.20278772e+03
1.00034800e+01,6.87474170e+03,9.62063672e+03,6.97130273e+03,1.20899072e+03
1.02865391e+01,6.97389258e+03,9.75985449e+03,7.11165479e+03,1.21782080e+03
1.05768833e+01,7.08685547e+03,9.91885547e+03,7.24448633e+03,1.23580981e+03
1.08747025e+01,7.20993896e+03,1.00916367e+04,7.34907812e+03,1.26086267e+03
1.11801853e+01,7.32566309e+03,1.02532773e+04,7.45226904e+03,1.29302112e+03
1.14935322e+01,7.44605762e+03,1.04212227e+04,7.56121094e+03,1.33298633e+03
1.18149433e+01,7.58174902e+03,1.06107559e+04,7.69208252e+03,1.37280811e+03
1.21446266e+01,7.72524219e+03,1.08105391e+04,7.83693164e+03,1.41913257e+03
1.24827967e+01,7.87731543e+03,1.10225449e+04,8.04093848e+03,1.45711035e+03
1.28296700e+01,8.03139258e+03,1.12393193e+04,8.28710156e+03,1.49111230e+03
1.31854706e+01,8.22675586e+03,1.15137822e+04,8.57952051e+03,1.52758728e+03
1.35504293e+01,8.42071094e+03,1.17865566e+04,8.86083008e+03,1.57282458e+03
1.39247818e+01,8.64595410e+03,1.21038008e+04,9.19442969e+03,1.62460144e+03
1.43087692e+01,8.94352441e+03,1.25234453e+04,9.63408984e+03,1.67699268e+03
1.47026405e+01,9.30733594e+03,1.30354238e+04,1.01228789e+04,1.72319336e+03
1.51066484e+01,9.70694531e+03,1.35975850e+04,1.05815293e+04,1.76889990e+03
1.55210552e+01,1.01696084e+04,1.42483809e+04,1.09815039e+04,1.82391077e+03
1.59461288e+01,1.06058369e+04,1.48580000e+04,1.13351182e+04,1.89950903e+03
1.63821430e+01,1.11421914e+04,1.56075645e+04,1.20324326e+04,1.96420532e+03
1.68293781e+01,1.19314580e+04,1.67131367e+04,1.30614639e+04,2.03654126e+03
1.72881241e+01,1.27653340e+04,1.78798164e+04,1.39124189e+04,2.09388672e+03
1.77586803e+01,1.34480664e+04,1.88371699e+04,1.44600615e+04,2.14779321e+03
1.82413464e+01,1.39769766e+04,1.95773086e+04,1.49731758e+04,2.20443774e+03
1.87364349e+01,1.47262617e+04,2.06201016e+04,1.59059824e+04,2.29001660e+03
1.92442665e+01,1.48358633e+04,2.07709004e+04,1.61905537e+04,2.35582422e+03
1.97651691e+01,1.57692490e+04,2.20842051e+04,1.73771172e+04,2.51994629e+03
2.02994785e+01,1.74149199e+04,2.43928223e+04,1.88296348e+04,2.61388647e+03
2.08475418e+01,1.90867363e+04,2.67284883e+04,2.03073965e+04,2.74240552e+03
2.14097099e+01,2.27635391e+04,3.18683320e+04,2.35371055e+04,2.95882642e+03
2.19863453e+01,2.48633691e+04,3.47907031e+04,2.48706055e+04,3.00519336e+03
2.25778236e+01,2.55357129e+04,3.57246133e+04,2.55540332e+04,2.98569067e+03
2.31845264e+01,2.64883203e+04,3.70605664e+04,2.61870664e+04,2.94659570e+03
2.38068466e+01,2.72841855e+04,3.81734688e+04,2.66482637e+04,3.07428857e+03
2.44451809e+01,2.70590469e+04,3.78608281e+04,2.58288125e+04,3.06604297e+03
2.50999470e+01,3.02438223e+04,4.22895078e+04,2.80401016e+04,3.18663574e+03
2.57715645e+01,2.96816289e+04,4.14758125e+04,2.69167559e+04,2.87496069e+03
2.64604683e+01,2.86405371e+04,4.00113516e+04,2.60139062e+04,2.82308398e+03
2.71671047e+01,2.74198301e+04,3.83067461e+04,2.49463730e+04,2.48877246e+03
2.78919277e+01,1.99014453e+04,2.78005820e+04,1.79257012e+04,1.67225818e+03
2.86354065e+01,1.96478965e+04,2.74547285e+04,1.79563594e+04,1.76131531e+03
2.93980217e+01,2.15091934e+04,3.00621582e+04,1.98073633e+04,1.95234155e+03
3.01802654e+01,1.77498828e+04,2.48012168e+04,1.59434072e+04,1.31147986e+03
3.09826431e+01,1.17133525e+04,1.63497188e+04,9.86815918e+03,4.81474548e+02
3.18056717e+01,3.67330347e+03,5.11283301e+03,2.56633569e+03,2.81518764e+01
3.26498833e+01,7.65176392e+02,1.05824585e+03,3.20404541e+02,8.72201324e-02
3.35158234e+01,4.64618683e+02,6.42836975e+02,1.99210388e+02,7.59142861e-02
3.44040565e+01,3.20296112e+02,4.43002075e+02,1.33175674e+02,1.45558501e-02
3.53151436e+01,2.01826447e+02,2.79015839e+02,8.35159073e+01,2.77798576e-03
3.62496834e+01,1.04079735e+02,1.43590240e+02,3.82879105e+01,6.99668773e-04
3.72082787e+01,8.51663513e+01,1.17525116e+02,3.10194340e+01,2.48662342e-04
3.81915474e+01,4.75761414e+01,6.54776459e+01,1.25452271e+01,1.37705894e-04
3.92001228e+01,1.44879093e+01,1.98230572e+01,2.59407878e+00,2.98901141e-05
4.02346535e+01,6.26532936e+00,8.56598663e+00,1.38572204e+00,1.54976385e-06
4.12958107e+01,2.25416875e+00,3.06913137e+00,3.47957402e-01,1.39397423e-06
4.23842850e+01,8.12399611e-02,1.04426071e-01,4.42755176e-04,2.21151168e-07
4.35007744e+01,2.63654720e-02,3.46733071e-02,8.10081139e-04,4.42418759e-08
4.46459999e+01,3.77915101e-03,4.93204035e-03,3.31564734e-05,2.54293120e-09
4.58207016e+01,1.96226087e-04,2.52187077e-04,8.54129894e-07,7.70487632e-11
4.70256386e+01,7.83458472e-06,9.82985694e-06,1.82110782e-07,5.45384441e-12
4.82615852e+01,3.89860531e-07,4.94116875e-07,2.47810994e-09,3.54754339e-13
4.95293465e+01,2.12194635e-08,2.68891291e-08,1.58212513e-10,1.66374771e-14
5.08297386e+01,5.45437751e-10,6.71991907e-10,5.43251121e-12,2.73139009e-16
5.21635971e+01,4.00921449e-11,5.08194598e-11,2.76292688e-13,1.76810650e-17
5.35317917e+01,1.36899682e-12,1.73396659e-12,1.03782907e-14,3.02000188e-18
5.49351997e+01,5.18294615e-14,6.57977565e-14,5.31259197e-17,2.50405504e-20
5.63747253e+01,3.36326163e-15,4.49355425e-15,2.80496648e-17,3.99683817e-21
5.78513031e+01,2.51638434e-17,2.65604783e-17,5.17579110e-19,5.74984242e-23
5.93278885e+01,1.48220376e-17,1.78305994e-17,2.35289910e-20,4.19037272e-24
6.08044662e+01,2.30266597e-20,2.19775313e-20,9.01304154e-22,8.47229032e-26
6.22810478e+01,1.67621026e-20,1.82118465e-20,2.21625486e-23,6.36237929e-27
6.37576256e+01,3.76236228e-23,4.53851053e-23,1.34735510e-24,1.30153142e-28
6.52341995e+01,1.61362271e-23,1.74650554e-23,2.55366308e-26,7.32999458e-30
6.67107849e+01,1.05820994e-25,1.88228165e-25,1.57832280e-27,1.21144908e-31
6.81873703e+01,1.85115672e-26,2.07156291e-26,4.00770825e-29,9.30433166e-33
6.96639481e+01,2.09086177e-28,3.29790201e-28,2.23047175e-30,1.45733852e-34
7.11405258e+01,2.35050436e-29,2.62350027e-29,8.11885090e-32,1.24970461e-35
7.26171036e+01,2.56056900e-31,5.14054494e-31,4.15005305e-33,2.40139105e-37
7.40936813e+01,2.99141948e-32,3.43460818e-32,1.61390427e-34,2.73351291e-38
7.55702591e+01,3.25024946e-34,8.41301491e-34,7.70164111e-36,3.37712930e-40
7.70468445e+01,2.77822752e-35,3.23375396e-35,1.89218744e-37,0.00000000e+00
7.85234222e+01,2.93544002e-37,6.55583474e-37,5.64443021e-39,0.00000000e+00
8.00000000e+01,2.13424751e-37,3.24260465e-37,2.16640743e-39,0.00000000e+00
