Height (km), 7_8 um ash conc (g/kg), 15_6 um ash conc (g/kg), 125 um ash conc (g/kg), 1 mm ash conc (g/kg)
0.00000000e+00,0.00000000e+00,0.00000000e+00,0.00000000e+00,0.00000000e+00
3.99999991e-02,1.23534934e-03,2.27028923e-03,8.64181519e-02,1.11165190e+01
7.99999982e-02,2.16569612e-03,3.99811845e-03,1.17637724e-01,1.21702652e+01
1.19999997e-01,3.26920464e-03,6.01663161e-03,1.35919571e-01,1.25047922e+01
1.59999996e-01,5.88908000e-03,1.05526773e-02,1.57776073e-01,1.33636456e+01
2.00000003e-01,8.65062885e-03,1.53113632e-02,1.78256750e-01,1.38621397e+01
2.39999995e-01,1.21230213e-02,2.09206063e-02,1.96505025e-01,1.46010590e+01
2.80000001e-01,1.57832168e-02,2.67178789e-02,2.12646604e-01,1.51826868e+01
3.19999993e-01,1.98316444e-02,3.30596939e-02,2.27993235e-01,1.58912363e+01
3.60000014e-01,2.41187066e-02,3.97138968e-02,2.42850810e-01,1.65957890e+01
4.00000006e-01,2.93874815e-02,4.75660861e-02,2.57550478e-01,1.73816395e+01
4.39999998e-01,3.37090306e-02,5.39861582e-02,2.73355246e-01,1.84737244e+01
4.79999989e-01,3.94998193e-02,6.27645627e-02,2.90809572e-01,1.90119209e+01
5.19999981e-01,4.76908684e-02,7.46509582e-02,3.11387539e-01,2.02566490e+01
5.60000002e-01,5.65681756e-02,8.71521086e-02,3.35080743e-01,2.10487289e+01
6.00000024e-01,6.62299842e-02,1.00571036e-01,3.64075661e-01,2.29244843e+01
6.41029537e-01,7.58171156e-02,1.13390908e-01,3.97692651e-01,2.35212440e+01
6.83115125e-01,8.50377828e-02,1.25242189e-01,4.37874019e-01,2.45718384e+01
7.26283848e-01,9.29130018e-02,1.34515464e-01,4.74744707e-01,2.55716362e+01
7.70563781e-01,9.90157127e-02,1.40870124e-01,5.15842795e-01,2.69659805e+01
8.15983355e-01,1.02751777e-01,1.43654123e-01,5.49686253e-01,2.90060291e+01
8.62571895e-01,1.04226187e-01,1.43401504e-01,5.73786378e-01,2.98815403e+01
9.10359621e-01,1.03840031e-01,1.41067237e-01,5.82238734e-01,3.16772995e+01
9.59377348e-01,1.03818163e-01,1.39625981e-01,5.73764503e-01,3.25322952e+01
1.00965667e+00,1.03337914e-01,1.38034627e-01,5.49305141e-01,3.54951668e+01
1.06123006e+00,1.02477454e-01,1.36700302e-01,5.13695598e-01,3.67097702e+01
1.11413085e+00,1.05289556e-01,1.41298220e-01,4.76413250e-01,3.97925148e+01
1.16839325e+00,1.13583438e-01,1.54534057e-01,4.46951628e-01,4.68312836e+01
1.22405231e+00,1.29850432e-01,1.79801121e-01,4.31381226e-01,4.92054787e+01
1.28114390e+00,1.55668706e-01,2.19044045e-01,4.35433775e-01,5.53740082e+01
1.33970511e+00,2.00857162e-01,2.86221415e-01,4.63277936e-01,5.74967232e+01
1.39977336e+00,2.05277676e+04,2.87392852e+04,1.92420586e+04,1.24518103e+03
1.46138775e+00,2.49084844e+04,3.48344180e+04,2.12509531e+04,1.36938416e+03
1.52458799e+00,1.64686484e+04,2.30280781e+04,1.41103291e+04,1.06393994e+03
1.58941495e+00,1.53100479e+04,2.14199531e+04,1.36741338e+04,1.26613269e+03
1.65591037e+00,1.47992949e+04,2.07115430e+04,1.35110996e+04,1.38340320e+03
1.72411728e+00,1.47007637e+04,2.05792910e+04,1.36951855e+04,1.53937024e+03
1.79407966e+00,1.55282676e+04,2.17440234e+04,1.47780488e+04,1.79980420e+03
1.86584306e+00,1.72884766e+04,2.42138867e+04,1.67157207e+04,2.12396924e+03
1.93945324e+00,1.94058984e+04,2.71821250e+04,1.89226289e+04,2.41278247e+03
2.01495814e+00,2.08851445e+04,2.92524668e+04,2.03004023e+04,2.46044043e+03
2.09240627e+00,2.05193418e+04,2.87347070e+04,1.96681348e+04,2.24843970e+03
2.17184782e+00,1.87340508e+04,2.62302305e+04,1.77118477e+04,1.93851074e+03
2.25333428e+00,1.67387227e+04,2.34344023e+04,1.56906514e+04,1.70362854e+03
2.33691788e+00,1.51399551e+04,2.11955566e+04,1.41336719e+04,1.54606885e+03
2.42265272e+00,1.40571289e+04,1.96798574e+04,1.31107031e+04,1.47610217e+03
2.51059437e+00,1.34354521e+04,1.88110820e+04,1.25940449e+04,1.48197546e+03
2.60079956e+00,1.34574365e+04,1.88444707e+04,1.27351777e+04,1.56442834e+03
2.69332647e+00,1.40032168e+04,1.96112109e+04,1.33754941e+04,1.71804456e+03
2.78823495e+00,1.47288486e+04,2.06295586e+04,1.41856250e+04,1.87427649e+03
2.88558602e+00,1.55243945e+04,2.17449883e+04,1.50295918e+04,2.01673035e+03
2.98544264e+00,1.61242373e+04,2.25857324e+04,1.56662021e+04,2.13935449e+03
3.08786964e+00,1.66236289e+04,2.32861895e+04,1.62290381e+04,2.26548413e+03
3.19293284e+00,1.70816758e+04,2.39287891e+04,1.67504336e+04,2.35863086e+03
3.30070019e+00,1.73687734e+04,2.43314082e+04,1.70746914e+04,2.43009326e+03
3.41124129e+00,1.77594570e+04,2.48787070e+04,1.74759492e+04,2.46185938e+03
3.52462745e+00,1.82502734e+04,2.55659570e+04,1.79538535e+04,2.50362988e+03
3.64093208e+00,1.86149551e+04,2.60760156e+04,1.82769805e+04,2.49969531e+03
3.76023054e+00,1.89246094e+04,2.65087988e+04,1.85317793e+04,2.48525903e+03
3.88259912e+00,1.93212344e+04,2.70629863e+04,1.88436797e+04,2.47653027e+03
4.00811720e+00,1.94759727e+04,2.72776836e+04,1.88839160e+04,2.40799243e+03
4.13686609e+00,1.90306973e+04,2.66522305e+04,1.83531016e+04,2.30490723e+03
4.26892853e+00,1.82968125e+04,2.56230586e+04,1.75628750e+04,2.16870850e+03
4.40439081e+00,1.73641270e+04,2.43158984e+04,1.66008496e+04,2.04931421e+03
4.54333878e+00,1.63548037e+04,2.29021484e+04,1.56010898e+04,1.92183740e+03
4.68586397e+00,1.55121611e+04,2.17224883e+04,1.47946162e+04,1.83455334e+03
4.83205652e+00,1.49350117e+04,2.09150156e+04,1.42651055e+04,1.79218237e+03
4.98201227e+00,1.47867715e+04,2.07080566e+04,1.41467344e+04,1.79147705e+03
5.13582754e+00,1.48507959e+04,2.07980488e+04,1.42226113e+04,1.81305640e+03
5.29360199e+00,1.48645908e+04,2.08175938e+04,1.42517324e+04,1.82284155e+03
5.45543718e+00,1.50649795e+04,2.10984062e+04,1.44585957e+04,1.86578540e+03
5.62143755e+00,1.53156455e+04,2.14494180e+04,1.47069619e+04,1.89978723e+03
5.79171038e+00,1.53622354e+04,2.15148887e+04,1.47735488e+04,1.93058911e+03
5.96636629e+00,1.53620312e+04,2.15152051e+04,1.48109375e+04,1.95848181e+03
6.14551687e+00,1.53210244e+04,2.14583945e+04,1.48118652e+04,1.98552112e+03
6.32927942e+00,1.51991484e+04,2.12884961e+04,1.47448623e+04,1.99924780e+03
6.51777077e+00,1.56539570e+04,2.19267988e+04,1.52533125e+04,2.08842871e+03
6.71111441e+00,1.67430879e+04,2.34526562e+04,1.63456729e+04,2.23701904e+03
6.90943432e+00,1.78597461e+04,2.50168164e+04,1.74590176e+04,2.37290869e+03
7.11285782e+00,1.90519570e+04,2.66855098e+04,1.85765625e+04,2.46765137e+03
7.32151794e+00,1.94038691e+04,2.71763594e+04,1.88435234e+04,2.45236621e+03
7.53554821e+00,1.95538652e+04,2.73852617e+04,1.89444824e+04,2.42080396e+03
7.75508738e+00,1.91942695e+04,2.68808047e+04,1.85432637e+04,2.32115259e+03
7.98027754e+00,1.87306797e+04,2.62310469e+04,1.80370664e+04,2.21129980e+03
8.21126270e+00,1.77098477e+04,2.48004961e+04,1.69896719e+04,2.06007666e+03
8.44819450e+00,1.66938555e+04,2.33799219e+04,1.61065928e+04,1.99459351e+03
8.69122219e+00,1.79231699e+04,2.51025117e+04,1.73283516e+04,2.13976196e+03
8.94050789e+00,1.85753008e+04,2.60109922e+04,1.77629668e+04,2.11804541e+03
9.19620800e+00,1.61917197e+04,2.26745176e+04,1.55828564e+04,1.92405688e+03
9.45849037e+00,1.67813105e+04,2.35018887e+04,1.62459688e+04,2.02422974e+03
9.72752285e+00,1.60527236e+04,2.24783379e+04,1.54619443e+04,1.89185132e+03
1.00034800e+01,1.39364141e+04,1.95218359e+04,1.38064502e+04,1.83319482e+03
1.02865391e+01,1.76929844e+04,2.47870938e+04,1.76727324e+04,2.32350122e+03
1.05768833e+01,2.03800469e+04,2.85403848e+04,1.99455723e+04,2.41984863e+03
1.08747025e+01,1.71379297e+04,2.40042949e+04,1.71625684e+04,2.20715137e+03
1.11801853e+01,2.25007441e+04,3.15212324e+04,2.27368320e+04,2.94583252e+03
1.14935322e+01,2.57058809e+04,3.60007539e+04,2.55296523e+04,3.02563965e+03
1.18149433e+01,1.75437324e+04,2.45624082e+04,1.74637871e+04,1.90374756e+03
1.21446266e+01,1.28402100e+04,1.79786992e+04,1.32009482e+04,1.43023853e+03
1.24827967e+01,1.16565049e+04,1.63265527e+04,1.23547051e+04,1.37339966e+03
1.28296700e+01,8.77261133e+03,1.22955654e+04,9.82908594e+03,1.10354309e+03
1.31854706e+01,6.48599951e+03,9.10475391e+03,7.94766504e+03,9.32214844e+02
1.35504293e+01,8.06691260e+03,1.13233135e+04,9.59005469e+03,1.10312317e+03
1.39247818e+01,1.00080957e+04,1.40417090e+04,1.15405303e+04,1.28673340e+03
1.43087692e+01,1.21639521e+04,1.70629922e+04,1.38038877e+04,1.53914966e+03
1.47026405e+01,1.21884912e+04,1.70966504e+04,1.39074814e+04,1.46079285e+03
1.51066484e+01,9.22558105e+03,1.29458789e+04,1.11095625e+04,1.02543372e+03
1.55210552e+01,8.89450293e+03,1.24824102e+04,1.09883838e+04,9.21450500e+02
1.59461288e+01,1.08560449e+04,1.52358027e+04,1.31108096e+04,1.04939404e+03
1.63821430e+01,9.21450195e+03,1.29580820e+04,1.17267793e+04,8.35044678e+02
1.68293781e+01,6.71684277e+03,9.48039941e+03,9.30925195e+03,5.54872375e+02
1.72881241e+01,7.68522119e+03,1.08504170e+04,9.54230859e+03,5.39457214e+02
1.77586803e+01,1.02353027e+04,1.44249297e+04,1.06727031e+04,6.40306091e+02
1.82413464e+01,1.25673711e+04,1.76791504e+04,1.15682480e+04,7.81853760e+02
1.87364349e+01,1.45869316e+04,2.04794141e+04,1.20047969e+04,8.59763794e+02
1.92442665e+01,1.38618350e+04,1.94271445e+04,9.93645898e+03,6.37512085e+02
1.97651691e+01,1.17295762e+04,1.64101719e+04,7.11432080e+03,4.27063019e+02
2.02994785e+01,1.30855664e+04,1.82650742e+04,7.85938330e+03,5.89778809e+02
2.08475418e+01,1.77517715e+04,2.47519434e+04,1.16993037e+04,9.57413696e+02
2.14097099e+01,2.10723516e+04,2.93471543e+04,1.43458711e+04,1.11182471e+03
2.19863453e+01,2.07096367e+04,2.87972695e+04,1.41585371e+04,1.03823486e+03
2.25778236e+01,1.64170977e+04,2.28116426e+04,1.14000996e+04,8.19135254e+02
2.31845264e+01,1.19627129e+04,1.66242480e+04,7.96311182e+03,4.80585724e+02
2.38068466e+01,9.08133496e+03,1.26204219e+04,5.75791113e+03,2.90525482e+02
2.44451809e+01,6.20099854e+03,8.61452344e+03,4.00706104e+03,1.91077072e+02
2.50999470e+01,3.74020020e+03,5.18421533e+03,2.18408228e+03,9.29487839e+01
2.57715645e+01,2.21063135e+03,3.05319043e+03,1.17062781e+03,4.92763214e+01
2.64604683e+01,1.51210657e+03,2.08734985e+03,8.34439941e+02,3.53418732e+01
2.71671047e+01,9.92036438e+02,1.36740625e+03,5.08147583e+02,1.06658382e+01
2.78919277e+01,4.46212097e+02,6.10222229e+02,1.41232727e+02,2.58540124e-01
2.86354065e+01,1.60141113e+02,2.15135681e+02,1.40655375e+01,1.21388666e-03
2.93980217e+01,8.46427841e+01,1.13656593e+02,8.11868382e+00,7.99449917e-05
3.01802654e+01,5.21854134e+01,7.05403442e+01,4.87916708e+00,2.11521856e-05
3.09826431e+01,3.36387444e+01,4.54617767e+01,2.06868935e+00,1.47276878e-05
3.18056717e+01,1.80605354e+01,2.41867847e+01,9.18398499e-01,8.53990787e-06
3.26498833e+01,5.77236891e+00,7.62617159e+00,1.13120757e-01,3.56872874e-06
3.35158234e+01,1.71214855e+00,2.23228860e+00,1.69993937e-02,1.36253630e-06
3.44040565e+01,4.36237454e-01,5.62132299e-01,5.45701245e-04,4.12868388e-07
3.53151436e+01,6.23444095e-02,7.83308744e-02,4.16531766e-05,1.10471184e-07
3.62496834e+01,1.15040960e-02,1.44380033e-02,1.19140814e-05,2.50464858e-08
3.72082787e+01,5.26223052e-03,6.66247075e-03,3.95868301e-06,6.01938410e-09
3.81915474e+01,6.02799875e-04,7.42594886e-04,6.61697186e-07,1.21674781e-09
3.92001228e+01,2.50384674e-05,2.97423685e-05,8.58872511e-08,1.40012904e-10
4.02346535e+01,3.37815391e-06,4.10670600e-06,1.72512031e-08,2.61767882e-11
4.12958107e+01,3.34183397e-07,4.14514489e-07,2.39975462e-09,4.35091850e-12
4.23842850e+01,2.62211213e-08,3.28973613e-08,2.89627988e-10,5.13361868e-13
4.35007744e+01,2.29178099e-09,3.14281667e-09,2.41230907e-11,3.99926233e-14
4.46459999e+01,3.08221282e-10,4.33815595e-10,1.88635912e-12,2.96330771e-15
4.58207016e+01,4.36073747e-11,6.18077464e-11,1.70170478e-13,4.12696554e-16
4.70256386e+01,4.45119852e-12,6.06302638e-12,1.25470304e-14,3.27421214e-17
4.82615852e+01,1.47528569e-13,1.81291234e-13,8.65685195e-16,8.11243427e-19
4.95293465e+01,6.00548943e-15,7.31981140e-15,8.71947760e-17,2.88240778e-20
5.08297386e+01,2.25800587e-16,2.88864043e-16,2.77642738e-18,1.06980000e-21
5.21635971e+01,5.80533500e-19,9.22367905e-19,6.80264159e-20,9.63553364e-24
5.35317917e+01,1.48586777e-20,1.92556370e-20,4.77409714e-21,5.31996455e-25
5.49351997e+01,3.73190026e-22,5.58958565e-22,2.26417721e-23,1.26348824e-26
5.63747253e+01,4.88334285e-24,7.00825843e-24,2.73973340e-25,2.68528994e-28
5.78513031e+01,9.64736027e-26,1.58327034e-25,4.64587843e-27,2.88806154e-30
5.93278885e+01,6.44190826e-28,7.42413349e-28,2.29704521e-29,1.22072495e-32
6.08044662e+01,1.39573934e-29,2.35261340e-29,7.65863205e-31,2.38124459e-34
6.22810478e+01,3.18048217e-31,3.52679056e-31,1.66969113e-32,1.52374331e-35
6.37576256e+01,7.75709163e-33,1.45142725e-32,1.68064434e-34,1.26492410e-37
6.52341995e+01,2.24873378e-34,2.76127595e-34,8.33249931e-36,7.56000522e-39
6.67107849e+01,1.48939023e-35,2.10492553e-35,3.07827426e-37,3.44719422e-40
6.81873703e+01,5.98374085e-37,7.92785884e-37,1.14948513e-38,0.00000000e+00
6.96639481e+01,2.68292604e-38,3.38077268e-38,4.91855761e-40,0.00000000e+00
7.11405258e+01,1.35085172e-39,2.04169186e-39,1.40129846e-41,0.00000000e+00
7.26171036e+01,4.62428493e-41,6.86636248e-41,0.00000000e+00,0.00000000e+00
7.40936813e+01,0.00000000e+00,0.00000000e+00,0.00000000e+00,0.00000000e+00
7.55702591e+01,0.00000000e+00,0.00000000e+00,0.00000000e+00,0.00000000e+00
7.70468445e+01,0.00000000e+00,0.00000000e+00,0.00000000e+00,0.00000000e+00
7.85234222e+01,0.00000000e+00,0.00000000e+00,0.00000000e+00,0.00000000e+00
8.00000000e+01,0.00000000e+00,0.00000000e+00,0.00000000e+00,0.00000000e+00
