Height (km), 7_8 um ash conc (g/kg), 15_6 um ash conc (g/kg), 125 um ash conc (g/kg), 1 mm ash conc (g/kg)
0.00000000e+00,0.00000000e+00,0.00000000e+00,0.00000000e+00,0.00000000e+00
3.99999991e-02,5.70386445e-18,2.02451446e-17,6.04661720e-12,2.05798931e+01
7.99999982e-02,6.07656354e-16,2.12411744e-15,1.52298965e-10,3.02454052e+01
1.19999997e-01,2.16781210e-14,7.53112443e-14,1.55742641e-09,3.83885574e+01
1.59999996e-01,3.55087379e-13,1.23073752e-12,8.29032665e-09,4.75777702e+01
2.00000003e-01,5.90523897e-12,2.02483377e-11,2.89175937e-08,5.08913651e+01
2.39999995e-01,7.43802658e-11,2.55641786e-10,8.24487429e-08,5.95332184e+01
2.80000001e-01,7.72633457e-10,2.66796651e-09,1.79671488e-07,6.43470306e+01
3.19999993e-01,9.03583341e-09,3.17586846e-08,3.64152186e-07,7.22704544e+01
3.60000014e-01,9.87808519e-08,3.60653246e-07,5.20612275e-06,7.71647186e+01
4.00000006e-01,7.07012305e-07,2.64582468e-06,2.58277742e-05,8.67620010e+01
4.39999998e-01,5.59933414e-06,1.78749488e-05,2.93734101e-05,9.05788879e+01
4.79999989e-01,2.53396647e-05,6.98219592e-05,1.04409650e-04,1.01839325e+02
5.19999981e-01,8.48376367e-05,2.03059637e-04,1.00713689e-04,1.05804657e+02
5.60000002e-01,2.02109994e-04,4.27378167e-04,4.15324932e-04,1.19126839e+02
6.00000024e-01,4.36365866e-04,8.17345746e-04,4.34221729e-04,1.23098732e+02
6.41029537e-01,7.03824626e-04,1.16562762e-03,1.70061644e-03,1.37644714e+02
6.83115125e-01,9.38499288e-04,1.41934364e-03,1.83233642e-03,1.41063217e+02
7.26283848e-01,1.08713331e-03,1.55261101e-03,4.47728205e-03,1.51538620e+02
7.70563781e-01,1.19799282e-03,1.67486467e-03,6.56441087e-03,1.60181961e+02
8.15983355e-01,1.20879884e-03,1.71295402e-03,1.91685278e-02,1.73610886e+02
8.62571895e-01,1.26155082e-03,1.79253414e-03,2.12035514e-02,1.79358231e+02
9.10359621e-01,1.14493712e-03,1.64619985e-03,5.96007183e-02,1.93188324e+02
9.59377348e-01,1.06036942e-03,1.53473811e-03,9.20377225e-02,2.02179535e+02
1.00965667e+00,8.66607646e-04,1.22564961e-03,2.07145244e-01,2.15550873e+02
1.06123006e+00,6.52252580e-04,9.11582727e-04,5.07432163e-01,2.30670532e+02
1.11413085e+00,4.71223553e-04,6.57801167e-04,1.07520628e+00,2.44134384e+02
1.16839325e+00,3.83657578e-04,5.42015478e-04,2.08233881e+00,2.58506012e+02
1.22405231e+00,3.36013327e-04,4.73328168e-04,3.51321650e+00,2.72265320e+02
1.28114390e+00,3.05448222e-04,4.28064639e-04,5.41841221e+00,2.91619812e+02
1.33970511e+00,2.60002882e-04,3.62822320e-04,6.65559578e+00,3.11249298e+02
1.39977336e+00,2.12527773e+04,2.97352285e+04,1.85592617e+04,8.28137756e+02
1.46138775e+00,2.63486523e+04,3.67946562e+04,1.94053008e+04,1.05267053e+03
1.52458799e+00,1.57215195e+04,2.19446719e+04,1.18519277e+04,1.04338843e+03
1.58941495e+00,1.44674268e+04,2.02151484e+04,1.17258564e+04,1.24690894e+03
1.65591037e+00,1.41468281e+04,1.97773281e+04,1.18825693e+04,1.35029492e+03
1.72411728e+00,1.40751035e+04,1.96832773e+04,1.20799492e+04,1.42923743e+03
1.79407966e+00,1.41035615e+04,1.97273477e+04,1.22828379e+04,1.49250623e+03
1.86584306e+00,1.41777178e+04,1.98341699e+04,1.24787246e+04,1.55142871e+03
1.93945324e+00,1.42538018e+04,1.99429258e+04,1.26435508e+04,1.59867261e+03
2.01495814e+00,1.43139707e+04,2.00288516e+04,1.27713174e+04,1.63518994e+03
2.09240627e+00,1.43606768e+04,2.00956270e+04,1.28738848e+04,1.67286951e+03
2.17184782e+00,1.44082324e+04,2.01633516e+04,1.29678516e+04,1.70272754e+03
2.25333428e+00,1.44494023e+04,2.02219395e+04,1.30486914e+04,1.73412732e+03
2.33691788e+00,1.44868994e+04,2.02752402e+04,1.31206943e+04,1.75741321e+03
2.42265272e+00,1.45290391e+04,2.03349727e+04,1.31932520e+04,1.78640234e+03
2.51059437e+00,1.45650469e+04,2.03859785e+04,1.32538281e+04,1.80098022e+03
2.60079956e+00,1.45990430e+04,2.04341055e+04,1.33099980e+04,1.82784302e+03
2.69332647e+00,1.46331953e+04,2.04823750e+04,1.33630918e+04,1.84340845e+03
2.78823495e+00,1.46641230e+04,2.05260664e+04,1.34096025e+04,1.86677417e+03
2.88558602e+00,1.47079863e+04,2.05878164e+04,1.34656211e+04,1.88887085e+03
2.98544264e+00,1.47613779e+04,2.06628633e+04,1.35295791e+04,1.90568359e+03
3.08786964e+00,1.48338262e+04,2.07645449e+04,1.36084453e+04,1.92030566e+03
3.19293284e+00,1.49205898e+04,2.08861719e+04,1.36969990e+04,1.94305652e+03
3.30070019e+00,1.50065801e+04,2.10066562e+04,1.37827412e+04,1.95977710e+03
3.41124129e+00,1.50822139e+04,2.11125547e+04,1.38535371e+04,1.97603320e+03
3.52462745e+00,1.51422490e+04,2.11965234e+04,1.39070840e+04,1.98040393e+03
3.64093208e+00,1.51777852e+04,2.12461250e+04,1.39347588e+04,1.99503857e+03
3.76023054e+00,1.51671133e+04,2.12309941e+04,1.39175381e+04,1.99813916e+03
3.88259912e+00,1.51077754e+04,2.11477734e+04,1.38563076e+04,2.00495349e+03
4.00811720e+00,1.50407197e+04,2.10538809e+04,1.37938535e+04,2.01134692e+03
4.13686609e+00,1.49742100e+04,2.09607773e+04,1.37303613e+04,2.02519165e+03
4.26892853e+00,1.48756221e+04,2.08227695e+04,1.36396621e+04,2.03464636e+03
4.40439081e+00,1.48203213e+04,2.07454961e+04,1.35953408e+04,2.04719409e+03
4.54333878e+00,1.48314785e+04,2.07612578e+04,1.36139473e+04,2.07545996e+03
4.68586397e+00,1.48702207e+04,2.08156484e+04,1.36590469e+04,2.10324512e+03
4.83205652e+00,1.49709824e+04,2.09568652e+04,1.37648340e+04,2.13854248e+03
4.98201227e+00,1.51235713e+04,2.11705234e+04,1.39157070e+04,2.15811572e+03
5.13582754e+00,1.52801748e+04,2.13897012e+04,1.40671875e+04,2.18798560e+03
5.29360199e+00,1.54433457e+04,2.16179590e+04,1.42227109e+04,2.21995312e+03
5.45543718e+00,1.55812793e+04,2.18107578e+04,1.43537979e+04,2.22789697e+03
5.62143755e+00,1.56545098e+04,2.19129023e+04,1.44283096e+04,2.25108276e+03
5.79171038e+00,1.56718555e+04,2.19367949e+04,1.44603047e+04,2.24733325e+03
5.96636629e+00,1.56505088e+04,2.19065664e+04,1.44727607e+04,2.23288354e+03
6.14551687e+00,1.55994219e+04,2.18347676e+04,1.44774580e+04,2.23698853e+03
6.32927942e+00,1.55509062e+04,2.17666738e+04,1.45044844e+04,2.22167920e+03
6.51777077e+00,1.55327520e+04,2.17411016e+04,1.45790928e+04,2.23677832e+03
6.71111441e+00,1.55282539e+04,2.17346875e+04,1.46925459e+04,2.21085059e+03
6.90943432e+00,1.55204219e+04,2.17236484e+04,1.48173701e+04,2.22371558e+03
7.11285782e+00,1.55320703e+04,2.17399141e+04,1.49966240e+04,2.19516309e+03
7.32151794e+00,1.55812373e+04,2.18086836e+04,1.52426641e+04,2.20097803e+03
7.53554821e+00,1.56187051e+04,2.18610449e+04,1.54922754e+04,2.15904663e+03
7.75508738e+00,1.56844180e+04,2.19530000e+04,1.57642949e+04,2.16003223e+03
7.98027754e+00,1.57408320e+04,2.20319023e+04,1.59908770e+04,2.10503613e+03
8.21126270e+00,1.57795918e+04,2.20861211e+04,1.61382451e+04,2.10785400e+03
8.44819450e+00,1.58493154e+04,2.21838711e+04,1.62419434e+04,2.08445850e+03
8.69122219e+00,1.59857080e+04,2.23751523e+04,1.63679316e+04,2.11188721e+03
8.94050789e+00,1.61694238e+04,2.26323672e+04,1.64914941e+04,2.13421094e+03
9.19620800e+00,1.63273311e+04,2.28538496e+04,1.66179648e+04,2.17441113e+03
9.45849037e+00,1.67684766e+04,2.34719336e+04,1.69886133e+04,2.21632861e+03
9.72752285e+00,1.70311797e+04,2.38393477e+04,1.71597656e+04,2.23910547e+03
1.00034800e+01,1.69334531e+04,2.37035898e+04,1.70753633e+04,2.23996216e+03
1.02865391e+01,1.72456621e+04,2.41419180e+04,1.73894805e+04,2.28293628e+03
1.05768833e+01,1.71262461e+04,2.39776934e+04,1.73948965e+04,2.28841577e+03
1.08747025e+01,1.71002305e+04,2.39405762e+04,1.76699609e+04,2.31705322e+03
1.11801853e+01,1.75585195e+04,2.45767227e+04,1.85365312e+04,2.38501807e+03
1.14935322e+01,1.78429961e+04,2.49747441e+04,1.94005703e+04,2.43992383e+03
1.18149433e+01,1.79705469e+04,2.51537422e+04,2.00184688e+04,2.46201294e+03
1.21446266e+01,1.82500488e+04,2.55475508e+04,2.05271562e+04,2.50823584e+03
1.24827967e+01,1.90669512e+04,2.66929902e+04,2.13066914e+04,2.57209985e+03
1.28296700e+01,1.80373047e+04,2.52560781e+04,2.04524570e+04,2.46648364e+03
1.31854706e+01,1.77375586e+04,2.48542168e+04,2.06504590e+04,2.51225342e+03
1.35504293e+01,1.99727812e+04,2.80037949e+04,2.29000078e+04,2.70626001e+03
1.39247818e+01,1.97498652e+04,2.77220723e+04,2.29600938e+04,2.73682324e+03
1.43087692e+01,2.11783633e+04,2.97404512e+04,2.44765547e+04,2.87884424e+03
1.47026405e+01,2.18077441e+04,3.06337969e+04,2.50313633e+04,2.84133301e+03
1.51066484e+01,2.05616973e+04,2.89302832e+04,2.40853965e+04,2.80143555e+03
1.55210552e+01,2.28858555e+04,3.21812969e+04,2.61331055e+04,2.96987427e+03
1.59461288e+01,2.27615977e+04,3.19867852e+04,2.57764336e+04,2.95375146e+03
1.63821430e+01,2.41218281e+04,3.38635352e+04,2.68092246e+04,3.08454370e+03
1.68293781e+01,2.43542773e+04,3.41635195e+04,2.73240254e+04,3.12261499e+03
1.72881241e+01,2.72338047e+04,3.82570078e+04,3.04882227e+04,3.41303247e+03
1.77586803e+01,3.05728711e+04,4.29853281e+04,3.26814922e+04,3.38021924e+03
1.82413464e+01,2.45560508e+04,3.46007422e+04,2.79233418e+04,2.97977637e+03
1.87364349e+01,3.47849062e+04,4.89054180e+04,3.66808711e+04,3.77891650e+03
1.92442665e+01,4.09006016e+04,5.74525781e+04,4.10350547e+04,3.91141919e+03
1.97651691e+01,4.32877930e+04,6.08608516e+04,4.21108047e+04,3.87771558e+03
2.02994785e+01,5.13283750e+04,7.20736562e+04,4.37769453e+04,3.93459009e+03
2.08475418e+01,5.22296836e+04,7.31682500e+04,4.01405312e+04,3.78248975e+03
2.14097099e+01,5.27900195e+04,7.38250078e+04,3.95179570e+04,4.03999512e+03
2.19863453e+01,5.20758711e+04,7.27223672e+04,3.90764219e+04,4.19300439e+03
2.25778236e+01,4.66713633e+04,6.51035469e+04,3.53341055e+04,4.00366553e+03
2.31845264e+01,4.83786875e+04,6.74638203e+04,3.87860898e+04,4.23961865e+03
2.38068466e+01,6.07055469e+04,8.46479453e+04,4.87649922e+04,4.74708154e+03
2.44451809e+01,5.85343398e+04,8.15597734e+04,4.57828516e+04,4.20085889e+03
2.50999470e+01,5.35098789e+04,7.45307734e+04,4.18050000e+04,3.71959033e+03
2.57715645e+01,5.13117227e+04,7.14979688e+04,4.03614062e+04,3.46030859e+03
2.64604683e+01,5.06673828e+04,7.06391875e+04,3.95080234e+04,3.07743311e+03
2.71671047e+01,4.01739766e+04,5.59730859e+04,3.03735117e+04,2.89222290e+03
2.78919277e+01,3.03506387e+04,4.23597695e+04,2.66476680e+04,2.88743799e+03
2.86354065e+01,3.56004961e+04,4.97574922e+04,3.18827500e+04,2.19643555e+03
2.93980217e+01,4.06625742e+04,5.68079297e+04,3.29663516e+04,1.79495947e+03
3.01802654e+01,3.83354062e+04,5.35121680e+04,2.91971836e+04,1.53232654e+03
3.09826431e+01,3.05203242e+04,4.25611758e+04,2.21499395e+04,9.21314880e+02
3.18056717e+01,2.30446250e+04,3.21078672e+04,1.58381055e+04,7.07121826e+02
3.26498833e+01,2.14244590e+04,2.98816016e+04,1.59323877e+04,8.46475952e+02
3.35158234e+01,2.56432754e+04,3.58084023e+04,2.02638633e+04,9.61306458e+02
3.44040565e+01,2.34462520e+04,3.27323027e+04,1.75899434e+04,4.10182220e+02
3.53151436e+01,8.93550488e+03,1.24440557e+04,5.45652686e+03,9.13031006e+00
3.62496834e+01,8.90936584e+02,1.23017383e+03,2.59537140e+02,2.43655959e-04
3.72082787e+01,2.10654163e+01,2.75311623e+01,2.66069523e-03,1.04647563e-06
3.81915474e+01,3.31714702e+00,4.02649689e+00,2.74741993e-04,3.72490462e-07
3.92001228e+01,1.60458183e+00,1.90796769e+00,9.72518319e-06,1.37620347e-07
4.02346535e+01,5.86900115e-01,6.72189474e-01,1.12136413e-05,3.92143207e-08
4.12958107e+01,1.43322930e-01,1.55922920e-01,6.59371290e-06,7.32059346e-09
4.23842850e+01,1.87596194e-02,1.85906086e-02,1.50638459e-06,5.06887698e-10
4.35007744e+01,6.26281835e-04,5.42964437e-04,3.10270281e-07,2.49180416e-11
4.46459999e+01,1.09130851e-04,1.08421351e-04,5.32876392e-08,3.82583245e-12
4.58207016e+01,9.57188058e-06,9.67416145e-06,4.32848468e-09,4.19845636e-13
4.70256386e+01,1.50593337e-06,1.50258870e-06,5.46680423e-10,3.63388654e-14
4.82615852e+01,1.31095874e-07,1.40339964e-07,6.11511120e-11,1.81163131e-15
4.95293465e+01,9.17646847e-09,9.18483511e-09,2.76356108e-12,1.12230701e-16
5.08297386e+01,2.68083916e-10,2.85043822e-10,9.30362761e-14,8.45148134e-18
5.21635971e+01,4.35367124e-11,4.50839609e-11,1.89946918e-14,9.33630279e-19
5.35317917e+01,3.66316406e-13,3.93176404e-13,6.03345340e-17,1.28732980e-20
5.49351997e+01,4.74706537e-14,5.03280651e-14,1.54089405e-17,1.50797712e-21
5.63747253e+01,4.97434657e-16,5.40152328e-16,5.00197978e-19,1.25569964e-23
5.78513031e+01,2.01048448e-17,2.00787059e-17,7.75846058e-21,1.35481743e-24
5.93278885e+01,1.08423923e-17,1.23391847e-17,1.43333699e-21,1.84394557e-26
6.08044662e+01,1.61316391e-20,1.69280687e-20,1.18537916e-23,1.38001095e-27
6.22810478e+01,1.37860974e-20,1.59312918e-20,2.71559154e-24,2.71873660e-29
6.37576256e+01,3.44831139e-23,3.94035202e-23,3.07996288e-26,1.65039256e-30
6.52341995e+01,1.66017971e-23,1.96744403e-23,3.49753577e-27,4.00483108e-32
6.67107849e+01,1.49439714e-25,1.81204777e-25,8.48636113e-29,2.73938030e-33
6.81873703e+01,2.42210990e-26,2.94837688e-26,6.12708055e-30,6.73356856e-35
6.96639481e+01,4.46238016e-28,5.33136890e-28,2.15438139e-31,5.51560941e-36
7.11405258e+01,3.53328399e-29,4.45174494e-29,1.39127500e-32,1.31003190e-37
7.26171036e+01,6.58626523e-31,8.14698083e-31,5.52824248e-34,1.13869513e-38
7.40936813e+01,4.07210727e-32,4.71492694e-32,3.87431344e-35,1.70958413e-40
7.55702591e+01,7.59052702e-34,8.66115533e-34,1.32929127e-36,0.00000000e+00
7.70468445e+01,4.20247036e-35,5.06811577e-35,5.81538863e-38,0.00000000e+00
7.85234222e+01,7.62726709e-37,7.95023836e-37,1.38448288e-39,0.00000000e+00
8.00000000e+01,3.14073002e-37,4.28718857e-37,3.76949287e-40,0.00000000e+00
