Height (km), 7_8 um ash conc (g/kg), 15_6 um ash conc (g/kg), 125 um ash conc (g/kg), 1 mm ash conc (g/kg)
0.00000000e+00,0.00000000e+00,0.00000000e+00,0.00000000e+00,0.00000000e+00
3.99999991e-02,4.92081862e-20,8.67429218e-20,9.52078373e-16,1.20604202e-14
7.99999982e-02,6.91779873e-18,1.22328556e-17,9.75050119e-14,1.16782452e-12
1.19999997e-01,2.60857878e-16,4.62525835e-16,2.98005999e-12,1.74537320e-07
1.59999996e-01,3.48196419e-15,6.19420287e-15,3.35839100e-11,6.29226561e-05
2.00000003e-01,5.93352881e-14,1.05321994e-13,4.10098067e-10,2.31174243e-04
2.39999995e-01,7.24460856e-13,1.28820056e-12,4.98820940e-09,1.88066624e-03
2.80000001e-01,7.54155245e-12,1.34015299e-11,5.15260545e-08,4.67429124e-03
3.19999993e-01,8.89504581e-11,1.57713051e-10,7.78545655e-07,7.28960242e-03
3.60000014e-01,1.01449782e-09,1.79932547e-09,7.65745335e-06,1.54761653e-02
4.00000006e-01,9.29747657e-09,1.65241829e-08,2.11904753e-05,4.67121899e-02
4.39999998e-01,9.12235691e-08,1.63108496e-07,4.35362635e-05,7.15124533e-02
4.79999989e-01,5.82655559e-07,1.04817730e-06,6.84070983e-05,1.73380107e-01
5.19999981e-01,2.88768479e-06,5.12406132e-06,1.07394066e-04,2.20186979e-01
5.60000002e-01,1.02990207e-05,1.76252615e-05,1.09179309e-04,4.24471229e-01
6.00000024e-01,3.41366613e-05,5.62817950e-05,1.17759424e-04,5.46660662e-01
6.41029537e-01,8.34442035e-05,1.31676512e-04,1.05214072e-04,9.22739267e-01
6.83115125e-01,1.57749339e-04,2.39365079e-04,9.01456806e-05,1.16991615e+00
7.26283848e-01,2.41675705e-04,3.54695367e-04,8.88910145e-05,1.83411515e+00
7.70563781e-01,3.23284883e-04,4.60991927e-04,7.27207371e-05,2.29023409e+00
8.15983355e-01,3.78438970e-04,5.33769256e-04,7.09411033e-05,3.87122297e+00
8.62571895e-01,4.37558308e-04,6.12415839e-04,5.83733563e-05,4.18325138e+00
9.10359621e-01,4.50657681e-04,6.33069314e-04,5.22886694e-05,5.88991642e+00
9.59377348e-01,4.95817396e-04,6.97755837e-04,4.12474546e-05,6.74956131e+00
1.00965667e+00,4.66188649e-04,6.53934665e-04,3.30419498e-05,8.23007202e+00
1.06123006e+00,4.65184858e-04,6.57089753e-04,2.75016173e-05,9.75661469e+00
1.11413085e+00,4.51845233e-04,6.37276738e-04,2.41476773e-05,1.11816959e+01
1.16839325e+00,3.85739200e-04,5.39719302e-04,2.06729164e-05,1.28226147e+01
1.22405231e+00,2.93461868e-04,4.07089683e-04,1.73210410e-05,1.51172581e+01
1.28114390e+00,2.37852699e-04,3.27401416e-04,1.40650063e-05,1.70396843e+01
1.33970511e+00,1.97841786e-04,2.72440811e-04,1.21047115e-05,1.92229824e+01
1.39977336e+00,1.99442500e+04,2.79361055e+04,1.96617812e+04,1.56295361e+03
1.46138775e+00,2.18876797e+04,3.06422656e+04,2.05664160e+04,1.35352026e+03
1.52458799e+00,1.21525801e+04,1.70111172e+04,1.13710381e+04,8.13305908e+02
1.58941495e+00,1.07092949e+04,1.49943906e+04,1.02124199e+04,8.56525757e+02
1.65591037e+00,1.02275820e+04,1.43218027e+04,9.85362891e+03,9.02789490e+02
1.72411728e+00,1.00110146e+04,1.40197637e+04,9.71162695e+03,9.44915283e+02
1.79407966e+00,9.90915234e+03,1.38780029e+04,9.66112891e+03,9.83076416e+02
1.86584306e+00,9.86142383e+03,1.38118281e+04,9.65141406e+03,1.01641345e+03
1.93945324e+00,9.84330469e+03,1.37869844e+04,9.66286523e+03,1.04622644e+03
2.01495814e+00,9.83978711e+03,1.37824941e+04,9.68310352e+03,1.07264856e+03
2.09240627e+00,9.84303711e+03,1.37874043e+04,9.70592676e+03,1.09644983e+03
2.17184782e+00,9.85089844e+03,1.37987197e+04,9.73017480e+03,1.11871436e+03
2.25333428e+00,9.86200781e+03,1.38145391e+04,9.75526562e+03,1.13934094e+03
2.33691788e+00,9.86993359e+03,1.38258574e+04,9.77502734e+03,1.15703308e+03
2.42265272e+00,9.87271289e+03,1.38299385e+04,9.78803711e+03,1.17167090e+03
2.51059437e+00,9.87402637e+03,1.38319434e+04,9.79842578e+03,1.18551929e+03
2.60079956e+00,9.87070996e+03,1.38274395e+04,9.80297266e+03,1.19835132e+03
2.69332647e+00,9.86362109e+03,1.38176377e+04,9.80296387e+03,1.21047046e+03
2.78823495e+00,9.85410156e+03,1.38044131e+04,9.79984180e+03,1.22167212e+03
2.88558602e+00,9.84277734e+03,1.37886562e+04,9.79435742e+03,1.22844031e+03
2.98544264e+00,9.83850391e+03,1.37827734e+04,9.79570215e+03,1.23931970e+03
3.08786964e+00,9.84723047e+03,1.37950898e+04,9.80957129e+03,1.25023145e+03
3.19293284e+00,9.87079590e+03,1.38281855e+04,9.83787695e+03,1.26535754e+03
3.30070019e+00,9.90245801e+03,1.38726182e+04,9.87382324e+03,1.27757458e+03
3.41124129e+00,9.93926758e+03,1.39242549e+04,9.91454492e+03,1.29263574e+03
3.52462745e+00,9.97834082e+03,1.39790459e+04,9.95691016e+03,1.30652271e+03
3.64093208e+00,1.00121934e+04,1.40265137e+04,9.99354004e+03,1.32027783e+03
3.76023054e+00,1.00324902e+04,1.40549834e+04,1.00161953e+04,1.33186621e+03
3.88259912e+00,1.00406211e+04,1.40664023e+04,1.00263906e+04,1.34306812e+03
4.00811720e+00,1.00349961e+04,1.40585508e+04,1.00226436e+04,1.35402283e+03
4.13686609e+00,1.00087363e+04,1.40217930e+04,9.99820117e+03,1.36024280e+03
4.26892853e+00,9.98457031e+03,1.39879688e+04,9.97590625e+03,1.36934924e+03
4.40439081e+00,9.95643652e+03,1.39485811e+04,9.94950391e+03,1.37929761e+03
4.54333878e+00,9.92426758e+03,1.39035527e+04,9.91941211e+03,1.38488550e+03
4.68586397e+00,9.91264062e+03,1.38873027e+04,9.90993750e+03,1.39364453e+03
4.83205652e+00,9.93084082e+03,1.39128438e+04,9.93055469e+03,1.40514734e+03
4.98201227e+00,9.98005078e+03,1.39818203e+04,9.98189746e+03,1.42060938e+03
5.13582754e+00,1.00282188e+04,1.40493223e+04,1.00315879e+04,1.42999878e+03
5.29360199e+00,1.00693506e+04,1.41069629e+04,1.00740762e+04,1.44287451e+03
5.45543718e+00,1.01334277e+04,1.41967393e+04,1.01391084e+04,1.45037207e+03
5.62143755e+00,1.01792568e+04,1.42609434e+04,1.01854346e+04,1.46096631e+03
5.79171038e+00,1.02089639e+04,1.43025566e+04,1.02155303e+04,1.46078687e+03
5.96636629e+00,1.02188320e+04,1.43163760e+04,1.02255605e+04,1.46432031e+03
6.14551687e+00,1.02063809e+04,1.42989238e+04,1.02132432e+04,1.45947839e+03
6.32927942e+00,1.01959688e+04,1.42843379e+04,1.02033389e+04,1.46067285e+03
6.51777077e+00,1.01826387e+04,1.42656748e+04,1.01908008e+04,1.45982202e+03
6.71111441e+00,1.01897998e+04,1.42757246e+04,1.01990293e+04,1.46263110e+03
6.90943432e+00,1.02315996e+04,1.43343096e+04,1.02423779e+04,1.47349219e+03
7.11285782e+00,1.02825527e+04,1.44057090e+04,1.02945996e+04,1.48465662e+03
7.32151794e+00,1.03166309e+04,1.44534590e+04,1.03296631e+04,1.49684033e+03
7.53554821e+00,1.03765488e+04,1.45374277e+04,1.03914268e+04,1.51171460e+03
7.75508738e+00,1.04838008e+04,1.46876895e+04,1.04996650e+04,1.53681616e+03
7.98027754e+00,1.05563691e+04,1.47893438e+04,1.05725332e+04,1.54825952e+03
8.21126270e+00,1.06191328e+04,1.48772598e+04,1.06355752e+04,1.56501465e+03
8.44819450e+00,1.07024932e+04,1.49940186e+04,1.07187236e+04,1.58016455e+03
8.69122219e+00,1.07742461e+04,1.50945371e+04,1.07910869e+04,1.59577515e+03
8.94050789e+00,1.08508398e+04,1.52018359e+04,1.08685674e+04,1.61309656e+03
9.19620800e+00,1.08915215e+04,1.52588252e+04,1.09101787e+04,1.63339111e+03
9.45849037e+00,1.09281924e+04,1.53102256e+04,1.09505479e+04,1.65487769e+03
9.72752285e+00,1.09939785e+04,1.54024062e+04,1.10237021e+04,1.67279150e+03
1.00034800e+01,1.10272910e+04,1.54491211e+04,1.10744277e+04,1.68843799e+03
1.02865391e+01,1.11618223e+04,1.56377148e+04,1.12389121e+04,1.71036926e+03
1.05768833e+01,1.13147656e+04,1.58522988e+04,1.14175869e+04,1.72214722e+03
1.08747025e+01,1.14526494e+04,1.60462549e+04,1.15502344e+04,1.73628320e+03
1.11801853e+01,1.16801299e+04,1.63653809e+04,1.17445352e+04,1.76020300e+03
1.14935322e+01,1.18091904e+04,1.65456035e+04,1.18598555e+04,1.78587195e+03
1.18149433e+01,1.19695264e+04,1.67698711e+04,1.20285664e+04,1.82560889e+03
1.21446266e+01,1.22057236e+04,1.71005000e+04,1.22843418e+04,1.88382874e+03
1.24827967e+01,1.22643438e+04,1.71827500e+04,1.23821562e+04,1.92172644e+03
1.28296700e+01,1.25219219e+04,1.75443164e+04,1.26923750e+04,1.99360742e+03
1.31854706e+01,1.28653477e+04,1.80265449e+04,1.30710879e+04,2.07817529e+03
1.35504293e+01,1.31761943e+04,1.84622461e+04,1.33981270e+04,2.16452954e+03
1.39247818e+01,1.36773906e+04,1.91637891e+04,1.39562754e+04,2.25922681e+03
1.43087692e+01,1.37606055e+04,1.92817227e+04,1.41214316e+04,2.29311450e+03
1.47026405e+01,1.41032998e+04,1.97627910e+04,1.45496777e+04,2.34920435e+03
1.51066484e+01,1.43756758e+04,2.01446035e+04,1.49080547e+04,2.36635400e+03
1.55210552e+01,1.48089170e+04,2.07530469e+04,1.54328447e+04,2.38995166e+03
1.59461288e+01,1.47455664e+04,2.06668359e+04,1.55121641e+04,2.40330005e+03
1.63821430e+01,1.56297715e+04,2.19067031e+04,1.65367617e+04,2.55529785e+03
1.68293781e+01,1.71919883e+04,2.40961719e+04,1.82111035e+04,2.75156226e+03
1.72881241e+01,1.44898643e+04,2.03172910e+04,1.57905410e+04,2.46685791e+03
1.77586803e+01,1.63389141e+04,2.29147969e+04,1.78176348e+04,2.73937134e+03
1.82413464e+01,1.79479883e+04,2.51720332e+04,1.94138086e+04,2.92612012e+03
1.87364349e+01,1.74737344e+04,2.45064434e+04,1.90097520e+04,2.88094067e+03
1.92442665e+01,1.68049160e+04,2.35680586e+04,1.86661074e+04,2.80673633e+03
1.97651691e+01,1.84264316e+04,2.58402422e+04,2.05271934e+04,2.96807617e+03
2.02994785e+01,2.23493945e+04,3.13340586e+04,2.43272832e+04,3.36476392e+03
2.08475418e+01,2.22398887e+04,3.11886758e+04,2.42794375e+04,3.46358472e+03
2.14097099e+01,2.56052734e+04,3.59130000e+04,2.75144258e+04,3.89568994e+03
2.19863453e+01,3.09298066e+04,4.33697695e+04,3.24709707e+04,4.19971484e+03
2.25778236e+01,3.25761055e+04,4.56679570e+04,3.40539805e+04,3.97238281e+03
2.31845264e+01,3.42315312e+04,4.79787773e+04,3.51766914e+04,3.80173975e+03
2.38068466e+01,3.76517305e+04,5.27632109e+04,3.77587148e+04,3.98330396e+03
2.44451809e+01,3.97668711e+04,5.57158359e+04,3.87522266e+04,4.07924512e+03
2.50999470e+01,3.96254688e+04,5.55060273e+04,3.76375352e+04,4.03230762e+03
2.57715645e+01,4.20126484e+04,5.88330312e+04,3.91676680e+04,4.20947705e+03
2.64604683e+01,4.33542656e+04,6.06850820e+04,3.98666016e+04,4.20556934e+03
2.71671047e+01,4.38088711e+04,6.12969141e+04,3.96604570e+04,4.09807178e+03
2.78919277e+01,4.37855859e+04,6.12447969e+04,3.92183633e+04,3.99979346e+03
2.86354065e+01,3.63330508e+04,5.08110391e+04,3.24915527e+04,3.41196729e+03
2.93980217e+01,2.94664668e+04,4.12058828e+04,2.64243652e+04,2.91058911e+03
3.01802654e+01,2.62045957e+04,3.66473672e+04,2.37212344e+04,2.72131592e+03
3.09826431e+01,2.33630742e+04,3.26850176e+04,2.15608105e+04,2.45727588e+03
3.18056717e+01,2.26371582e+04,3.16740410e+04,2.09875918e+04,2.29902002e+03
3.26498833e+01,2.19773906e+04,3.07563223e+04,2.04977578e+04,2.14833569e+03
3.35158234e+01,2.04353438e+04,2.85945508e+04,1.87302695e+04,1.82360730e+03
3.44040565e+01,2.11534395e+04,2.95974434e+04,1.95995762e+04,1.89905249e+03
3.53151436e+01,2.56134199e+04,3.58544297e+04,2.45148711e+04,2.53593701e+03
3.62496834e+01,2.61553848e+04,3.66179766e+04,2.51029473e+04,2.35374097e+03
3.72082787e+01,1.64332148e+04,2.30011953e+04,1.54574443e+04,1.11447571e+03
3.81915474e+01,5.13131982e+03,7.17801758e+03,4.62494727e+03,2.10654648e+02
3.92001228e+01,8.06347717e+02,1.12589539e+03,6.21450989e+02,8.42822647e+00
4.02346535e+01,2.20931564e+02,3.05858063e+02,6.92399139e+01,1.32367568e-04
4.12958107e+01,8.94061127e+01,1.22480194e+02,1.32839003e+01,2.69549328e-05
4.23842850e+01,4.00176048e+01,5.49435539e+01,1.05011396e+01,3.39413491e-05
4.35007744e+01,3.15887012e+01,4.35684509e+01,8.88632965e+00,1.52709126e-05
4.46459999e+01,2.89384327e+01,3.97616959e+01,4.93102551e+00,1.41564278e-05
4.58207016e+01,1.17068405e+01,1.58951340e+01,5.56919873e-01,3.64983589e-06
4.70256386e+01,3.32896805e+00,4.47634840e+00,2.01471761e-01,9.40430073e-06
4.82615852e+01,1.25545669e+00,1.70473361e+00,3.57710123e-01,1.24170799e-06
4.95293465e+01,1.04943144e+00,1.43356955e+00,1.20883264e-01,5.40838528e-07
5.08297386e+01,2.77273029e-01,3.70932281e-01,7.46221421e-03,1.31727091e-07
5.21635971e+01,7.99122378e-02,1.04744636e-01,6.86187239e-04,1.42190739e-08
5.35317917e+01,7.54650170e-03,9.63599887e-03,8.27619169e-06,9.15084952e-10
5.49351997e+01,3.40299739e-04,4.19715914e-04,9.16458418e-07,5.84183327e-11
5.63747253e+01,1.77977799e-05,2.18038567e-05,6.20072001e-07,3.86625671e-12
5.78513031e+01,2.39530067e-07,2.92615994e-07,1.89329850e-08,1.57841622e-13
5.93278885e+01,4.57441551e-08,6.11028099e-08,1.08268561e-09,6.65027378e-15
6.08044662e+01,1.03933562e-09,1.22724764e-09,4.70548600e-11,1.26413182e-16
6.22810478e+01,8.48156198e-11,1.19435101e-10,2.18429159e-12,6.34044263e-17
6.37576256e+01,3.58435395e-12,4.45278450e-12,1.12617110e-13,6.61511949e-19
6.52341995e+01,2.01549010e-13,2.68864981e-13,2.29473846e-15,1.24546762e-19
6.67107849e+01,8.54525377e-15,1.19164254e-14,3.49962832e-16,2.14113298e-21
6.81873703e+01,5.92645819e-16,6.81951732e-16,2.53568561e-17,2.85929893e-22
6.96639481e+01,5.98687255e-17,7.75221097e-17,1.65176264e-18,8.91770177e-24
7.11405258e+01,2.66755346e-18,3.10725248e-18,1.55995575e-19,1.01069559e-24
7.26171036e+01,2.55339100e-19,3.31985708e-19,9.38901209e-21,4.42537594e-26
7.40936813e+01,1.37816804e-20,1.74326715e-20,7.10059027e-22,4.23025582e-27
7.55702591e+01,1.01717568e-21,1.36225055e-21,3.45684024e-23,1.99592582e-28
7.70468445e+01,3.89526735e-23,6.04634999e-23,1.37098188e-24,1.16811368e-29
7.85234222e+01,1.78626705e-24,2.35298630e-24,5.90389480e-26,4.30595853e-31
8.00000000e+01,5.63513469e-25,8.35573008e-25,3.18540339e-26,1.20678613e-31
