Height (km), 7_8 um ash conc (g/kg), 15_6 um ash conc (g/kg), 125 um ash conc (g/kg), 1 mm ash conc (g/kg)
0.00000000e+00,0.00000000e+00,0.00000000e+00,0.00000000e+00,0.00000000e+00
3.99999991e-02,1.69690332e-16,3.17646487e-16,2.61446316e-11,1.07665387e-11
7.99999982e-02,2.21714804e-14,4.14409650e-14,4.73541784e-09,3.42995021e-10
1.19999997e-01,8.97091700e-13,1.67871370e-12,4.39615377e-07,3.33058594e-08
1.59999996e-01,1.76898877e-11,3.31787479e-11,6.68031498e-06,1.06942907e-05
2.00000003e-01,2.54898880e-10,4.79195128e-10,3.28884089e-05,1.01713078e-04
2.39999995e-01,3.97770439e-09,7.47608908e-09,1.34750051e-04,2.72491015e-04
2.80000001e-01,3.88950809e-08,7.37126413e-08,3.38834710e-04,6.37295831e-04
3.19999993e-01,5.97637154e-07,1.13842952e-06,1.00941898e-03,1.45280489e-03
3.60000014e-01,6.55204258e-06,1.21409521e-05,2.05532135e-03,2.56568417e-02
4.00000006e-01,5.35724757e-05,9.38004523e-05,3.40180565e-03,6.28467873e-02
4.39999998e-01,2.66114861e-04,4.44510079e-04,4.15263558e-03,1.33075267e-01
4.79999989e-01,7.27319100e-04,1.17134955e-03,4.06950107e-03,4.24005777e-01
5.19999981e-01,1.52780861e-03,2.39808019e-03,4.61596437e-03,7.26024151e-01
5.60000002e-01,2.23578326e-03,3.42062442e-03,4.63838642e-03,1.45903122e+00
6.00000024e-01,3.11792060e-03,4.68808971e-03,5.13923820e-03,2.24800348e+00
6.41029537e-01,3.36767896e-03,5.00078220e-03,6.05506543e-03,3.79752684e+00
6.83115125e-01,3.36313341e-03,4.96035302e-03,6.15230016e-03,5.23814678e+00
7.26283848e-01,3.21055530e-03,4.75371582e-03,6.43119588e-03,7.69083595e+00
7.70563781e-01,2.89203832e-03,4.29108227e-03,5.92650007e-03,1.06910343e+01
8.15983355e-01,2.60929670e-03,3.88759421e-03,5.26121538e-03,1.59686203e+01
8.62571895e-01,2.32702331e-03,3.47472727e-03,4.46374016e-03,2.01593342e+01
9.10359621e-01,2.13563256e-03,3.19588836e-03,3.62228765e-03,2.76992111e+01
9.59377348e-01,1.98367750e-03,2.96545099e-03,3.00257863e-03,3.46103592e+01
1.00965667e+00,1.86019880e-03,2.77249515e-03,2.54277652e-03,4.55681419e+01
1.06123006e+00,1.76048919e-03,2.61536846e-03,2.18654308e-03,5.64844933e+01
1.11413085e+00,1.68177614e-03,2.49154959e-03,1.92904170e-03,6.86544037e+01
1.16839325e+00,1.61644630e-03,2.38703517e-03,1.73472997e-03,7.93404465e+01
1.22405231e+00,1.56020513e-03,2.29717814e-03,1.53048162e-03,8.86737213e+01
1.28114390e+00,1.51077739e-03,2.21949886e-03,1.34556624e-03,9.71706696e+01
1.33970511e+00,1.47394731e-03,2.16282858e-03,1.14868023e-03,1.04554260e+02
1.39977336e+00,2.03218320e+04,2.84696406e+04,2.02668047e+04,2.74262207e+03
1.46138775e+00,2.89630332e+04,4.05547578e+04,2.76415234e+04,3.14172656e+03
1.52458799e+00,2.15293457e+04,3.01460508e+04,2.06895547e+04,2.59910620e+03
1.58941495e+00,2.18767852e+04,3.06443047e+04,2.15822070e+04,3.15577441e+03
1.65591037e+00,2.26001348e+04,3.16625078e+04,2.25332422e+04,3.44331592e+03
1.72411728e+00,2.34109082e+04,3.28011328e+04,2.34793789e+04,3.67742773e+03
1.79407966e+00,2.41920898e+04,3.38973984e+04,2.43544922e+04,3.87630615e+03
1.86584306e+00,2.49729629e+04,3.49927734e+04,2.52063281e+04,4.05344824e+03
1.93945324e+00,2.57639805e+04,3.61018594e+04,2.60429258e+04,4.21023975e+03
2.01495814e+00,2.63519766e+04,3.69258984e+04,2.66492109e+04,4.31237891e+03
2.09240627e+00,2.66074160e+04,3.72835312e+04,2.69014844e+04,4.34866309e+03
2.17184782e+00,2.64796914e+04,3.71038164e+04,2.67437617e+04,4.29737305e+03
2.25333428e+00,2.58076016e+04,3.61612188e+04,2.60232852e+04,4.17324609e+03
2.33691788e+00,2.51858594e+04,3.52904883e+04,2.54154883e+04,4.14963965e+03
2.42265272e+00,2.57564297e+04,3.60927734e+04,2.61255156e+04,4.41853174e+03
2.51059437e+00,2.79995117e+04,3.92397734e+04,2.85771113e+04,5.01757471e+03
2.60079956e+00,3.15670371e+04,4.42429570e+04,3.24070664e+04,5.85681934e+03
2.69332647e+00,3.58638047e+04,5.02681094e+04,3.69935781e+04,6.75720312e+03
2.78823495e+00,3.97505312e+04,5.57153477e+04,4.09717305e+04,7.30632031e+03
2.88558602e+00,4.08497734e+04,5.72505312e+04,4.18280234e+04,7.11604883e+03
2.98544264e+00,3.84373359e+04,5.38621758e+04,3.90018633e+04,6.30824414e+03
3.08786964e+00,3.38512656e+04,4.74293203e+04,3.40378047e+04,5.29952441e+03
3.19293284e+00,2.87300449e+04,4.02490156e+04,2.86629492e+04,4.36138037e+03
3.30070019e+00,2.43250000e+04,3.40745664e+04,2.40979434e+04,3.69728442e+03
3.41124129e+00,2.14491621e+04,3.00461172e+04,2.12037930e+04,3.44821045e+03
3.52462745e+00,2.09649297e+04,2.93721367e+04,2.09151562e+04,3.76876367e+03
3.64093208e+00,2.49778945e+04,3.50032812e+04,2.53996875e+04,4.94762793e+03
3.76023054e+00,3.27156133e+04,4.58548828e+04,3.36789453e+04,6.58743408e+03
3.88259912e+00,4.03584961e+04,5.65673516e+04,4.15105547e+04,7.86159863e+03
4.00811720e+00,4.58176680e+04,6.42153125e+04,4.69356367e+04,8.60923633e+03
4.13686609e+00,4.76847188e+04,6.68249531e+04,4.85400742e+04,8.61814941e+03
4.26892853e+00,4.38862266e+04,6.14936875e+04,4.43476094e+04,7.80614600e+03
4.40439081e+00,3.69178047e+04,5.17261953e+04,3.71841953e+04,6.72455566e+03
4.54333878e+00,3.16090039e+04,4.42858750e+04,3.17350000e+04,5.93540137e+03
4.68586397e+00,2.78873555e+04,3.90680352e+04,2.78302695e+04,5.40748242e+03
4.83205652e+00,2.36175195e+04,3.30873359e+04,2.36313555e+04,5.04848340e+03
4.98201227e+00,2.24097402e+04,3.14018945e+04,2.27151406e+04,5.24597168e+03
5.13582754e+00,2.58068477e+04,3.61635781e+04,2.61778320e+04,5.85213086e+03
5.29360199e+00,2.62384277e+04,3.67652578e+04,2.64710039e+04,5.96609375e+03
5.45543718e+00,2.54044922e+04,3.56001953e+04,2.57935820e+04,6.14154443e+03
5.62143755e+00,2.90251250e+04,4.06733281e+04,2.94301836e+04,6.70950195e+03
5.79171038e+00,3.19138574e+04,4.47174297e+04,3.21771660e+04,6.99679736e+03
5.96636629e+00,3.18757910e+04,4.46606836e+04,3.19885742e+04,6.79205811e+03
6.14551687e+00,2.99844688e+04,4.20058555e+04,2.98737520e+04,6.28192725e+03
6.32927942e+00,2.67931914e+04,3.75298281e+04,2.64674102e+04,5.70833887e+03
6.51777077e+00,2.34939180e+04,3.29091719e+04,2.32620078e+04,5.38631543e+03
6.71111441e+00,2.28346016e+04,3.19899668e+04,2.28152695e+04,5.42182617e+03
6.90943432e+00,2.43647090e+04,3.41336211e+04,2.43480820e+04,5.59599512e+03
7.11285782e+00,2.47614004e+04,3.46881797e+04,2.46873984e+04,5.63304980e+03
7.32151794e+00,2.40000723e+04,3.36237461e+04,2.40177598e+04,5.63977979e+03
7.53554821e+00,2.40222949e+04,3.36563555e+04,2.41096035e+04,5.72032617e+03
7.75508738e+00,2.47065508e+04,3.46155781e+04,2.48183164e+04,5.84402832e+03
7.98027754e+00,2.56382305e+04,3.59200938e+04,2.57171211e+04,5.91906006e+03
8.21126270e+00,2.50241484e+04,3.50591172e+04,2.50959746e+04,5.77935645e+03
8.44819450e+00,2.42731055e+04,3.40098359e+04,2.44907520e+04,5.73877246e+03
8.69122219e+00,2.59556914e+04,3.63679883e+04,2.62236875e+04,5.91811914e+03
8.94050789e+00,2.61709082e+04,3.66676875e+04,2.63635273e+04,5.76157764e+03
9.19620800e+00,2.59604746e+04,3.63716250e+04,2.61136797e+04,5.59660791e+03
9.45849037e+00,2.66750312e+04,3.73709453e+04,2.67907930e+04,5.56101514e+03
9.72752285e+00,2.49140000e+04,3.49030039e+04,2.50525371e+04,5.25446143e+03
1.00034800e+01,2.53105898e+04,3.54604453e+04,2.56139863e+04,5.39879199e+03
1.02865391e+01,2.94737012e+04,4.12917148e+04,2.97683438e+04,5.93118262e+03
1.05768833e+01,2.96972812e+04,4.16035469e+04,2.99185000e+04,5.93117285e+03
1.08747025e+01,2.62895508e+04,3.68297461e+04,2.66874570e+04,5.64348047e+03
1.11801853e+01,2.54700469e+04,3.56831836e+04,2.63506094e+04,5.70288574e+03
1.14935322e+01,2.50938438e+04,3.51595938e+04,2.65793672e+04,5.81258447e+03
1.18149433e+01,2.37905273e+04,3.33445859e+04,2.62163223e+04,5.84536719e+03
1.21446266e+01,2.66707441e+04,3.73874805e+04,2.96696953e+04,6.16790137e+03
1.24827967e+01,2.90116582e+04,4.06722578e+04,3.22323359e+04,6.56201074e+03
1.28296700e+01,2.77707305e+04,3.89484805e+04,3.16729160e+04,6.57094336e+03
1.31854706e+01,2.87603320e+04,4.03464258e+04,3.30036641e+04,6.50010596e+03
1.35504293e+01,2.95935703e+04,4.15144297e+04,3.39162148e+04,6.38660938e+03
1.39247818e+01,2.84432070e+04,3.99104062e+04,3.35403945e+04,6.39838379e+03
1.43087692e+01,2.94838418e+04,4.13958125e+04,3.57204883e+04,6.90754980e+03
1.47026405e+01,3.77247305e+04,5.29758125e+04,4.48078281e+04,8.07320703e+03
1.51066484e+01,4.52596836e+04,6.35520820e+04,5.22069609e+04,8.45242285e+03
1.55210552e+01,4.05161562e+04,5.69141133e+04,4.73793398e+04,7.53640918e+03
1.59461288e+01,3.69468320e+04,5.19291953e+04,4.41816055e+04,6.99712598e+03
1.63821430e+01,4.03385938e+04,5.66934297e+04,4.78388438e+04,7.06007275e+03
1.68293781e+01,4.61378164e+04,6.48098047e+04,5.18972656e+04,7.15534668e+03
1.72881241e+01,5.13581562e+04,7.20663516e+04,5.35358984e+04,7.28005420e+03
1.77586803e+01,5.51007930e+04,7.72222422e+04,5.36408828e+04,7.56275391e+03
1.82413464e+01,6.01527852e+04,8.42634844e+04,5.74637461e+04,8.52948633e+03
1.87364349e+01,6.68631797e+04,9.36396875e+04,6.27879180e+04,9.12837402e+03
1.92442665e+01,7.22178281e+04,1.01064609e+05,6.63008516e+04,9.16792578e+03
1.97651691e+01,7.05881953e+04,9.87060156e+04,6.30851719e+04,8.55207129e+03
2.02994785e+01,6.40255820e+04,8.95162422e+04,5.71908867e+04,7.97352051e+03
2.08475418e+01,6.29004414e+04,8.79623359e+04,5.70299102e+04,7.91559570e+03
2.14097099e+01,6.10882812e+04,8.54145938e+04,5.51772695e+04,7.11651416e+03
2.19863453e+01,5.54599414e+04,7.75699297e+04,5.13710977e+04,6.90291455e+03
2.25778236e+01,5.77561133e+04,8.08107891e+04,5.39743359e+04,6.58894434e+03
2.31845264e+01,5.57748320e+04,7.80314297e+04,5.13418750e+04,5.97783105e+03
2.38068466e+01,4.82910781e+04,6.75756094e+04,4.51401562e+04,5.02781543e+03
2.44451809e+01,2.96770996e+04,4.14922773e+04,2.57884258e+04,1.54915417e+03
2.50999470e+01,7.96361914e+03,1.10981377e+04,5.32735889e+03,2.82012577e+01
2.57715645e+01,1.47294165e+03,2.04044250e+03,5.86856506e+02,2.88513005e-01
2.64604683e+01,7.67344543e+02,1.06068176e+03,2.61375793e+02,2.45334897e-02
2.71671047e+01,4.13716766e+02,5.70264893e+02,9.58086395e+01,3.55812944e-02
2.78919277e+01,2.42427353e+02,3.33266022e+02,5.10751534e+01,2.29454376e-02
2.86354065e+01,1.19618889e+02,1.63884827e+02,2.53899193e+01,1.47806089e-02
2.93980217e+01,6.31186142e+01,8.65568161e+01,1.55799580e+01,1.57997981e-02
3.01802654e+01,3.59662819e+01,4.93507233e+01,7.47431374e+00,1.12460628e-02
3.09826431e+01,2.00943756e+01,2.75182590e+01,3.59001637e+00,5.51613048e-03
3.18056717e+01,6.68046856e+00,9.11634922e+00,8.36378515e-01,5.34734398e-04
3.26498833e+01,1.16153598e+00,1.57123315e+00,5.97697496e-02,5.79469372e-07
3.35158234e+01,1.34486258e-01,1.80093199e-01,2.26585730e-03,9.94096752e-08
3.44040565e+01,1.17944889e-02,1.55750234e-02,6.21657309e-05,1.37587737e-08
3.53151436e+01,1.19473191e-03,1.54611270e-03,3.01912155e-06,1.13899778e-09
3.62496834e+01,9.39265301e-05,1.19119133e-04,5.88186367e-07,9.56450752e-11
3.72082787e+01,1.50314986e-06,1.87770604e-06,3.89547132e-08,2.32292462e-12
3.81915474e+01,4.32271356e-08,5.44117817e-08,1.79735105e-09,1.03020010e-13
3.92001228e+01,2.04749817e-09,2.57749155e-09,1.15090354e-10,7.78966396e-15
4.02346535e+01,9.97839172e-11,1.26709310e-10,5.03096089e-12,5.08675949e-16
4.12958107e+01,4.63988396e-12,5.83674081e-12,2.35614506e-13,3.28804426e-17
4.23842850e+01,1.84495296e-13,2.30009994e-13,8.78891889e-15,1.69326498e-18
4.35007744e+01,5.66188543e-15,6.97974461e-15,2.75546647e-16,6.57854738e-20
4.46459999e+01,1.47886076e-16,1.80462408e-16,7.00864508e-18,2.07616154e-21
4.58207016e+01,3.16744972e-18,4.22906345e-18,1.30727366e-19,5.54020611e-23
4.70256386e+01,9.47056402e-20,1.37350652e-19,2.91003553e-21,1.45878239e-24
4.82615852e+01,3.04305126e-21,4.58763092e-21,7.28014170e-23,3.44706793e-26
4.95293465e+01,6.43349074e-23,9.63107531e-23,2.01872937e-24,4.76573050e-28
5.08297386e+01,6.47160631e-25,9.54624543e-25,2.47027293e-26,1.45148086e-30
5.21635971e+01,1.63691411e-27,2.32630594e-27,1.23797609e-28,5.90825795e-33
5.35317917e+01,1.42269378e-29,2.22065230e-29,7.24128312e-31,5.20197117e-35
5.49351997e+01,3.13099197e-31,4.27408194e-31,2.58590184e-32,3.74458913e-36
5.63747253e+01,8.39896297e-33,1.15581136e-32,6.12476821e-34,9.73580134e-38
5.78513031e+01,1.44616490e-34,1.79419388e-34,1.22703100e-35,2.39201648e-39
5.93278885e+01,1.33707475e-35,1.98099281e-35,6.80955361e-37,4.20389539e-41
6.08044662e+01,3.02855597e-37,4.24685943e-37,1.32394679e-38,0.00000000e+00
6.22810478e+01,1.73578841e-38,2.42704894e-38,6.19373921e-40,0.00000000e+00
6.37576256e+01,2.00385680e-40,2.43825933e-40,0.00000000e+00,0.00000000e+00
6.52341995e+01,0.00000000e+00,5.60519386e-42,0.00000000e+00,0.00000000e+00
6.67107849e+01,0.00000000e+00,0.00000000e+00,0.00000000e+00,0.00000000e+00
6.81873703e+01,0.00000000e+00,0.00000000e+00,0.00000000e+00,0.00000000e+00
6.96639481e+01,0.00000000e+00,0.00000000e+00,0.00000000e+00,0.00000000e+00
7.11405258e+01,0.00000000e+00,0.00000000e+00,0.00000000e+00,0.00000000e+00
7.26171036e+01,0.00000000e+00,0.00000000e+00,0.00000000e+00,0.00000000e+00
7.40936813e+01,0.00000000e+00,0.00000000e+00,0.00000000e+00,0.00000000e+00
7.55702591e+01,0.00000000e+00,0.00000000e+00,0.00000000e+00,0.00000000e+00
7.70468445e+01,0.00000000e+00,0.00000000e+00,0.00000000e+00,0.00000000e+00
7.85234222e+01,0.00000000e+00,0.00000000e+00,0.00000000e+00,0.00000000e+00
8.00000000e+01,0.00000000e+00,0.00000000e+00,0.00000000e+00,0.00000000e+00
