Height (km), 7_8 um ash conc (g/kg), 15_6 um ash conc (g/kg), 125 um ash conc (g/kg), 1 mm ash conc (g/kg)
0.00000000e+00,0.00000000e+00,0.00000000e+00,0.00000000e+00,0.00000000e+00
3.99999991e-02,1.77282054e-05,3.15088146e-05,8.21065530e-03,5.07677257e-01
7.99999982e-02,3.07858172e-05,5.45414296e-05,9.74739250e-03,5.83175957e-01
1.19999997e-01,4.61925301e-05,8.18008266e-05,1.10590877e-02,6.05469763e-01
1.59999996e-01,6.79077639e-05,1.19365912e-04,1.23176463e-02,6.77978277e-01
2.00000003e-01,9.68365639e-05,1.68104030e-04,1.30653335e-02,6.83665752e-01
2.39999995e-01,1.34547008e-04,2.31321479e-04,1.36964694e-02,7.45285809e-01
2.80000001e-01,1.91164232e-04,3.21776315e-04,1.40714832e-02,7.42561042e-01
3.19999993e-01,2.54159910e-04,4.22373734e-04,1.46246897e-02,7.78243303e-01
3.60000014e-01,3.43196414e-04,5.63869195e-04,1.54067390e-02,8.01779985e-01
4.00000006e-01,4.56110400e-04,7.40547315e-04,1.66313238e-02,8.33187759e-01
4.39999998e-01,5.73650061e-04,9.29613656e-04,1.83686353e-02,8.65528286e-01
4.79999989e-01,7.60306721e-04,1.22353528e-03,2.01990288e-02,9.05131102e-01
5.19999981e-01,1.05612061e-03,1.68516603e-03,2.35053934e-02,9.48086262e-01
5.60000002e-01,1.43484992e-03,2.26907339e-03,2.68610287e-02,1.00050986e+00
6.00000024e-01,2.21297913e-03,3.45358485e-03,3.10899708e-02,1.04973853e+00
6.41029537e-01,3.24061117e-03,5.04110986e-03,3.71228941e-02,1.11065388e+00
6.83115125e-01,4.98632388e-03,7.62493815e-03,4.31256592e-02,1.17009938e+00
7.26283848e-01,7.41774030e-03,1.12360660e-02,5.14666736e-02,1.23491526e+00
7.70563781e-01,1.04104234e-02,1.55987833e-02,5.95287308e-02,1.30056238e+00
8.15983355e-01,1.45881716e-02,2.16466766e-02,7.08519295e-02,1.36952686e+00
8.62571895e-01,1.89914200e-02,2.78035700e-02,7.91101009e-02,1.45231009e+00
9.10359621e-01,2.42170449e-02,3.50454226e-02,8.89209658e-02,1.53121507e+00
9.59377348e-01,2.84649190e-02,4.07193787e-02,9.15270746e-02,1.63042748e+00
1.00965667e+00,3.30907963e-02,4.70025986e-02,9.07450095e-02,1.75848138e+00
1.06123006e+00,3.81965153e-02,5.41753508e-02,8.08864459e-02,1.93104780e+00
1.11413085e+00,4.39470150e-02,6.26130626e-02,6.61178380e-02,2.15748930e+00
1.16839325e+00,5.00436649e-02,7.16213211e-02,5.39489761e-02,2.37328458e+00
1.22405231e+00,5.42632267e-02,7.77220577e-02,4.77554090e-02,3.41457224e+00
1.28114390e+00,5.70347756e-02,8.15144256e-02,4.73533422e-02,3.36864686e+00
1.33970511e+00,5.97474277e-02,8.49457458e-02,5.54951951e-02,4.71337080e+00
1.39977336e+00,1.44350303e+04,2.01942832e+04,1.42062578e+04,1.49696863e+03
1.46138775e+00,1.25358691e+04,1.75313086e+04,1.19889023e+04,1.13970959e+03
1.52458799e+00,7.53714355e+03,1.05407949e+04,7.23182275e+03,7.14346313e+02
1.58941495e+00,6.46560254e+03,9.04341016e+03,6.25969385e+03,6.73870911e+02
1.65591037e+00,6.09832520e+03,8.53052344e+03,5.94410352e+03,6.79599854e+02
1.72411728e+00,5.99673438e+03,8.38903516e+03,5.87569531e+03,7.02491333e+02
1.79407966e+00,5.96719238e+03,8.34811914e+03,5.86820605e+03,7.22325928e+02
1.86584306e+00,5.91464844e+03,8.27486914e+03,5.83096973e+03,7.37035217e+02
1.93945324e+00,5.81922998e+03,8.14158594e+03,5.74804102e+03,7.39267639e+02
2.01495814e+00,5.71465332e+03,7.99547998e+03,5.65505469e+03,7.44947021e+02
2.09240627e+00,5.65894922e+03,7.91777344e+03,5.61076953e+03,7.49985596e+02
2.17184782e+00,5.67507861e+03,7.94055859e+03,5.63736963e+03,7.69879150e+02
2.25333428e+00,5.75132178e+03,8.04741699e+03,5.72251562e+03,7.93303345e+02
2.33691788e+00,5.85323438e+03,8.19013623e+03,5.83120703e+03,8.17084045e+02
2.42265272e+00,5.93717188e+03,8.30764941e+03,5.91976855e+03,8.39724731e+02
2.51059437e+00,5.96335010e+03,8.34430566e+03,5.94914355e+03,8.52920837e+02
2.60079956e+00,5.91641650e+03,8.27865918e+03,5.90520557e+03,8.53115967e+02
2.69332647e+00,5.82763965e+03,8.15450195e+03,5.82028125e+03,8.49771973e+02
2.78823495e+00,5.74915723e+03,8.04477148e+03,5.74619482e+03,8.47565735e+02
2.88558602e+00,5.71859229e+03,8.00211035e+03,5.72064648e+03,8.53247375e+02
2.98544264e+00,5.75100098e+03,8.04755859e+03,5.75790137e+03,8.66166809e+02
3.08786964e+00,5.84591553e+03,8.18044922e+03,5.85698145e+03,8.88134705e+02
3.19293284e+00,5.95670801e+03,8.33551172e+03,5.97035791e+03,9.12789001e+02
3.30070019e+00,6.04710059e+03,8.46199512e+03,6.06207812e+03,9.28515991e+02
3.41124129e+00,6.09391211e+03,8.52747852e+03,6.10909375e+03,9.35618286e+02
3.52462745e+00,6.10051953e+03,8.53670703e+03,6.11583545e+03,9.41525635e+02
3.64093208e+00,6.06810693e+03,8.49133789e+03,6.08342676e+03,9.37458130e+02
3.76023054e+00,6.02464062e+03,8.43051953e+03,6.04048242e+03,9.35133667e+02
3.88259912e+00,5.98094238e+03,8.36938867e+03,5.99764062e+03,9.29536072e+02
4.00811720e+00,5.95647607e+03,8.33519434e+03,5.97491895e+03,9.31170288e+02
4.13686609e+00,5.95274170e+03,8.33001172e+03,5.97324805e+03,9.28290588e+02
4.26892853e+00,5.98816553e+03,8.37963477e+03,6.01102832e+03,9.40099670e+02
4.40439081e+00,6.03897119e+03,8.45075781e+03,6.06374805e+03,9.46005066e+02
4.54333878e+00,6.10763281e+03,8.54685938e+03,6.13411279e+03,9.59205627e+02
4.68586397e+00,6.16225928e+03,8.62328906e+03,6.18915869e+03,9.65832275e+02
4.83205652e+00,6.19821240e+03,8.67358301e+03,6.22544873e+03,9.72307068e+02
4.98201227e+00,6.23786328e+03,8.72906152e+03,6.26556543e+03,9.77590515e+02
5.13582754e+00,6.27685254e+03,8.78359961e+03,6.30459473e+03,9.81857422e+02
5.29360199e+00,6.32615430e+03,8.85256738e+03,6.35386914e+03,9.90200745e+02
5.45543718e+00,6.37438281e+03,8.92002148e+03,6.40169922e+03,9.94681335e+02
5.62143755e+00,6.42726172e+03,8.99397656e+03,6.45395752e+03,1.00081091e+03
5.79171038e+00,6.46060840e+03,9.04059668e+03,6.48641406e+03,1.00379388e+03
5.96636629e+00,6.47632471e+03,9.06254590e+03,6.50108594e+03,1.00299146e+03
6.14551687e+00,6.44907275e+03,9.02437500e+03,6.47281299e+03,9.99358032e+02
6.32927942e+00,6.38866943e+03,8.93985742e+03,6.41271680e+03,9.90122375e+02
6.51777077e+00,6.35063428e+03,8.88666895e+03,6.37621191e+03,9.86861938e+02
6.71111441e+00,6.34918506e+03,8.88467480e+03,6.37651611e+03,9.87575684e+02
6.90943432e+00,6.39537744e+03,8.94937305e+03,6.42576807e+03,9.97199219e+02
7.11285782e+00,6.53841211e+03,9.14953027e+03,6.57060645e+03,1.01885144e+03
7.32151794e+00,6.66705078e+03,9.32949316e+03,6.69966260e+03,1.03895605e+03
7.53554821e+00,6.79591211e+03,9.50977930e+03,6.82971582e+03,1.05777673e+03
7.75508738e+00,6.90043848e+03,9.65589160e+03,6.93168945e+03,1.07544495e+03
7.98027754e+00,6.83463135e+03,9.56383203e+03,6.87047656e+03,1.07153491e+03
8.21126270e+00,6.90626953e+03,9.66408105e+03,6.94654443e+03,1.08858997e+03
8.44819450e+00,6.74941406e+03,9.44461719e+03,6.79387158e+03,1.06911829e+03
8.69122219e+00,6.87316846e+03,9.61814844e+03,6.93566016e+03,1.10058008e+03
8.94050789e+00,7.17448096e+03,1.00396670e+04,7.23629150e+03,1.13308850e+03
9.19620800e+00,6.98856836e+03,9.77991211e+03,7.06243701e+03,1.11552515e+03
9.45849037e+00,7.47663135e+03,1.04633594e+04,7.56141699e+03,1.19447253e+03
9.72752285e+00,6.82480127e+03,9.55134082e+03,6.90408154e+03,1.10291284e+03
1.00034800e+01,5.72033838e+03,8.00642871e+03,5.82237695e+03,9.69419678e+02
1.02865391e+01,6.22551074e+03,8.71416504e+03,6.37973682e+03,1.07371765e+03
1.05768833e+01,7.83675439e+03,1.09686748e+04,8.01867188e+03,1.30279114e+03
1.08747025e+01,8.50314941e+03,1.19001387e+04,8.67612988e+03,1.35932825e+03
1.11801853e+01,8.30824805e+03,1.16267939e+04,8.49377246e+03,1.30590674e+03
1.14935322e+01,7.66249512e+03,1.07230303e+04,7.90414844e+03,1.19565454e+03
1.18149433e+01,5.34041211e+03,7.47528027e+03,5.71600293e+03,8.74147888e+02
1.21446266e+01,4.09768506e+03,5.73879883e+03,4.65948975e+03,7.27707031e+02
1.24827967e+01,4.64786426e+03,6.51094629e+03,5.40224609e+03,8.05163330e+02
1.28296700e+01,5.35521289e+03,7.50387842e+03,6.30281055e+03,8.69483154e+02
1.31854706e+01,5.70492676e+03,7.99905176e+03,6.86014209e+03,8.69954773e+02
1.35504293e+01,6.48583691e+03,9.10040137e+03,7.74106982e+03,9.20734375e+02
1.39247818e+01,7.40587598e+03,1.03915469e+04,8.54132031e+03,9.34524231e+02
1.43087692e+01,6.35083740e+03,8.91416602e+03,7.40695801e+03,6.91476318e+02
1.47026405e+01,4.67593457e+03,6.57289990e+03,5.60955225e+03,4.33186035e+02
1.51066484e+01,4.45995410e+03,6.26769434e+03,4.97750244e+03,3.59469482e+02
1.55210552e+01,5.17081348e+03,7.25246875e+03,5.16034277e+03,3.81790283e+02
1.59461288e+01,6.32961035e+03,8.85680566e+03,5.89667334e+03,4.62166656e+02
1.63821430e+01,7.32274609e+03,1.02329990e+04,6.68757373e+03,5.54824280e+02
1.68293781e+01,7.32502051e+03,1.02348672e+04,6.49869238e+03,5.18080017e+02
1.72881241e+01,6.29700342e+03,8.79208691e+03,5.12989795e+03,3.45385162e+02
1.77586803e+01,5.25400635e+03,7.32312646e+03,3.73189648e+03,2.23187332e+02
1.82413464e+01,4.62396924e+03,6.43077979e+03,2.94684985e+03,1.81731186e+02
1.87364349e+01,3.94426660e+03,5.47626367e+03,2.46522412e+03,1.77415527e+02
1.92442665e+01,3.37466650e+03,4.68560449e+03,2.24202368e+03,1.82086655e+02
1.97651691e+01,2.63559790e+03,3.66107031e+03,1.85390479e+03,1.56733673e+02
2.02994785e+01,1.96243494e+03,2.72728833e+03,1.41688452e+03,9.89468231e+01
2.08475418e+01,1.33114539e+03,1.84794897e+03,8.68591980e+02,2.92330780e+01
2.14097099e+01,6.38377197e+02,8.82106689e+02,2.91907166e+02,2.95705485e+00
2.19863453e+01,2.65041199e+02,3.63585510e+02,6.31450348e+01,4.91714776e-02
2.25778236e+01,1.73199829e+02,2.37062622e+02,3.30790062e+01,1.16568683e-02
2.31845264e+01,1.16462524e+02,1.59169617e+02,2.12211094e+01,4.76516131e-03
2.38068466e+01,7.29793091e+01,9.96837463e+01,1.48923893e+01,2.04211683e-03
2.44451809e+01,4.26842651e+01,5.82789383e+01,9.21761513e+00,5.36495296e-04
2.50999470e+01,2.20716248e+01,3.01210995e+01,4.87925482e+00,8.67807976e-05
2.57715645e+01,9.74416351e+00,1.32808189e+01,1.93540215e+00,1.63469231e-05
2.64604683e+01,3.52588844e+00,4.79277992e+00,5.79323947e-01,8.29152850e-06
2.71671047e+01,9.70730960e-01,1.31128573e+00,1.09645225e-01,3.38248947e-06
2.78919277e+01,2.30941653e-01,3.09736967e-01,1.45823974e-02,1.12517353e-06
2.86354065e+01,5.76544255e-02,7.69252554e-02,1.59457943e-03,3.62256174e-07
2.93980217e+01,1.41460095e-02,1.88281853e-02,3.23597749e-04,1.03824263e-07
3.01802654e+01,3.15958424e-03,4.19269362e-03,5.33369021e-05,2.44625866e-08
3.09826431e+01,5.75812941e-04,7.60879542e-04,8.13473707e-06,4.56919080e-09
3.18056717e+01,7.88717880e-05,1.03861516e-04,1.91384447e-06,5.84442938e-10
3.26498833e+01,9.69189750e-06,1.28348693e-05,2.67979090e-07,6.43309434e-11
3.35158234e+01,1.36659537e-06,1.81693065e-06,7.13694703e-08,1.14934390e-11
3.44040565e+01,1.85140493e-07,2.45267017e-07,1.23222206e-08,1.86507840e-12
3.53151436e+01,1.71918639e-08,2.20687593e-08,1.16713950e-09,1.24940097e-13
3.62496834e+01,2.13645768e-09,2.72100897e-09,2.03399686e-10,1.25853223e-14
3.72082787e+01,1.24807331e-10,1.60770536e-10,1.56159894e-11,1.32419689e-15
3.81915474e+01,1.60075338e-12,1.99823968e-12,3.67425647e-14,6.54947183e-17
3.92001228e+01,1.94431629e-13,2.53506878e-13,1.67904360e-14,5.28407525e-18
4.02346535e+01,2.61698092e-15,3.28634130e-15,3.58468526e-16,1.10023190e-19
4.12958107e+01,7.95452347e-17,1.07995549e-16,2.33579625e-17,3.37639051e-21
4.23842850e+01,5.48646815e-18,8.02204225e-18,1.42483122e-18,2.63994889e-22
4.35007744e+01,3.75308594e-19,5.65154145e-19,9.11743416e-20,2.65299255e-23
4.46459999e+01,2.15674468e-20,2.96710946e-20,3.45749258e-21,2.00660478e-24
4.58207016e+01,8.66287212e-22,1.13774190e-21,2.09598654e-23,7.69351512e-26
4.70256386e+01,3.79902317e-23,4.99205223e-23,4.51243180e-25,3.10927523e-27
4.82615852e+01,4.71454881e-25,6.02761912e-25,6.43683343e-27,7.81983831e-29
4.95293465e+01,1.20572989e-27,9.51813453e-28,8.09625319e-29,1.91935526e-30
5.08297386e+01,2.20724978e-29,1.43148896e-29,2.21746853e-30,2.87712469e-32
5.21635971e+01,2.44205331e-31,1.13525835e-31,3.99622705e-32,3.56965125e-34
5.35317917e+01,2.54363221e-33,2.38275442e-33,1.72248264e-34,2.04801138e-36
5.49351997e+01,2.66651653e-35,3.00342250e-35,7.04246377e-37,1.99544901e-39
5.63747253e+01,7.51572418e-38,9.50066346e-38,2.77737356e-39,2.38220739e-41
5.78513031e+01,1.28218809e-39,1.26957641e-39,1.40129846e-41,0.00000000e+00
5.93278885e+01,1.40129846e-42,1.40129846e-42,0.00000000e+00,0.00000000e+00
6.08044662e+01,0.00000000e+00,0.00000000e+00,0.00000000e+00,0.00000000e+00
6.22810478e+01,0.00000000e+00,0.00000000e+00,0.00000000e+00,0.00000000e+00
6.37576256e+01,0.00000000e+00,0.00000000e+00,0.00000000e+00,0.00000000e+00
6.52341995e+01,0.00000000e+00,0.00000000e+00,0.00000000e+00,0.00000000e+00
6.67107849e+01,0.00000000e+00,0.00000000e+00,0.00000000e+00,0.00000000e+00
6.81873703e+01,0.00000000e+00,0.00000000e+00,0.00000000e+00,0.00000000e+00
6.96639481e+01,0.00000000e+00,0.00000000e+00,0.00000000e+00,0.00000000e+00
7.11405258e+01,0.00000000e+00,0.00000000e+00,0.00000000e+00,0.00000000e+00
7.26171036e+01,0.00000000e+00,0.00000000e+00,0.00000000e+00,0.00000000e+00
7.40936813e+01,0.00000000e+00,0.00000000e+00,0.00000000e+00,0.00000000e+00
7.55702591e+01,0.00000000e+00,0.00000000e+00,0.00000000e+00,0.00000000e+00
7.70468445e+01,0.00000000e+00,0.00000000e+00,0.00000000e+00,0.00000000e+00
7.85234222e+01,0.00000000e+00,0.00000000e+00,0.00000000e+00,0.00000000e+00
8.00000000e+01,0.00000000e+00,0.00000000e+00,0.00000000e+00,0.00000000e+00
