Height (km), 7_8 um ash conc (g/kg), 15_6 um ash conc (g/kg), 125 um ash conc (g/kg), 1 mm ash conc (g/kg)
0.00000000e+00,0.00000000e+00,0.00000000e+00,0.00000000e+00,0.00000000e+00
3.99999991e-02,3.35996534e-30,5.14283518e-30,1.38661717e-26,2.61033106e+00
7.99999982e-02,2.17015173e-27,3.30853695e-27,6.12958413e-24,2.95492649e+00
1.19999997e-01,1.92662131e-25,2.97215894e-25,5.08103365e-22,3.00144863e+00
1.59999996e-01,6.52109501e-24,1.00719189e-23,2.46823328e-20,3.34968519e+00
2.00000003e-01,4.56095394e-22,7.09967545e-22,2.00517038e-18,3.56087279e+00
2.39999995e-01,7.67540244e-21,1.20413183e-20,3.15691661e-17,3.91572857e+00
2.80000001e-01,8.12170451e-20,1.28083955e-19,3.37207284e-16,4.11010790e+00
3.19999993e-01,7.37966754e-19,1.16723808e-18,2.83909266e-15,4.51876497e+00
3.60000014e-01,4.99754567e-18,7.92706372e-18,2.05995380e-14,4.83397818e+00
4.00000006e-01,3.89030156e-17,6.17901932e-17,1.40242066e-13,5.45478249e+00
4.39999998e-01,2.01707291e-16,3.21854865e-16,7.93430154e-13,5.84021330e+00
4.79999989e-01,1.02727161e-15,1.64355552e-15,4.27674866e-12,6.63078594e+00
5.19999981e-01,6.05476811e-15,9.66660512e-15,2.31829694e-11,7.05675220e+00
5.60000002e-01,3.13473578e-14,5.01088666e-14,1.13316440e-10,7.57493258e+00
6.00000024e-01,1.40048617e-13,2.25282358e-13,6.01809935e-10,8.17984200e+00
6.41029537e-01,9.68546098e-13,1.53462236e-12,3.20598925e-09,8.53426266e+00
6.83115125e-01,3.27844240e-12,5.30321056e-12,2.00601704e-08,9.78254223e+00
7.26283848e-01,1.64163769e-11,2.58689181e-11,2.42063976e-07,9.56309128e+00
7.70563781e-01,5.55890334e-11,8.87112467e-11,5.24746247e-06,1.09976969e+01
8.15983355e-01,2.82496637e-10,4.42081594e-10,3.44470245e-05,1.15195589e+01
8.62571895e-01,7.34874606e-10,1.17701671e-09,3.38302401e-04,1.32211084e+01
9.10359621e-01,3.09211057e-09,4.80306550e-09,2.10394897e-03,1.33705664e+01
9.59377348e-01,8.01001576e-09,1.27185364e-08,4.81553003e-03,1.55687532e+01
1.00965667e+00,3.16395941e-08,4.99808692e-08,1.28217991e-02,1.51072226e+01
1.06123006e+00,1.29056303e-07,2.10784222e-07,2.59547643e-02,1.70563011e+01
1.11413085e+00,6.41062456e-07,1.18179832e-06,3.68041955e-02,1.82616997e+01
1.16839325e+00,3.47063474e-06,7.87340468e-06,4.48796973e-02,1.98634949e+01
1.22405231e+00,1.04374049e-05,2.19156209e-05,6.56840354e-02,2.25130882e+01
1.28114390e+00,1.86897760e-05,3.46232773e-05,9.44979563e-02,2.34190273e+01
1.33970511e+00,2.43083796e-05,4.26892948e-05,1.09148316e-01,2.62466106e+01
1.39977336e+00,2.01645840e+04,2.82466406e+04,1.99709258e+04,2.07267407e+03
1.46138775e+00,2.50016875e+04,3.50029062e+04,2.34960781e+04,1.93411426e+03
1.52458799e+00,1.49420498e+04,2.09158887e+04,1.40255938e+04,1.25166309e+03
1.58941495e+00,1.31935664e+04,1.84733398e+04,1.26291523e+04,1.29179053e+03
1.65591037e+00,1.22814707e+04,1.71991016e+04,1.19035801e+04,1.33673584e+03
1.72411728e+00,1.21518535e+04,1.70202852e+04,1.19170518e+04,1.46143457e+03
1.79407966e+00,1.28423662e+04,1.79903398e+04,1.27449863e+04,1.69014685e+03
1.86584306e+00,1.43445859e+04,2.00976055e+04,1.43897773e+04,2.02961292e+03
1.93945324e+00,1.64327285e+04,2.30253359e+04,1.66053594e+04,2.41516772e+03
2.01495814e+00,1.85236504e+04,2.59558398e+04,1.87667324e+04,2.72858179e+03
2.09240627e+00,1.99858164e+04,2.80038711e+04,2.02117344e+04,2.86393140e+03
2.17184782e+00,2.05091250e+04,2.87351016e+04,2.06333867e+04,2.80188818e+03
2.25333428e+00,2.00137871e+04,2.80383320e+04,1.99825977e+04,2.58050439e+03
2.33691788e+00,1.86206719e+04,2.60838398e+04,1.84350625e+04,2.26604736e+03
2.42265272e+00,1.67839199e+04,2.35086895e+04,1.64904336e+04,1.96462659e+03
2.51059437e+00,1.48880508e+04,2.08517480e+04,1.45436797e+04,1.70061096e+03
2.60079956e+00,1.31251055e+04,1.83819023e+04,1.27774414e+04,1.50334021e+03
2.69332647e+00,1.16072705e+04,1.62560430e+04,1.12877969e+04,1.34786780e+03
2.78823495e+00,1.03816084e+04,1.45398457e+04,1.01069121e+04,1.25134961e+03
2.88558602e+00,9.46266992e+03,1.32535186e+04,9.24011133e+03,1.18431396e+03
2.98544264e+00,8.87867969e+03,1.24365361e+04,8.71200586e+03,1.17911194e+03
3.08786964e+00,8.64886328e+03,1.21158037e+04,8.54126172e+03,1.20977454e+03
3.19293284e+00,8.77687500e+03,1.22964766e+04,8.73405859e+03,1.30396838e+03
3.30070019e+00,9.32288477e+03,1.30628613e+04,9.35192188e+03,1.45325623e+03
3.41124129e+00,1.03700400e+04,1.45314434e+04,1.04793125e+04,1.68696472e+03
3.52462745e+00,1.19548262e+04,1.67533516e+04,1.21554570e+04,1.99906177e+03
3.64093208e+00,1.40762949e+04,1.97272344e+04,1.43819141e+04,2.40061597e+03
3.76023054e+00,1.67373320e+04,2.34570684e+04,1.71619922e+04,2.88942847e+03
3.88259912e+00,1.97980391e+04,2.77466172e+04,2.03467930e+04,3.43735229e+03
4.00811720e+00,2.27876934e+04,3.19358750e+04,2.34316230e+04,3.92058130e+03
4.13686609e+00,2.49164785e+04,3.49175664e+04,2.55657988e+04,4.16811426e+03
4.26892853e+00,2.55894062e+04,3.58578906e+04,2.61217598e+04,4.07286353e+03
4.40439081e+00,2.48309805e+04,3.47917812e+04,2.51554434e+04,3.71083130e+03
4.54333878e+00,2.30694082e+04,3.23201562e+04,2.31637070e+04,3.23113232e+03
4.68586397e+00,2.09000781e+04,2.92780742e+04,2.08057617e+04,2.77208691e+03
4.83205652e+00,1.87913730e+04,2.63219414e+04,1.85694062e+04,2.40144629e+03
4.98201227e+00,1.68777773e+04,2.36401230e+04,1.65876152e+04,2.11621460e+03
5.13582754e+00,1.52573242e+04,2.13697812e+04,1.49473965e+04,1.91875098e+03
5.29360199e+00,1.39243301e+04,1.95025898e+04,1.36237363e+04,1.77648535e+03
5.45543718e+00,1.28338350e+04,1.79755508e+04,1.25676250e+04,1.68615955e+03
5.62143755e+00,1.21160420e+04,1.69707754e+04,1.18923154e+04,1.64330554e+03
5.79171038e+00,1.13897227e+04,1.59539551e+04,1.12085293e+04,1.60019482e+03
5.96636629e+00,1.08877070e+04,1.52519863e+04,1.07774814e+04,1.60069421e+03
6.14551687e+00,1.08285342e+04,1.51697871e+04,1.07584922e+04,1.63638513e+03
6.32927942e+00,1.03518154e+04,1.45029746e+04,1.03430557e+04,1.62914844e+03
6.51777077e+00,1.12984795e+04,1.58309170e+04,1.13743701e+04,1.82831384e+03
6.71111441e+00,1.20727910e+04,1.69153672e+04,1.21454434e+04,1.93153467e+03
6.90943432e+00,1.22096250e+04,1.71085000e+04,1.23621748e+04,2.02718616e+03
7.11285782e+00,1.50254424e+04,2.10544590e+04,1.52329385e+04,2.44100269e+03
7.32151794e+00,1.60029287e+04,2.24222461e+04,1.61647744e+04,2.55040942e+03
7.53554821e+00,1.70645449e+04,2.39106797e+04,1.73146426e+04,2.77682153e+03
7.75508738e+00,2.40218340e+04,3.36597578e+04,2.43952871e+04,3.80746240e+03
7.98027754e+00,2.67522656e+04,3.74833906e+04,2.70431914e+04,4.00882520e+03
8.21126270e+00,2.09767539e+04,2.93885234e+04,2.10341895e+04,2.96300195e+03
8.44819450e+00,1.64087051e+04,2.29879766e+04,1.63957090e+04,2.30285449e+03
8.69122219e+00,1.52036318e+04,2.13060664e+04,1.54398574e+04,2.38947119e+03
8.94050789e+00,2.00335781e+04,2.80747168e+04,2.03128457e+04,3.05926562e+03
9.19620800e+00,2.03631719e+04,2.85315098e+04,2.04367520e+04,2.93215747e+03
9.45849037e+00,1.73241172e+04,2.42712383e+04,1.73282246e+04,2.47851709e+03
9.72752285e+00,1.52668496e+04,2.13870703e+04,1.52270879e+04,2.16477271e+03
1.00034800e+01,1.09359209e+04,1.53207764e+04,1.09713057e+04,1.62269275e+03
1.02865391e+01,7.58038428e+03,1.06221318e+04,7.72959961e+03,1.22602441e+03
1.05768833e+01,8.36844238e+03,1.17248701e+04,8.51432227e+03,1.29202832e+03
1.08747025e+01,1.16109160e+04,1.62653672e+04,1.17528623e+04,1.66331226e+03
1.11801853e+01,1.43429463e+04,2.00934746e+04,1.45928193e+04,2.01971362e+03
1.14935322e+01,1.50087988e+04,2.10282598e+04,1.54146650e+04,2.11531665e+03
1.18149433e+01,1.46789883e+04,2.05691934e+04,1.52903818e+04,2.08690454e+03
1.21446266e+01,1.45882178e+04,2.04437637e+04,1.53528418e+04,1.99330005e+03
1.24827967e+01,1.13857041e+04,1.59583008e+04,1.23391172e+04,1.46619348e+03
1.28296700e+01,5.69177734e+03,7.98919385e+03,7.21554053e+03,7.93204041e+02
1.31854706e+01,3.04951709e+03,4.29819873e+03,5.25826172e+03,5.25282715e+02
1.35504293e+01,3.08875366e+03,4.36382227e+03,5.93314990e+03,5.19760620e+02
1.39247818e+01,4.11140479e+03,5.81393652e+03,7.49385352e+03,5.86700928e+02
1.43087692e+01,5.63948389e+03,7.98321240e+03,8.98318262e+03,6.52383057e+02
1.47026405e+01,7.43587305e+03,1.05192656e+04,9.79354883e+03,6.94885071e+02
1.51066484e+01,9.10431055e+03,1.28374219e+04,1.01622432e+04,7.18748047e+02
1.55210552e+01,1.02134766e+04,1.43538750e+04,1.02547402e+04,6.99739319e+02
1.59461288e+01,1.04939795e+04,1.47147686e+04,9.64210352e+03,6.05343018e+02
1.63821430e+01,1.06674824e+04,1.49332314e+04,9.01693848e+03,5.34717041e+02
1.68293781e+01,1.13641211e+04,1.58867656e+04,8.82995996e+03,5.33314148e+02
1.72881241e+01,1.20314248e+04,1.67919375e+04,8.75883887e+03,5.54563965e+02
1.77586803e+01,1.19792363e+04,1.66982168e+04,8.53931738e+03,5.93400818e+02
1.82413464e+01,1.14777383e+04,1.59920254e+04,8.23618262e+03,6.51252686e+02
1.87364349e+01,1.10252646e+04,1.53619355e+04,8.08202051e+03,7.17405640e+02
1.92442665e+01,1.02556465e+04,1.42927969e+04,7.72429541e+03,7.27985352e+02
1.97651691e+01,9.29395117e+03,1.29567988e+04,7.13845410e+03,6.64218323e+02
2.02994785e+01,8.64579883e+03,1.20533096e+04,6.78352051e+03,5.76178589e+02
2.08475418e+01,6.77893213e+03,9.44933594e+03,5.29010693e+03,3.44915619e+02
2.14097099e+01,4.80649219e+03,6.69757178e+03,3.55733301e+03,1.90417496e+02
2.19863453e+01,3.42408569e+03,4.76857617e+03,2.39672412e+03,1.06911476e+02
2.25778236e+01,1.68661865e+03,2.34248755e+03,9.40719360e+02,1.48407354e+01
2.31845264e+01,6.06389465e+02,8.36784973e+02,1.89248260e+02,4.34554994e-01
2.38068466e+01,3.87074219e+02,5.33448425e+02,9.88216934e+01,2.29678359e-02
2.44451809e+01,2.97418152e+02,4.09429596e+02,6.83489685e+01,1.27915181e-02
2.50999470e+01,2.35603363e+02,3.24200562e+02,5.71738358e+01,6.68086391e-03
2.57715645e+01,1.76822281e+02,2.43063828e+02,4.03955078e+01,4.12707869e-03
2.64604683e+01,1.04214493e+02,1.42909973e+02,2.10775394e+01,1.86938292e-03
2.71671047e+01,5.12316628e+01,7.01545486e+01,1.02783575e+01,9.80490586e-04
2.78919277e+01,2.46493874e+01,3.36990700e+01,4.59577513e+00,2.82313180e-04
2.86354065e+01,1.05059204e+01,1.43371239e+01,1.87011790e+00,3.81778154e-05
2.93980217e+01,2.92432547e+00,3.97138453e+00,3.82570237e-01,6.54000769e-06
3.01802654e+01,8.14453483e-01,1.10065615e+00,4.76113521e-02,1.89269451e-06
3.09826431e+01,2.20274061e-01,2.96433330e-01,1.39068356e-02,5.44453428e-07
3.18056717e+01,1.21968649e-01,1.65469840e-01,9.69592016e-03,1.90027421e-07
3.26498833e+01,4.64531966e-02,6.24443293e-02,1.26576237e-03,1.06309642e-07
3.35158234e+01,1.50060002e-03,1.92766893e-03,6.36461300e-06,8.05993050e-09
3.44040565e+01,9.20677121e-05,1.21356847e-04,8.12875271e-07,2.65363398e-10
3.53151436e+01,3.19192099e-04,4.22731071e-04,5.49047058e-07,9.98624863e-11
3.62496834e+01,1.21985738e-06,1.60925924e-06,8.42030623e-09,5.73230482e-12
3.72082787e+01,1.10412849e-07,1.45698380e-07,7.73395459e-10,7.07766772e-14
3.81915474e+01,4.69843364e-09,6.15830320e-09,5.88677510e-11,4.24493823e-15
3.92001228e+01,1.00567339e-10,1.31979760e-10,2.81447782e-12,2.58639737e-16
4.02346535e+01,1.57523517e-12,2.06419690e-12,4.69814583e-14,6.84009504e-18
4.12958107e+01,1.62772980e-13,2.11203098e-13,2.03313001e-15,3.74108174e-19
4.23842850e+01,1.85782955e-15,2.50216349e-15,6.16233873e-17,9.80884018e-21
4.35007744e+01,2.59276471e-17,3.38630736e-17,1.35169915e-18,2.57020980e-22
4.46459999e+01,7.84320042e-19,1.06039302e-18,3.65553925e-20,7.36588221e-24
4.58207016e+01,1.68033534e-20,2.16294579e-20,9.84257283e-22,1.03870770e-25
4.70256386e+01,3.57286893e-22,4.73600129e-22,1.98747163e-23,2.38845126e-27
4.82615852e+01,5.82813395e-24,7.79808805e-24,3.12621928e-25,2.89444460e-29
4.95293465e+01,7.65308415e-26,1.02976571e-25,3.81087302e-27,3.97286152e-31
5.08297386e+01,1.18274690e-27,1.60696956e-27,5.59958594e-29,6.42566575e-33
5.21635971e+01,3.71501896e-29,4.69970782e-29,2.96849338e-30,2.61373488e-34
5.35317917e+01,2.86147628e-31,3.83400460e-31,1.74849113e-32,1.43789769e-36
5.49351997e+01,2.46664030e-32,2.77425924e-32,1.81155930e-33,1.20357525e-37
5.63747253e+01,1.15296848e-34,1.95474149e-34,7.66974621e-36,3.53127213e-40
5.78513031e+01,1.80518064e-35,2.02745985e-35,1.58482076e-36,5.04467447e-41
5.93278885e+01,2.41560044e-37,3.32861657e-37,1.76871892e-38,0.00000000e+00
6.08044662e+01,1.39317093e-38,1.58697051e-38,1.06218424e-39,0.00000000e+00
6.22810478e+01,2.88667484e-40,3.46120721e-40,1.68155816e-41,0.00000000e+00
6.37576256e+01,1.40129846e-42,2.80259693e-42,0.00000000e+00,0.00000000e+00
6.52341995e+01,0.00000000e+00,0.00000000e+00,0.00000000e+00,0.00000000e+00
6.67107849e+01,0.00000000e+00,0.00000000e+00,0.00000000e+00,0.00000000e+00
6.81873703e+01,0.00000000e+00,0.00000000e+00,0.00000000e+00,0.00000000e+00
6.96639481e+01,0.00000000e+00,0.00000000e+00,0.00000000e+00,0.00000000e+00
7.11405258e+01,0.00000000e+00,0.00000000e+00,0.00000000e+00,0.00000000e+00
7.26171036e+01,0.00000000e+00,0.00000000e+00,0.00000000e+00,0.00000000e+00
7.40936813e+01,0.00000000e+00,0.00000000e+00,0.00000000e+00,0.00000000e+00
7.55702591e+01,0.00000000e+00,0.00000000e+00,0.00000000e+00,0.00000000e+00
7.70468445e+01,0.00000000e+00,0.00000000e+00,0.00000000e+00,0.00000000e+00
7.85234222e+01,0.00000000e+00,0.00000000e+00,0.00000000e+00,0.00000000e+00
8.00000000e+01,0.00000000e+00,0.00000000e+00,0.00000000e+00,0.00000000e+00
