Height (km), 7_8 um ash conc (g/kg), 15_6 um ash conc (g/kg), 125 um ash conc (g/kg), 1 mm ash conc (g/kg)
0.00000000e+00,0.00000000e+00,0.00000000e+00,0.00000000e+00,0.00000000e+00
3.99999991e-02,1.41199417e-08,2.03373318e-08,1.09209868e-08,2.25027723e-16
7.99999982e-02,8.19789493e-05,1.18894386e-04,6.74761031e-05,1.11033459e-12
1.19999997e-01,1.59006175e-02,2.19604727e-02,3.61489528e-03,2.33114389e-10
1.59999996e-01,3.52814645e-01,4.71548647e-01,3.26736569e-02,5.83968784e-09
2.00000003e-01,1.25837195e+00,1.66605890e+00,9.12960246e-02,3.18132720e-08
2.39999995e-01,2.57644796e+00,3.39947176e+00,1.75234646e-01,1.14265632e-07
2.80000001e-01,4.08644485e+00,5.37881947e+00,2.60316461e-01,7.96899258e-06
3.19999993e-01,6.05492163e+00,7.95949554e+00,3.68745416e-01,7.65044679e-05
3.60000014e-01,8.41182232e+00,1.10585699e+01,5.24552047e-01,1.11013520e-04
4.00000006e-01,1.08202085e+01,1.42229195e+01,6.33604348e-01,2.80652224e-04
4.39999998e-01,1.40567598e+01,1.84666386e+01,7.65964925e-01,6.20030507e-04
4.79999989e-01,1.74071770e+01,2.28488388e+01,9.03291225e-01,7.81482027e-04
5.19999981e-01,2.06727734e+01,2.70359898e+01,9.58195865e-01,1.06081599e-03
5.60000002e-01,2.53608990e+01,3.30432968e+01,1.07120061e+00,1.36430305e-03
6.00000024e-01,2.73188801e+01,3.54024048e+01,1.07020831e+00,1.92317518e-03
6.41029537e-01,3.11826725e+01,4.01706467e+01,1.09367013e+00,2.26235786e-03
6.83115125e-01,2.87224388e+01,3.68681526e+01,1.04424202e+00,2.64193607e-03
7.26283848e-01,2.89291592e+01,3.70666542e+01,1.09890771e+00,2.77191843e-03
7.70563781e-01,2.61129894e+01,3.34188728e+01,1.05810452e+00,3.71076842e-03
8.15983355e-01,2.53592510e+01,3.24832153e+01,1.08556247e+00,3.47936992e-03
8.62571895e-01,2.31519985e+01,2.97687664e+01,1.14266384e+00,4.31028288e-03
9.10359621e-01,2.65622787e+01,3.44723358e+01,2.14541674e+00,4.84754518e-03
9.59377348e-01,3.20543137e+01,4.20682411e+01,3.17399859e+00,4.98361327e-03
1.00965667e+00,5.14736328e+01,6.83529282e+01,6.15800953e+00,6.95645204e-03
1.06123006e+00,7.23851166e+01,9.59558945e+01,7.28557396e+00,6.16416568e-03
1.11413085e+00,6.95476685e+01,9.17171555e+01,6.42519712e+00,1.02179376e-02
1.16839325e+00,6.17509689e+01,8.15194244e+01,6.56972790e+00,8.64898507e-03
1.22405231e+00,5.73575478e+01,7.64353409e+01,8.56072521e+00,1.36463931e-02
1.28114390e+00,8.17578049e+01,1.10232498e+02,1.66750641e+01,1.28383664e-02
1.33970511e+00,8.65851318e+02,1.19612793e+03,2.39539398e+02,2.20988989e-02
1.39977336e+00,6.25922461e+04,8.70020078e+04,3.73985430e+04,3.99670508e+03
1.46138775e+00,2.75056500e+05,3.82991000e+05,1.71634094e+05,6.25182227e+03
1.52458799e+00,5.93946250e+05,8.27589250e+05,4.05568000e+05,9.77477148e+03
1.58941495e+00,5.82173125e+05,8.07147000e+05,2.52695406e+05,3.20025464e+03
1.65591037e+00,5.03579469e+05,6.97063750e+05,1.96942578e+05,5.75292114e+02
1.72411728e+00,4.05295719e+05,5.60672750e+05,1.48304922e+05,4.60447350e+01
1.79407966e+00,3.16146500e+05,4.37421562e+05,1.17323953e+05,4.58328743e+01
1.86584306e+00,2.45298500e+05,3.39472812e+05,9.31165469e+04,3.09722633e+01
1.93945324e+00,1.91953750e+05,2.65657500e+05,7.33906094e+04,2.42824097e+01
2.01495814e+00,1.55617969e+05,2.15366578e+05,5.95826992e+04,1.93340092e+01
2.09240627e+00,1.32787594e+05,1.83767625e+05,5.08441641e+04,1.61466064e+01
2.17184782e+00,1.18139547e+05,1.63488234e+05,4.50975156e+04,1.37154818e+01
2.25333428e+00,1.06376219e+05,1.47188562e+05,4.02231875e+04,1.16709328e+01
2.33691788e+00,9.36005156e+04,1.29488375e+05,3.49935742e+04,9.89941120e+00
2.42265272e+00,8.22480781e+04,1.13771672e+05,3.05316953e+04,8.65518188e+00
2.51059437e+00,7.50069922e+04,1.03751203e+05,2.77535547e+04,7.84064960e+00
2.60079956e+00,7.07314141e+04,9.78341406e+04,2.61156250e+04,7.31164598e+00
2.69332647e+00,6.80338438e+04,9.40997500e+04,2.50674688e+04,6.91238880e+00
2.78823495e+00,6.62616953e+04,9.16465312e+04,2.43857422e+04,6.63625813e+00
2.88558602e+00,6.50513672e+04,8.99728281e+04,2.39616680e+04,6.44657516e+00
2.98544264e+00,6.47112852e+04,8.95069688e+04,2.39259160e+04,6.40678596e+00
3.08786964e+00,6.55592891e+04,9.06869062e+04,2.43583887e+04,6.43007565e+00
3.19293284e+00,6.70223750e+04,9.27144219e+04,2.49418750e+04,6.46229172e+00
3.30070019e+00,6.85930156e+04,9.48850938e+04,2.54421445e+04,6.40893221e+00
3.41124129e+00,6.97581719e+04,9.64904453e+04,2.57264102e+04,6.24679089e+00
3.52462745e+00,6.96508438e+04,9.63315938e+04,2.54899199e+04,6.02398872e+00
3.64093208e+00,6.95536719e+04,9.61865312e+04,2.52761094e+04,5.85613441e+00
3.76023054e+00,7.02421797e+04,9.71301406e+04,2.54121836e+04,5.76347494e+00
3.88259912e+00,6.96901875e+04,9.63607188e+04,2.51226953e+04,5.58155298e+00
4.00811720e+00,6.87282969e+04,9.50297656e+04,2.47387832e+04,5.49775124e+00
4.13686609e+00,6.87095781e+04,9.50032812e+04,2.47111934e+04,5.44614649e+00
4.26892853e+00,6.70832891e+04,9.27522031e+04,2.41380234e+04,5.38427210e+00
4.40439081e+00,6.41838828e+04,8.87530156e+04,2.33673359e+04,5.45981312e+00
4.54333878e+00,6.34164922e+04,8.77109531e+04,2.35134512e+04,5.67188883e+00
4.68586397e+00,6.32149531e+04,8.74444375e+04,2.36889512e+04,5.77542019e+00
4.83205652e+00,6.26902969e+04,8.67310625e+04,2.37081895e+04,5.82742977e+00
4.98201227e+00,6.31770078e+04,8.74132031e+04,2.40302441e+04,5.75625229e+00
5.13582754e+00,6.28578945e+04,8.69675078e+04,2.37969219e+04,5.39487219e+00
5.29360199e+00,6.01024336e+04,8.31477344e+04,2.25803438e+04,4.91747570e+00
5.45543718e+00,5.64688594e+04,7.81214844e+04,2.11974492e+04,4.57992697e+00
5.62143755e+00,5.61401484e+04,7.76652500e+04,2.10017734e+04,4.43058109e+00
5.79171038e+00,5.80968984e+04,8.03576875e+04,2.13957754e+04,4.23195839e+00
5.96636629e+00,5.53611211e+04,7.65566094e+04,2.00168906e+04,3.79892087e+00
6.14551687e+00,4.93956406e+04,6.82988984e+04,1.76843242e+04,3.42539668e+00
6.32927942e+00,4.51710273e+04,6.24578477e+04,1.61841240e+04,3.28856277e+00
6.51777077e+00,4.32500508e+04,5.98044688e+04,1.55665576e+04,3.29221916e+00
6.71111441e+00,4.09378750e+04,5.66092266e+04,1.48004590e+04,3.25161839e+00
6.90943432e+00,3.72894922e+04,5.15681602e+04,1.35670605e+04,3.16126657e+00
7.11285782e+00,3.54733125e+04,4.90606484e+04,1.29846064e+04,3.17169189e+00
7.32151794e+00,3.35289414e+04,4.63741758e+04,1.23325195e+04,3.15703583e+00
7.53554821e+00,3.10195742e+04,4.29062266e+04,1.14561885e+04,3.11563492e+00
7.75508738e+00,2.90302031e+04,4.01584609e+04,1.07728906e+04,3.10989118e+00
7.98027754e+00,2.81449746e+04,3.89391562e+04,1.05203652e+04,3.18685007e+00
8.21126270e+00,2.92986582e+04,4.05386016e+04,1.09834199e+04,3.35955381e+00
8.44819450e+00,3.06108027e+04,4.23547148e+04,1.14350879e+04,3.47928190e+00
8.69122219e+00,3.38403594e+04,4.68234727e+04,1.25955752e+04,3.70573020e+00
8.94050789e+00,4.02180820e+04,5.56455312e+04,1.49214902e+04,4.10782194e+00
9.19620800e+00,4.51428438e+04,6.24563789e+04,1.67209141e+04,4.36843824e+00
9.45849037e+00,4.94130117e+04,6.83575000e+04,1.82037285e+04,4.51900721e+00
9.72752285e+00,5.17474805e+04,7.15823750e+04,1.90143398e+04,4.63369370e+00
1.00034800e+01,4.78462188e+04,6.61925625e+04,1.77116562e+04,4.52452087e+00
1.02865391e+01,4.65055000e+04,6.43462422e+04,1.73443809e+04,4.62329388e+00
1.05768833e+01,5.12863125e+04,7.09621719e+04,1.91439531e+04,5.05107737e+00
1.08747025e+01,5.48264062e+04,7.58582266e+04,2.04648652e+04,5.31561375e+00
1.11801853e+01,5.66817930e+04,7.84243281e+04,2.12235293e+04,5.47156477e+00
1.14935322e+01,5.72561680e+04,7.92226406e+04,2.16107793e+04,5.62767935e+00
1.18149433e+01,5.86855781e+04,8.12064062e+04,2.23442188e+04,5.84252691e+00
1.21446266e+01,6.21144922e+04,8.59553438e+04,2.37714590e+04,6.05306959e+00
1.24827967e+01,6.36459102e+04,8.80739141e+04,2.43531016e+04,5.93149710e+00
1.28296700e+01,6.05268359e+04,8.37548828e+04,2.31316328e+04,5.49233389e+00
1.31854706e+01,5.49540117e+04,7.60472344e+04,2.11180664e+04,5.03832436e+00
1.35504293e+01,4.94616367e+04,6.84493125e+04,1.90760195e+04,4.55527973e+00
1.39247818e+01,4.82714297e+04,6.67916875e+04,1.84144277e+04,4.29228210e+00
1.43087692e+01,4.77384375e+04,6.60421562e+04,1.80293535e+04,4.13459587e+00
1.47026405e+01,3.95724688e+04,5.47506289e+04,1.51352812e+04,3.66363478e+00
1.51066484e+01,3.10882559e+04,4.30232773e+04,1.22371562e+04,3.15004063e+00
1.55210552e+01,2.84785137e+04,3.94172734e+04,1.13869150e+04,2.87222934e+00
1.59461288e+01,3.00412383e+04,4.15814609e+04,1.19923701e+04,3.03665900e+00
1.63821430e+01,2.98191328e+04,4.12778086e+04,1.18960195e+04,3.18223381e+00
1.68293781e+01,2.40063438e+04,3.32311094e+04,9.50496289e+03,2.73627496e+00
1.72881241e+01,1.93507559e+04,2.67815098e+04,7.54475293e+03,2.34041715e+00
1.77586803e+01,1.90518652e+04,2.63641895e+04,7.41622656e+03,2.58639216e+00
1.82413464e+01,2.11852070e+04,2.93167207e+04,8.36232910e+03,3.16522503e+00
1.87364349e+01,2.54637949e+04,3.52464102e+04,1.03154561e+04,3.89291263e+00
1.92442665e+01,2.88048652e+04,3.98732148e+04,1.17508066e+04,4.10194063e+00
1.97651691e+01,2.86642129e+04,3.96825156e+04,1.19754668e+04,3.84033442e+00
2.02994785e+01,2.97708633e+04,4.12422148e+04,1.33040303e+04,3.92362428e+00
2.08475418e+01,3.31857695e+04,4.59849961e+04,1.44930195e+04,4.47289944e+00
2.14097099e+01,3.95612227e+04,5.47853125e+04,1.60855400e+04,5.25508213e+00
2.19863453e+01,4.30887031e+04,5.96318828e+04,1.71420059e+04,5.38325214e+00
2.25778236e+01,4.27542500e+04,5.91652305e+04,1.70270332e+04,5.68202400e+00
2.31845264e+01,4.40830742e+04,6.10173242e+04,1.76651953e+04,6.63903427e+00
2.38068466e+01,4.77042070e+04,6.60391719e+04,1.92151914e+04,6.94017315e+00
2.44451809e+01,4.30584688e+04,5.95988750e+04,1.70460938e+04,5.20999146e+00
2.50999470e+01,3.44394102e+04,4.76492461e+04,1.31540410e+04,3.39329028e+00
2.57715645e+01,3.41786562e+04,4.72966367e+04,1.33034395e+04,4.16346598e+00
2.64604683e+01,3.94490859e+04,5.46301328e+04,1.63003584e+04,6.46147823e+00
2.71671047e+01,3.91555039e+04,5.42225586e+04,1.60524453e+04,5.32536030e+00
2.78919277e+01,2.14722969e+04,2.97145586e+04,8.30418164e+03,1.70703888e+00
2.86354065e+01,5.20811328e+03,7.19707568e+03,1.79792444e+03,1.26842663e-01
2.93980217e+01,6.90972900e+02,9.50993530e+02,1.75068665e+02,4.04551865e-05
3.01802654e+01,1.44297104e+02,1.97377518e+02,2.15842896e+01,1.41817864e-05
3.09826431e+01,6.45618439e+01,8.81122894e+01,7.91982079e+00,9.79173365e-06
3.18056717e+01,3.44859810e+01,4.69626999e+01,3.87654090e+00,1.06509451e-05
3.26498833e+01,1.62613945e+01,2.21150093e+01,1.63185489e+00,6.55682788e-06
3.35158234e+01,4.58509922e+00,6.20643759e+00,3.16655457e-01,4.17289311e-06
3.44040565e+01,8.73744905e-01,1.17388272e+00,2.98643727e-02,2.35112475e-06
3.53151436e+01,1.59315377e-01,2.12868541e-01,4.06061858e-03,6.30902719e-07
3.62496834e+01,2.45647002e-02,3.27044800e-02,6.89154724e-04,1.89451242e-07
3.72082787e+01,4.08372516e-03,5.46463626e-03,2.61684385e-04,6.49522107e-08
3.81915474e+01,8.40970664e-04,1.13362120e-03,7.25609643e-05,1.58690234e-08
3.92001228e+01,1.17490446e-04,1.58290306e-04,7.80129994e-06,1.87797378e-09
4.02346535e+01,9.30977058e-06,1.24703165e-05,4.39317688e-07,1.15874775e-10
4.12958107e+01,4.65357743e-07,6.19249874e-07,2.93977607e-08,4.33584635e-12
4.23842850e+01,1.54520698e-08,2.06296047e-08,1.10440923e-09,1.25208966e-13
4.35007744e+01,3.30222238e-10,4.36191416e-10,3.26071427e-11,3.77906545e-15
4.46459999e+01,4.71355463e-12,6.05492653e-12,9.70568894e-13,7.28018068e-17
4.58207016e+01,5.93783445e-14,7.25015683e-14,2.69792123e-14,8.11833776e-19
4.70256386e+01,1.14245136e-15,1.36799675e-15,5.86728923e-16,1.72894602e-21
4.82615852e+01,1.83476725e-19,1.88364018e-19,1.39069934e-19,1.43127420e-23
4.95293465e+01,2.16893374e-19,2.20754524e-19,7.28296146e-20,2.34943362e-25
5.08297386e+01,4.70133715e-21,6.87436930e-21,4.33115024e-23,2.39363856e-27
5.21635971e+01,7.16183466e-24,6.95785100e-24,1.61875944e-24,2.16788500e-28
5.35317917e+01,1.52686099e-25,1.82091555e-25,1.62093891e-27,9.99489274e-31
5.49351997e+01,1.07799778e-27,8.13433075e-28,1.34573681e-27,1.48843422e-31
5.63747253e+01,1.34170406e-29,1.16268135e-29,1.12660248e-31,1.26149669e-34
5.78513031e+01,1.02334988e-31,7.39312361e-32,1.84779648e-31,2.93454301e-35
5.93278885e+01,4.23136787e-33,5.77237815e-33,5.66309602e-34,2.38515012e-38
6.08044662e+01,2.27857943e-35,1.45498220e-35,2.31062628e-35,3.62656043e-39
6.22810478e+01,1.01127509e-36,1.05148666e-36,3.50127022e-37,2.80259693e-41
6.37576256e+01,5.59118087e-39,4.09319281e-39,4.05956165e-39,0.00000000e+00
6.52341995e+01,1.12103877e-40,1.13505176e-40,4.76441478e-41,0.00000000e+00
6.67107849e+01,0.00000000e+00,0.00000000e+00,0.00000000e+00,0.00000000e+00
6.81873703e+01,0.00000000e+00,0.00000000e+00,0.00000000e+00,0.00000000e+00
6.96639481e+01,0.00000000e+00,0.00000000e+00,0.00000000e+00,0.00000000e+00
7.11405258e+01,0.00000000e+00,0.00000000e+00,0.00000000e+00,0.00000000e+00
7.26171036e+01,0.00000000e+00,0.00000000e+00,0.00000000e+00,0.00000000e+00
7.40936813e+01,0.00000000e+00,0.00000000e+00,0.00000000e+00,0.00000000e+00
7.55702591e+01,0.00000000e+00,0.00000000e+00,0.00000000e+00,0.00000000e+00
7.70468445e+01,0.00000000e+00,0.00000000e+00,0.00000000e+00,0.00000000e+00
7.85234222e+01,0.00000000e+00,0.00000000e+00,0.00000000e+00,0.00000000e+00
8.00000000e+01,0.00000000e+00,0.00000000e+00,0.00000000e+00,0.00000000e+00
