Height (km), 7_8 um ash conc (g/kg), 15_6 um ash conc (g/kg), 125 um ash conc (g/kg), 1 mm ash conc (g/kg)
0.00000000e+00,0.00000000e+00,0.00000000e+00,0.00000000e+00,0.00000000e+00
3.99999991e-02,6.44008178e-05,1.13512877e-04,3.82411964e-02,9.06570613e-01
7.99999982e-02,2.11968450e-04,3.61383019e-04,4.45906594e-02,9.72189963e-01
1.19999997e-01,4.29278298e-04,7.18239986e-04,5.30404858e-02,1.01724577e+00
1.59999996e-01,9.62916994e-04,1.60826091e-03,6.06162250e-02,1.06931579e+00
2.00000003e-01,2.57439609e-03,4.18939535e-03,6.45599067e-02,1.11996412e+00
2.39999995e-01,4.70564701e-03,7.44236168e-03,7.29375258e-02,1.17910326e+00
2.80000001e-01,6.85647083e-03,1.06837507e-02,7.94979781e-02,1.22378623e+00
3.19999993e-01,9.30281822e-03,1.42942406e-02,8.87691081e-02,1.27246439e+00
3.60000014e-01,1.25495978e-02,1.90536454e-02,9.70297754e-02,1.32128537e+00
4.00000006e-01,1.65958796e-02,2.49167886e-02,1.07924603e-01,1.37094223e+00
4.39999998e-01,2.14706101e-02,3.19034159e-02,1.17549084e-01,1.41841269e+00
4.79999989e-01,2.70988774e-02,3.99795547e-02,1.30342424e-01,1.47090781e+00
5.19999981e-01,3.35050300e-02,4.92661186e-02,1.36990160e-01,1.52667272e+00
5.60000002e-01,4.04389091e-02,5.93926273e-02,1.45396858e-01,1.58779073e+00
6.00000024e-01,4.85412702e-02,7.12773651e-02,1.49147376e-01,1.64753985e+00
6.41029537e-01,5.80208823e-02,8.51158649e-02,1.57827467e-01,1.71392632e+00
6.83115125e-01,6.86824322e-02,1.00475505e-01,1.59338191e-01,1.77168906e+00
7.26283848e-01,8.10756236e-02,1.17793053e-01,1.63173020e-01,1.84969556e+00
7.70563781e-01,9.44918394e-02,1.35827422e-01,1.67135984e-01,1.91159010e+00
8.15983355e-01,1.06261201e-01,1.50771201e-01,1.73308834e-01,2.04165602e+00
8.62571895e-01,1.12025477e-01,1.57279551e-01,1.76141128e-01,2.09673834e+00
9.10359621e-01,1.12397350e-01,1.57524809e-01,1.81727767e-01,2.24113297e+00
9.59377348e-01,1.12189598e-01,1.57450184e-01,1.83093607e-01,2.30053067e+00
1.00965667e+00,1.12109683e-01,1.57929718e-01,1.86778620e-01,2.43551517e+00
1.06123006e+00,1.11971870e-01,1.58216745e-01,1.90828621e-01,2.61228347e+00
1.11413085e+00,1.13186657e-01,1.60799131e-01,1.95186347e-01,2.78507185e+00
1.16839325e+00,1.16600789e-01,1.66404217e-01,2.02395543e-01,3.01125598e+00
1.22405231e+00,1.23117775e-01,1.76520914e-01,2.14687198e-01,3.51235890e+00
1.28114390e+00,1.32461727e-01,1.90512851e-01,2.28706762e-01,3.45107722e+00
1.33970511e+00,1.43799677e-01,2.06698880e-01,2.53930658e-01,4.22657299e+00
1.39977336e+00,2.01841523e+04,2.82749082e+04,2.00493789e+04,2.14417236e+03
1.46138775e+00,2.58548398e+04,3.61981484e+04,2.43518750e+04,2.04574084e+03
1.52458799e+00,1.55158379e+04,2.17206250e+04,1.46545459e+04,1.34328479e+03
1.58941495e+00,1.45859170e+04,2.04252812e+04,1.40910410e+04,1.49569226e+03
1.65591037e+00,1.44147461e+04,2.01885273e+04,1.40747061e+04,1.59898804e+03
1.72411728e+00,1.44435996e+04,2.02307539e+04,1.41957871e+04,1.68312268e+03
1.79407966e+00,1.45552227e+04,2.03883457e+04,1.43691406e+04,1.75413464e+03
1.86584306e+00,1.47052109e+04,2.05993477e+04,1.45634863e+04,1.81955151e+03
1.93945324e+00,1.48608477e+04,2.08180078e+04,1.47509902e+04,1.86836426e+03
2.01495814e+00,1.50027432e+04,2.10172227e+04,1.49150371e+04,1.91257593e+03
2.09240627e+00,1.50619844e+04,2.11004551e+04,1.49872920e+04,1.93393677e+03
2.17184782e+00,1.49911562e+04,2.10013398e+04,1.49233760e+04,1.93556226e+03
2.25333428e+00,1.47834883e+04,2.07104883e+04,1.47201426e+04,1.91638574e+03
2.33691788e+00,1.44849404e+04,2.02923281e+04,1.44262832e+04,1.88595569e+03
2.42265272e+00,1.41995137e+04,1.98926641e+04,1.41501719e+04,1.86196057e+03
2.51059437e+00,1.40853789e+04,1.97331387e+04,1.40532129e+04,1.86874658e+03
2.60079956e+00,1.42201523e+04,1.99224199e+04,1.42106055e+04,1.91321240e+03
2.69332647e+00,1.45359541e+04,2.03653125e+04,1.45502988e+04,1.98197949e+03
2.78823495e+00,1.49701699e+04,2.09740547e+04,1.50082588e+04,2.06583301e+03
2.88558602e+00,1.54623633e+04,2.16639199e+04,1.55203398e+04,2.15359277e+03
2.98544264e+00,1.58394912e+04,2.21924609e+04,1.59123682e+04,2.21977905e+03
3.08786964e+00,1.61150898e+04,2.25786953e+04,1.61987734e+04,2.26681055e+03
3.19293284e+00,1.63055615e+04,2.28454941e+04,1.63902891e+04,2.29281006e+03
3.30070019e+00,1.62524307e+04,2.27709492e+04,1.63337480e+04,2.28123267e+03
3.41124129e+00,1.62158291e+04,2.27195508e+04,1.62907100e+04,2.26812939e+03
3.52462745e+00,1.62357852e+04,2.27473340e+04,1.63009531e+04,2.26117847e+03
3.64093208e+00,1.63282090e+04,2.28767676e+04,1.63895664e+04,2.26955078e+03
3.76023054e+00,1.65843203e+04,2.32353984e+04,1.66358555e+04,2.29403247e+03
3.88259912e+00,1.66470137e+04,2.33228945e+04,1.66812949e+04,2.28697559e+03
4.00811720e+00,1.65348047e+04,2.31653438e+04,1.65511152e+04,2.25611523e+03
4.13686609e+00,1.62611846e+04,2.27816074e+04,1.62565312e+04,2.20185059e+03
4.26892853e+00,1.57401387e+04,2.20513848e+04,1.57212168e+04,2.12184229e+03
4.40439081e+00,1.51395898e+04,2.12099805e+04,1.51143740e+04,2.03903491e+03
4.54333878e+00,1.45311514e+04,2.03576523e+04,1.45061348e+04,1.96113074e+03
4.68586397e+00,1.41906680e+04,1.98808730e+04,1.41741221e+04,1.92705859e+03
4.83205652e+00,1.42565117e+04,1.99734531e+04,1.42548760e+04,1.95345825e+03
4.98201227e+00,1.46152139e+04,2.04763672e+04,1.46327676e+04,2.02365100e+03
5.13582754e+00,1.52856152e+04,2.14159512e+04,1.53246729e+04,2.13834863e+03
5.29360199e+00,1.60507012e+04,2.24879961e+04,1.61040273e+04,2.25794141e+03
5.45543718e+00,1.64621621e+04,2.30643750e+04,1.65192305e+04,2.32059717e+03
5.62143755e+00,1.64009336e+04,2.29785820e+04,1.64625117e+04,2.31988232e+03
5.79171038e+00,1.60319062e+04,2.24617207e+04,1.61018994e+04,2.28064600e+03
5.96636629e+00,1.57282139e+04,2.20363945e+04,1.58035771e+04,2.24432812e+03
6.14551687e+00,1.58746289e+04,2.22417227e+04,1.59585439e+04,2.27319946e+03
6.32927942e+00,1.66578125e+04,2.33391660e+04,1.67531758e+04,2.38998779e+03
6.51777077e+00,1.78214648e+04,2.49693477e+04,1.79151484e+04,2.54496924e+03
6.71111441e+00,1.85224570e+04,2.59508047e+04,1.85865977e+04,2.61279297e+03
6.90943432e+00,1.81919258e+04,2.54868047e+04,1.82101094e+04,2.53088477e+03
7.11285782e+00,1.71350957e+04,2.40056934e+04,1.71239336e+04,2.37122046e+03
7.32151794e+00,1.65748223e+04,2.32207109e+04,1.65561797e+04,2.29914185e+03
7.53554821e+00,1.61847676e+04,2.26740645e+04,1.61580576e+04,2.25316089e+03
7.75508738e+00,1.59178184e+04,2.23005156e+04,1.59141602e+04,2.25550195e+03
7.98027754e+00,1.69165762e+04,2.37002148e+04,1.69313613e+04,2.42022266e+03
8.21126270e+00,1.69322109e+04,2.37217305e+04,1.69291367e+04,2.41583350e+03
8.44819450e+00,1.60484844e+04,2.24833066e+04,1.60311250e+04,2.29763867e+03
8.69122219e+00,1.51946621e+04,2.12872754e+04,1.51861504e+04,2.20295776e+03
8.94050789e+00,1.43438516e+04,2.00954688e+04,1.43505166e+04,2.10895825e+03
9.19620800e+00,1.45841309e+04,2.04323223e+04,1.46137959e+04,2.17749365e+03
9.45849037e+00,1.58742598e+04,2.22405293e+04,1.59400898e+04,2.40059888e+03
9.72752285e+00,1.64243359e+04,2.30116211e+04,1.65063027e+04,2.50464990e+03
1.00034800e+01,1.65459492e+04,2.31815078e+04,1.66108027e+04,2.52514990e+03
1.02865391e+01,1.66778887e+04,2.33654023e+04,1.67048203e+04,2.52565698e+03
1.05768833e+01,1.54493779e+04,2.16428223e+04,1.54118955e+04,2.32861646e+03
1.08747025e+01,1.26727129e+04,1.77514727e+04,1.25851270e+04,1.96207031e+03
1.11801853e+01,1.02665078e+04,1.43806992e+04,1.02060303e+04,1.72950049e+03
1.14935322e+01,1.03666689e+04,1.45211523e+04,1.03431172e+04,1.82791406e+03
1.18149433e+01,1.06732764e+04,1.49501934e+04,1.06866650e+04,1.92341113e+03
1.21446266e+01,7.66885547e+03,1.07425068e+04,7.83782910e+03,1.65618872e+03
1.24827967e+01,5.58913379e+03,7.83193359e+03,6.01239746e+03,1.59016125e+03
1.28296700e+01,6.90106592e+03,9.67309375e+03,7.59305859e+03,1.95956177e+03
1.31854706e+01,9.83814453e+03,1.37920176e+04,1.08745293e+04,2.46841162e+03
1.35504293e+01,1.21991357e+04,1.71055020e+04,1.36381260e+04,2.81351807e+03
1.39247818e+01,1.22210098e+04,1.71426348e+04,1.40525234e+04,2.82568384e+03
1.43087692e+01,1.13643301e+04,1.59459961e+04,1.36331221e+04,2.64051489e+03
1.47026405e+01,1.06026084e+04,1.48798389e+04,1.37205078e+04,2.40793457e+03
1.51066484e+01,9.68751660e+03,1.36031553e+04,1.48902812e+04,2.24741553e+03
1.55210552e+01,9.12924121e+03,1.28508408e+04,1.86286367e+04,2.23010889e+03
1.59461288e+01,1.01540225e+04,1.43801396e+04,2.37745273e+04,2.37639917e+03
1.63821430e+01,1.46495693e+04,2.07929336e+04,2.94725879e+04,2.58446021e+03
1.68293781e+01,2.15446250e+04,3.04600234e+04,3.28916875e+04,2.75360645e+03
1.72881241e+01,2.79753965e+04,3.94600156e+04,3.50757578e+04,2.79173169e+03
1.77586803e+01,3.34217891e+04,4.70187266e+04,3.60289727e+04,2.70267383e+03
1.82413464e+01,3.76585547e+04,5.28343359e+04,3.58169766e+04,2.60858936e+03
1.87364349e+01,3.94613281e+04,5.52406094e+04,3.44095859e+04,2.42904443e+03
1.92442665e+01,3.99787578e+04,5.58749141e+04,3.29115859e+04,2.32075122e+03
1.97651691e+01,3.85630586e+04,5.38266484e+04,3.05272871e+04,2.28465283e+03
2.02994785e+01,3.61841328e+04,5.04724141e+04,2.81480000e+04,2.09577002e+03
2.08475418e+01,3.28723125e+04,4.58306328e+04,2.51383633e+04,1.83553101e+03
2.14097099e+01,2.72741367e+04,3.79878438e+04,1.98473867e+04,1.36281824e+03
2.19863453e+01,2.00428359e+04,2.78712637e+04,1.32605010e+04,8.49669495e+02
2.25778236e+01,1.38562949e+04,1.92647578e+04,9.46684082e+03,8.20811646e+02
2.31845264e+01,1.28310996e+04,1.78853574e+04,1.01821289e+04,7.07708069e+02
2.38068466e+01,9.59400391e+03,1.33770654e+04,7.41797900e+03,3.08341370e+02
2.44451809e+01,5.17707471e+03,7.20434375e+03,3.25134741e+03,9.84531555e+01
2.50999470e+01,2.06895239e+03,2.86972437e+03,1.04385278e+03,1.72793674e+01
2.57715645e+01,1.12773120e+03,1.56077124e+03,4.37098480e+02,7.44205832e-01
2.64604683e+01,1.31888379e+03,1.83178552e+03,5.37674805e+02,5.09068251e-01
2.71671047e+01,1.67952954e+03,2.32497192e+03,5.14038574e+02,3.12017530e-01
2.78919277e+01,1.72000146e+03,2.37819287e+03,6.63634521e+02,9.70003679e-02
2.86354065e+01,1.43399243e+03,1.98520947e+03,5.99952393e+02,1.26349758e-02
2.93980217e+01,8.19148071e+02,1.13173242e+03,2.55467636e+02,1.88343599e-02
3.01802654e+01,5.01936707e+02,6.93140259e+02,1.55788818e+02,7.28694722e-04
3.09826431e+01,2.83331329e+02,3.90687836e+02,7.72118988e+01,7.29047460e-04
3.18056717e+01,9.35835876e+01,1.28648743e+02,1.98116398e+01,1.26769213e-04
3.26498833e+01,2.14609413e+01,2.93504639e+01,3.52853274e+00,2.85935530e-05
3.35158234e+01,3.01053047e+00,4.07228756e+00,1.89898685e-01,3.29872182e-06
3.44040565e+01,1.52160659e-01,2.00933531e-01,1.44182937e-03,6.46347303e-07
3.53151436e+01,4.89351489e-02,6.41680434e-02,3.74737574e-04,1.38300138e-07
3.62496834e+01,1.35606145e-02,1.76897887e-02,2.71379340e-05,3.71748428e-08
3.72082787e+01,2.16768379e-03,2.79371603e-03,3.02847502e-06,5.54994717e-09
3.81915474e+01,4.12180379e-05,5.08970734e-05,5.26992096e-07,2.31346567e-10
3.92001228e+01,4.27715531e-06,5.32805598e-06,1.19003957e-07,1.80985695e-11
4.02346535e+01,7.44914360e-07,9.49301977e-07,2.02054995e-08,2.49824293e-12
4.12958107e+01,7.16367410e-08,9.09954210e-08,1.49208224e-09,2.65042491e-13
4.23842850e+01,3.98677047e-09,5.06744291e-09,9.60968666e-11,1.78279531e-14
4.35007744e+01,1.57833926e-10,2.03301487e-10,6.74918238e-12,3.25617676e-16
4.46459999e+01,2.57021834e-12,3.35020293e-12,1.73960361e-13,8.29397870e-18
4.58207016e+01,8.39188202e-14,1.09657759e-13,6.28838319e-15,1.84045039e-18
4.70256386e+01,3.41157110e-15,4.36965663e-15,1.39143161e-16,3.48001750e-21
4.82615852e+01,6.42964554e-18,9.60533377e-18,5.60434304e-18,9.10869440e-22
4.95293465e+01,4.89502780e-18,4.84888147e-18,1.27495416e-18,2.17455504e-24
5.08297386e+01,4.78091110e-19,6.84989403e-19,1.80145862e-21,2.11676526e-25
5.21635971e+01,1.46688779e-21,1.42240603e-21,3.86622042e-22,2.75308257e-27
5.35317917e+01,1.10824708e-22,1.96696762e-22,4.78768854e-25,1.03433536e-28
5.49351997e+01,2.89587855e-25,3.02121228e-25,8.85885250e-26,2.90048849e-30
5.63747253e+01,1.82664548e-26,4.00980648e-26,4.16208628e-28,6.63532002e-32
5.78513031e+01,1.12811142e-28,1.51040478e-28,2.02853898e-29,1.25439280e-33
5.93278885e+01,8.77416217e-30,1.96334805e-29,3.61365442e-31,5.02134510e-35
6.08044662e+01,1.42852351e-31,1.25374231e-31,1.03120903e-32,6.86965564e-37
6.22810478e+01,4.36067703e-33,8.01565777e-33,2.92407572e-34,2.74892720e-38
6.37576256e+01,1.09331054e-34,1.06737022e-34,7.81777140e-36,4.80645373e-40
6.52341995e+01,2.81133278e-36,4.83071140e-36,2.07020840e-37,0.00000000e+00
6.67107849e+01,8.01963111e-38,1.08429673e-37,6.44457164e-39,0.00000000e+00
6.81873703e+01,2.42144375e-39,4.20529669e-39,1.12103877e-40,0.00000000e+00
6.96639481e+01,4.20389539e-41,8.82818033e-41,0.00000000e+00,0.00000000e+00
7.11405258e+01,0.00000000e+00,0.00000000e+00,0.00000000e+00,0.00000000e+00
7.26171036e+01,0.00000000e+00,0.00000000e+00,0.00000000e+00,0.00000000e+00
7.40936813e+01,0.00000000e+00,0.00000000e+00,0.00000000e+00,0.00000000e+00
7.55702591e+01,0.00000000e+00,0.00000000e+00,0.00000000e+00,0.00000000e+00
7.70468445e+01,0.00000000e+00,0.00000000e+00,0.00000000e+00,0.00000000e+00
7.85234222e+01,0.00000000e+00,0.00000000e+00,0.00000000e+00,0.00000000e+00
8.00000000e+01,0.00000000e+00,0.00000000e+00,0.00000000e+00,0.00000000e+00
