Height (km), 7_8 um ash conc (g/kg), 15_6 um ash conc (g/kg), 125 um ash conc (g/kg), 1 mm ash conc (g/kg)
0.00000000e+00,0.00000000e+00,0.00000000e+00,0.00000000e+00,0.00000000e+00
3.99999991e-02,7.37763841e-08,1.65102080e-07,1.96379772e-03,8.91489315e+00
7.99999982e-02,1.93845585e-06,4.58606064e-06,1.24964397e-02,1.71067982e+01
1.19999997e-01,2.10650524e-05,4.78806542e-05,4.29636389e-02,2.43297291e+01
1.59999996e-01,1.20535631e-04,2.60616711e-04,8.69785324e-02,3.13479691e+01
2.00000003e-01,5.30555146e-04,1.06755469e-03,1.10281773e-01,3.55262222e+01
2.39999995e-01,1.56165159e-03,2.94152508e-03,1.18937589e-01,4.19954567e+01
2.80000001e-01,3.53041920e-03,6.38681557e-03,1.24108575e-01,4.79495468e+01
3.19999993e-01,6.26092032e-03,1.08179022e-02,1.18461475e-01,5.49590454e+01
3.60000014e-01,9.21391323e-03,1.53130088e-02,1.16634808e-01,6.09667435e+01
4.00000006e-01,1.16973659e-02,1.87899750e-02,1.17942445e-01,6.87329483e+01
4.39999998e-01,1.27401883e-02,1.97714530e-02,1.18870415e-01,7.30217896e+01
4.79999989e-01,1.35545749e-02,2.04001591e-02,1.24197431e-01,8.17030945e+01
5.19999981e-01,1.19956471e-02,1.77190267e-02,1.19818516e-01,8.49461365e+01
5.60000002e-01,1.26197208e-02,1.83778182e-02,1.24180868e-01,9.45508347e+01
6.00000024e-01,1.09100640e-02,1.59534421e-02,1.20775536e-01,9.73098297e+01
6.41029537e-01,1.24572022e-02,1.78964082e-02,1.24962330e-01,1.06936272e+02
6.83115125e-01,1.06762378e-02,1.54914185e-02,1.23258278e-01,1.08554779e+02
7.26283848e-01,1.07542500e-02,1.54400440e-02,1.29407808e-01,1.14491699e+02
7.70563781e-01,1.06319403e-02,1.50354747e-02,1.29209638e-01,1.19362595e+02
8.15983355e-01,1.04302494e-02,1.45077799e-02,1.32991597e-01,1.26818619e+02
8.62571895e-01,9.09601245e-03,1.28940921e-02,1.30553290e-01,1.29390060e+02
9.10359621e-01,8.87343846e-03,1.25081539e-02,1.28384680e-01,1.35754089e+02
9.59377348e-01,8.16484727e-03,1.15762986e-02,1.27060115e-01,1.39710388e+02
1.00965667e+00,7.80143822e-03,1.10516883e-02,1.26390964e-01,1.45747208e+02
1.06123006e+00,7.01797334e-03,1.00838766e-02,1.25991434e-01,1.53058731e+02
1.11413085e+00,6.56118337e-03,9.52198077e-03,1.26719922e-01,1.60912827e+02
1.16839325e+00,6.27532229e-03,9.16341878e-03,1.27333969e-01,1.70020676e+02
1.22405231e+00,6.04618108e-03,8.89171660e-03,1.28584087e-01,1.81014206e+02
1.28114390e+00,5.98847447e-03,8.82484019e-03,1.30499274e-01,1.96719498e+02
1.33970511e+00,5.94290206e-03,8.78065731e-03,1.32943109e-01,2.17423080e+02
1.39977336e+00,2.07023516e+04,2.89851250e+04,1.94876055e+04,1.49468567e+03
1.46138775e+00,2.63420039e+04,3.68366094e+04,2.22013672e+04,1.60366064e+03
1.52458799e+00,1.58060605e+04,2.20981680e+04,1.34871289e+04,1.24491895e+03
1.58941495e+00,1.47407510e+04,2.06222578e+04,1.31658828e+04,1.44378638e+03
1.65591037e+00,1.44889648e+04,2.02762539e+04,1.32232109e+04,1.55615942e+03
1.72411728e+00,1.44451113e+04,2.02186445e+04,1.33566074e+04,1.63932568e+03
1.79407966e+00,1.44773037e+04,2.02662383e+04,1.35041768e+04,1.71475415e+03
1.86584306e+00,1.45322383e+04,2.03449609e+04,1.36412871e+04,1.76954736e+03
1.93945324e+00,1.45911016e+04,2.04287656e+04,1.37621553e+04,1.82886023e+03
2.01495814e+00,1.46539609e+04,2.05178652e+04,1.38728789e+04,1.86661987e+03
2.09240627e+00,1.47126523e+04,2.06009004e+04,1.39695410e+04,1.91146960e+03
2.17184782e+00,1.47688955e+04,2.06803750e+04,1.40575645e+04,1.94413306e+03
2.25333428e+00,1.48236582e+04,2.07576719e+04,1.41388223e+04,1.97620679e+03
2.33691788e+00,1.48789863e+04,2.08356484e+04,1.42161250e+04,2.00552710e+03
2.42265272e+00,1.49300684e+04,2.09075859e+04,1.42856074e+04,2.03527905e+03
2.51059437e+00,1.49820371e+04,2.09807285e+04,1.43538369e+04,2.05587573e+03
2.60079956e+00,1.50335195e+04,2.10531289e+04,1.44187031e+04,2.08319409e+03
2.69332647e+00,1.50685303e+04,2.11023672e+04,1.44639082e+04,2.10331567e+03
2.78823495e+00,1.50930889e+04,2.11369648e+04,1.44981738e+04,2.12697510e+03
2.88558602e+00,1.51351230e+04,2.11960371e+04,1.45486797e+04,2.15232349e+03
2.98544264e+00,1.51966738e+04,2.12823613e+04,1.46150723e+04,2.18293579e+03
3.08786964e+00,1.52661475e+04,2.13797578e+04,1.46882598e+04,2.21325342e+03
3.19293284e+00,1.53385762e+04,2.14812539e+04,1.47627217e+04,2.24286328e+03
3.30070019e+00,1.54049551e+04,2.15742246e+04,1.48285430e+04,2.27412402e+03
3.41124129e+00,1.54458594e+04,2.16314492e+04,1.48671992e+04,2.30276929e+03
3.52462745e+00,1.54553047e+04,2.16445996e+04,1.48743906e+04,2.32258398e+03
3.64093208e+00,1.54386270e+04,2.16211855e+04,1.48571113e+04,2.35373901e+03
3.76023054e+00,1.53860801e+04,2.15475195e+04,1.48038203e+04,2.36924854e+03
3.88259912e+00,1.53043008e+04,2.14329141e+04,1.47226631e+04,2.39063721e+03
4.00811720e+00,1.52251465e+04,2.13220820e+04,1.46485410e+04,2.42009668e+03
4.13686609e+00,1.51574961e+04,2.12273672e+04,1.45849502e+04,2.45120703e+03
4.26892853e+00,1.51148379e+04,2.11676895e+04,1.45477012e+04,2.47299390e+03
4.40439081e+00,1.51729014e+04,2.12492012e+04,1.46139609e+04,2.54878369e+03
4.54333878e+00,1.52906348e+04,2.14141484e+04,1.47307168e+04,2.58477344e+03
4.68586397e+00,1.53872402e+04,2.15494902e+04,1.48284883e+04,2.64144189e+03
4.83205652e+00,1.55550293e+04,2.17846074e+04,1.49978799e+04,2.68771802e+03
4.98201227e+00,1.56324395e+04,2.18927891e+04,1.50625527e+04,2.72654150e+03
5.13582754e+00,1.55820127e+04,2.18222344e+04,1.50185449e+04,2.73406104e+03
5.29360199e+00,1.56783477e+04,2.19572051e+04,1.51124785e+04,2.77803662e+03
5.45543718e+00,1.55053105e+04,2.17145156e+04,1.49277227e+04,2.75179419e+03
5.62143755e+00,1.52607207e+04,2.13723457e+04,1.47069180e+04,2.74923291e+03
5.79171038e+00,1.53618965e+04,2.15139961e+04,1.48003809e+04,2.75553564e+03
5.96636629e+00,1.52478447e+04,2.13544180e+04,1.47006562e+04,2.75780444e+03
6.14551687e+00,1.53764219e+04,2.15347363e+04,1.48350215e+04,2.77313281e+03
6.32927942e+00,1.54658057e+04,2.16596230e+04,1.49120234e+04,2.78977490e+03
6.51777077e+00,1.62211543e+04,2.27196875e+04,1.57402314e+04,2.94480518e+03
6.71111441e+00,1.74366504e+04,2.44201387e+04,1.68227656e+04,3.03562817e+03
6.90943432e+00,1.70935605e+04,2.39391367e+04,1.64859062e+04,3.00362964e+03
7.11285782e+00,1.85045703e+04,2.59155703e+04,1.78711016e+04,3.16567163e+03
7.32151794e+00,1.97815625e+04,2.77012852e+04,1.89858828e+04,3.25500391e+03
7.53554821e+00,1.88545039e+04,2.64007227e+04,1.79888086e+04,3.07387622e+03
7.75508738e+00,1.63818438e+04,2.29372227e+04,1.55744385e+04,2.76458203e+03
7.98027754e+00,1.40012285e+04,1.96035195e+04,1.32893906e+04,2.47474976e+03
8.21126270e+00,1.21876445e+04,1.70647988e+04,1.15898164e+04,2.30662085e+03
8.44819450e+00,1.19350635e+04,1.67126055e+04,1.14125176e+04,2.33349219e+03
8.69122219e+00,1.27649277e+04,1.78752910e+04,1.22391748e+04,2.49981641e+03
8.94050789e+00,1.35757715e+04,1.90111914e+04,1.30558301e+04,2.67976855e+03
9.19620800e+00,1.42664678e+04,1.99785898e+04,1.37610205e+04,2.82999658e+03
9.45849037e+00,1.46499688e+04,2.05156484e+04,1.41912139e+04,2.94835205e+03
9.72752285e+00,1.47905684e+04,2.07123086e+04,1.44333301e+04,2.96634937e+03
1.00034800e+01,1.44501279e+04,2.02351055e+04,1.42672520e+04,2.94172266e+03
1.02865391e+01,1.46520195e+04,2.05191426e+04,1.47581348e+04,2.96445410e+03
1.05768833e+01,1.58860508e+04,2.22472539e+04,1.61754844e+04,3.09385449e+03
1.08747025e+01,1.56662070e+04,2.19386484e+04,1.61423008e+04,3.01698706e+03
1.11801853e+01,1.60533799e+04,2.24828457e+04,1.67895859e+04,3.12275098e+03
1.14935322e+01,1.79864141e+04,2.51879258e+04,1.87700273e+04,3.28012842e+03
1.18149433e+01,1.64628984e+04,2.30539824e+04,1.75092031e+04,3.14185425e+03
1.21446266e+01,1.74162773e+04,2.43926016e+04,1.87928340e+04,3.33844849e+03
1.24827967e+01,2.02353867e+04,2.83379043e+04,2.16330762e+04,3.60986084e+03
1.28296700e+01,1.65257148e+04,2.31468340e+04,1.84217070e+04,3.32114917e+03
1.31854706e+01,1.93867012e+04,2.71579434e+04,2.15501738e+04,3.68790430e+03
1.35504293e+01,1.98453125e+04,2.78023379e+04,2.22560664e+04,3.65521387e+03
1.39247818e+01,1.62125088e+04,2.27246152e+04,1.96545195e+04,3.48596558e+03
1.43087692e+01,1.88202793e+04,2.63880781e+04,2.30769258e+04,3.90525293e+03
1.47026405e+01,2.50165918e+04,3.50742812e+04,2.94088672e+04,4.44237646e+03
1.51066484e+01,2.04293047e+04,2.86629414e+04,2.53101367e+04,3.94452026e+03
1.55210552e+01,2.04596582e+04,2.87350859e+04,2.66586934e+04,4.16981152e+03
1.59461288e+01,2.93002227e+04,4.11408516e+04,3.57184570e+04,4.78692139e+03
1.63821430e+01,2.84443828e+04,3.99694141e+04,3.49005234e+04,4.31599463e+03
1.68293781e+01,2.55275879e+04,3.59195117e+04,3.30295352e+04,3.95707422e+03
1.72881241e+01,2.83136777e+04,3.98675078e+04,3.61341953e+04,4.09784473e+03
1.77586803e+01,3.13796914e+04,4.41992461e+04,3.85154102e+04,4.14896191e+03
1.82413464e+01,3.19105938e+04,4.49114023e+04,3.66130547e+04,3.85263232e+03
1.87364349e+01,3.20296816e+04,4.49833711e+04,3.48826719e+04,3.75692285e+03
1.92442665e+01,3.75664570e+04,5.27347891e+04,3.72067812e+04,4.19517188e+03
1.97651691e+01,4.21510742e+04,5.90625547e+04,3.62888594e+04,4.10316406e+03
2.02994785e+01,4.18660000e+04,5.85226484e+04,3.38828750e+04,4.13130029e+03
2.08475418e+01,4.64580781e+04,6.49124688e+04,3.73998516e+04,4.65827295e+03
2.14097099e+01,4.88862109e+04,6.82913359e+04,3.91640391e+04,4.77231592e+03
2.19863453e+01,4.44007148e+04,6.20561758e+04,3.60699141e+04,3.99121777e+03
2.25778236e+01,3.78699688e+04,5.29509375e+04,3.03593730e+04,3.50017383e+03
2.31845264e+01,3.80793516e+04,5.32298125e+04,3.14353281e+04,4.01161328e+03
2.38068466e+01,3.78025781e+04,5.27556445e+04,3.20407363e+04,4.08896948e+03
2.44451809e+01,3.62793164e+04,5.06460273e+04,3.15764766e+04,3.82698730e+03
2.50999470e+01,3.88528086e+04,5.42897891e+04,3.40510156e+04,3.49623999e+03
2.57715645e+01,4.34036953e+04,6.06220664e+04,3.71368945e+04,3.15199902e+03
2.64604683e+01,4.29205742e+04,5.99349375e+04,3.63366992e+04,2.59845996e+03
2.71671047e+01,3.67980391e+04,5.13689336e+04,2.97340254e+04,1.66810645e+03
2.78919277e+01,2.93087695e+04,4.08915547e+04,2.20570195e+04,7.40557983e+02
2.86354065e+01,1.40523457e+04,1.95619805e+04,9.03111035e+03,2.83067963e+02
2.93980217e+01,5.18541162e+03,7.20853857e+03,3.22778564e+03,9.17964249e+01
3.01802654e+01,2.15365015e+03,2.98324438e+03,1.07486633e+03,5.89226818e+00
3.09826431e+01,6.90662476e+02,9.48052551e+02,2.46001404e+02,6.80006891e-02
3.18056717e+01,2.93268646e+02,4.01940216e+02,1.32321075e+02,3.50001007e-02
3.26498833e+01,1.73077988e+02,2.36052139e+02,4.97620506e+01,4.12925985e-03
3.35158234e+01,9.78962326e+01,1.32442200e+02,1.51420135e+01,1.78113452e-03
3.44040565e+01,4.36817474e+01,5.84497261e+01,2.60368896e+00,2.48272601e-03
3.53151436e+01,2.02014828e+01,2.68981190e+01,7.62438118e-01,7.73270949e-05
3.62496834e+01,8.38676929e+00,1.10716257e+01,2.48165548e-01,1.28992760e-05
3.72082787e+01,3.54064751e+00,4.64998245e+00,1.42570272e-01,4.72774082e-06
3.81915474e+01,1.14494240e+00,1.48803592e+00,3.95211987e-02,2.62070193e-06
3.92001228e+01,2.32871905e-01,2.96735525e-01,4.05909447e-03,1.03317882e-06
4.02346535e+01,3.85667309e-02,4.78259362e-02,1.67755032e-04,1.89975424e-07
4.12958107e+01,7.03933788e-03,8.56178347e-03,8.06202570e-06,2.14096705e-08
4.23842850e+01,9.98046249e-04,1.18705863e-03,2.21112782e-06,1.68772940e-09
4.35007744e+01,8.81296000e-05,1.01769620e-04,5.36565324e-07,8.98982763e-11
4.46459999e+01,6.24179074e-06,7.40643554e-06,9.08848676e-08,5.48978441e-12
4.58207016e+01,1.33192918e-06,1.68219469e-06,1.44269974e-08,9.21868593e-13
4.70256386e+01,4.25544584e-07,5.39490429e-07,1.69751257e-09,2.00030097e-13
4.82615852e+01,7.17621944e-08,8.84490916e-08,7.04478767e-11,2.94875039e-14
4.95293465e+01,5.94169158e-09,7.25173033e-09,6.01224636e-13,2.59498814e-15
5.08297386e+01,1.71690370e-10,2.07628928e-10,1.07444848e-15,9.70066005e-17
5.21635971e+01,6.90537688e-13,8.33260598e-13,3.56941907e-16,4.46918137e-19
5.35317917e+01,8.50074378e-16,9.54603273e-16,1.21584110e-17,1.81550493e-21
5.49351997e+01,1.76349447e-17,1.71426879e-17,8.07597887e-19,1.20854911e-23
5.63747253e+01,3.78527940e-18,4.62341188e-18,7.05017184e-21,1.95039568e-24
5.78513031e+01,4.05600614e-20,5.42568637e-20,5.02861340e-22,1.82200029e-26
5.93278885e+01,2.92380336e-21,3.55109768e-21,4.09044811e-24,1.61637503e-27
6.08044662e+01,2.20852197e-23,3.12058449e-23,4.07493003e-25,2.11142363e-29
6.22810478e+01,2.57370761e-24,3.11652280e-24,3.45876680e-27,1.59433597e-30
6.37576256e+01,2.50509852e-26,3.19749607e-26,4.37600991e-28,2.62398610e-32
6.52341995e+01,2.31485243e-27,2.71750333e-27,3.87783211e-30,1.68518595e-33
6.67107849e+01,4.84091610e-29,6.61362357e-29,3.11245067e-31,4.58400380e-35
6.81873703e+01,2.65937071e-30,3.21653171e-30,5.38214268e-33,2.26060948e-36
6.96639481e+01,6.02279518e-32,7.53694946e-32,1.94896321e-34,5.38490974e-38
7.11405258e+01,3.34789754e-33,3.97181137e-33,6.71271416e-36,2.52513983e-39
7.26171036e+01,6.65740594e-35,7.54233508e-35,1.56382106e-37,8.40779079e-42
7.40936813e+01,3.19095956e-36,3.77151451e-36,7.21948969e-39,0.00000000e+00
7.55702591e+01,5.85014083e-38,6.61076564e-38,5.46506401e-41,0.00000000e+00
7.70468445e+01,1.84130618e-39,2.12436847e-39,0.00000000e+00,0.00000000e+00
7.85234222e+01,1.40129846e-42,4.20389539e-42,0.00000000e+00,0.00000000e+00
8.00000000e+01,0.00000000e+00,0.00000000e+00,0.00000000e+00,0.00000000e+00
