Height (km), 7_8 um ash conc (g/kg), 15_6 um ash conc (g/kg), 125 um ash conc (g/kg), 1 mm ash conc (g/kg)
0.00000000e+00,0.00000000e+00,0.00000000e+00,0.00000000e+00,0.00000000e+00
3.99999991e-02,0.00000000e+00,0.00000000e+00,0.00000000e+00,2.14370747e+01
7.99999982e-02,0.00000000e+00,0.00000000e+00,0.00000000e+00,2.34975128e+01
1.19999997e-01,0.00000000e+00,0.00000000e+00,0.00000000e+00,2.39222488e+01
1.59999996e-01,0.00000000e+00,0.00000000e+00,0.00000000e+00,2.59142323e+01
2.00000003e-01,0.00000000e+00,0.00000000e+00,0.00000000e+00,2.72635479e+01
2.39999995e-01,0.00000000e+00,0.00000000e+00,0.00000000e+00,2.87037735e+01
2.80000001e-01,0.00000000e+00,0.00000000e+00,0.00000000e+00,3.05033913e+01
3.19999993e-01,0.00000000e+00,0.00000000e+00,0.00000000e+00,3.14745674e+01
3.60000014e-01,0.00000000e+00,0.00000000e+00,0.00000000e+00,3.39088821e+01
4.00000006e-01,0.00000000e+00,0.00000000e+00,0.00000000e+00,3.64528198e+01
4.39999998e-01,0.00000000e+00,0.00000000e+00,0.00000000e+00,4.04579391e+01
4.79999989e-01,0.00000000e+00,0.00000000e+00,2.80259693e-42,4.11175995e+01
5.19999981e-01,4.20389539e-42,5.60519386e-42,7.52497275e-40,4.52746811e+01
5.60000002e-01,1.12103877e-40,1.44333742e-40,5.69252367e-36,4.75945969e+01
6.00000024e-01,1.08208267e-38,1.35085172e-38,6.48577263e-34,4.80485306e+01
6.41029537e-01,2.25757568e-37,2.82008469e-37,2.22961750e-30,5.33609238e+01
6.83115125e-01,4.31590528e-36,5.58355512e-36,1.57276687e-28,5.28424835e+01
7.26283848e-01,2.28790988e-34,2.79323034e-34,1.71574375e-25,5.78266945e+01
7.70563781e-01,3.70509207e-33,4.89493774e-33,8.55800881e-24,5.95011902e+01
8.15983355e-01,1.46275520e-31,1.79263899e-31,5.62883442e-21,6.45024719e+01
8.62571895e-01,2.62122996e-30,3.38796506e-30,1.84043874e-19,6.92215195e+01
9.10359621e-01,5.19644186e-29,6.65949741e-29,4.95925350e-17,7.06887665e+01
9.59377348e-01,9.18759487e-28,1.14458296e-27,1.48454721e-15,7.55445709e+01
1.00965667e+00,7.41574010e-27,9.93055625e-27,1.61198935e-13,8.09890289e+01
1.06123006e+00,1.01475196e-25,1.36106622e-25,2.46431885e-11,8.35207062e+01
1.11413085e+00,1.14460946e-24,1.58662687e-24,2.74854117e-09,8.83119354e+01
1.16839325e+00,1.13217577e-23,1.59119429e-23,2.96521904e-07,9.25933151e+01
1.22405231e+00,1.18041385e-22,1.66069723e-22,2.57384563e-05,9.85213089e+01
1.28114390e+00,1.63986567e-21,2.25686658e-21,2.17885114e-04,1.00734482e+02
1.33970511e+00,2.11750062e-20,2.79829741e-20,1.42104574e-03,1.07523064e+02
1.39977336e+00,2.07218262e+04,2.90113906e+04,1.94384180e+04,1.25827649e+03
1.46138775e+00,2.60812617e+04,3.64732539e+04,2.20276055e+04,1.39866052e+03
1.52458799e+00,1.61367637e+04,2.25613594e+04,1.37636055e+04,1.02162512e+03
1.58941495e+00,1.55296992e+04,2.17233242e+04,1.36849561e+04,1.15966797e+03
1.65591037e+00,1.43579414e+04,2.00854531e+04,1.26964922e+04,1.11263879e+03
1.72411728e+00,1.27382178e+04,1.78200352e+04,1.12859531e+04,1.05129236e+03
1.79407966e+00,1.13869609e+04,1.59315840e+04,1.01782168e+04,1.03310010e+03
1.86584306e+00,1.05594678e+04,1.47766885e+04,9.57442871e+03,1.07157544e+03
1.93945324e+00,1.02657744e+04,1.43695215e+04,9.49096094e+03,1.17280273e+03
2.01495814e+00,1.06828340e+04,1.49584980e+04,1.01312188e+04,1.38176160e+03
2.09240627e+00,1.21262598e+04,1.69857578e+04,1.18171035e+04,1.74697510e+03
2.17184782e+00,1.44789902e+04,2.02867070e+04,1.44196074e+04,2.22462134e+03
2.25333428e+00,1.73405020e+04,2.42998770e+04,1.75248516e+04,2.75243579e+03
2.33691788e+00,2.03760859e+04,2.85557832e+04,2.07539336e+04,3.21212524e+03
2.42265272e+00,2.31776562e+04,3.24810195e+04,2.35871523e+04,3.47730151e+03
2.51059437e+00,2.50048770e+04,3.50366406e+04,2.51712617e+04,3.39995508e+03
2.60079956e+00,2.52272109e+04,3.53401094e+04,2.49238906e+04,3.03895825e+03
2.69332647e+00,2.40381074e+04,3.36651797e+04,2.32081914e+04,2.54607837e+03
2.78823495e+00,2.19399414e+04,3.07182812e+04,2.06888789e+04,2.10061450e+03
2.88558602e+00,1.94817773e+04,2.72699023e+04,1.79869160e+04,1.72791187e+03
2.98544264e+00,1.70601562e+04,2.38755586e+04,1.54899746e+04,1.46953760e+03
3.08786964e+00,1.48911475e+04,2.08373984e+04,1.33728418e+04,1.29184460e+03
3.19293284e+00,1.30593232e+04,1.82731641e+04,1.16731299e+04,1.17040796e+03
3.30070019e+00,1.15988711e+04,1.62300186e+04,1.03825352e+04,1.12306946e+03
3.41124129e+00,1.04785840e+04,1.46638398e+04,9.44450391e+03,1.07003174e+03
3.52462745e+00,9.69931055e+03,1.35755215e+04,8.84501758e+03,1.10463818e+03
3.64093208e+00,9.29241797e+03,1.30086680e+04,8.60077441e+03,1.11761182e+03
3.76023054e+00,9.23479883e+03,1.29308535e+04,8.68687891e+03,1.22844409e+03
3.88259912e+00,9.48528516e+03,1.32844238e+04,9.06692773e+03,1.31620337e+03
4.00811720e+00,1.00396768e+04,1.40635986e+04,9.74248047e+03,1.50538062e+03
4.13686609e+00,1.09578818e+04,1.53524258e+04,1.07809775e+04,1.68584546e+03
4.26892853e+00,1.22685879e+04,1.71910254e+04,1.22080107e+04,1.97043860e+03
4.40439081e+00,1.39368525e+04,1.95303672e+04,1.39875801e+04,2.23983276e+03
4.54333878e+00,1.60652930e+04,2.25142617e+04,1.62368633e+04,2.65203149e+03
4.68586397e+00,1.86711504e+04,2.61667539e+04,1.89827441e+04,3.10198413e+03
4.83205652e+00,2.14092617e+04,3.00035430e+04,2.18394141e+04,3.53639062e+03
4.98201227e+00,2.38204414e+04,3.33803203e+04,2.42640000e+04,3.78094702e+03
5.13582754e+00,2.53679746e+04,3.55443359e+04,2.56314512e+04,3.71159961e+03
5.29360199e+00,2.55345391e+04,3.57709609e+04,2.54120430e+04,3.35241577e+03
5.45543718e+00,2.43081699e+04,3.40453438e+04,2.37165898e+04,2.82812305e+03
5.62143755e+00,2.22756133e+04,3.11915020e+04,2.12803125e+04,2.35255322e+03
5.79171038e+00,2.00521445e+04,2.80725859e+04,1.88032539e+04,1.97233679e+03
5.96636629e+00,1.79522617e+04,2.51293320e+04,1.66109336e+04,1.73126453e+03
6.14551687e+00,1.62296797e+04,2.27164805e+04,1.49068320e+04,1.58209595e+03
6.32927942e+00,1.49393125e+04,2.09100625e+04,1.36927578e+04,1.51645593e+03
6.51777077e+00,1.39171445e+04,1.94801328e+04,1.27946836e+04,1.48197632e+03
6.71111441e+00,1.31849805e+04,1.84569805e+04,1.22113301e+04,1.50340137e+03
6.90943432e+00,1.28422822e+04,1.79790898e+04,1.19951094e+04,1.53294189e+03
7.11285782e+00,1.25798359e+04,1.76135547e+04,1.18621191e+04,1.58065356e+03
7.32151794e+00,1.25531562e+04,1.75786328e+04,1.19760430e+04,1.65641687e+03
7.53554821e+00,1.29181172e+04,1.80912617e+04,1.24208965e+04,1.75010962e+03
7.75508738e+00,1.30329902e+04,1.82535918e+04,1.26303047e+04,1.82695581e+03
7.98027754e+00,1.35543711e+04,1.89859629e+04,1.32642715e+04,1.95404797e+03
8.21126270e+00,1.45981328e+04,2.04490078e+04,1.43558857e+04,2.12320483e+03
8.44819450e+00,1.52883418e+04,2.14165000e+04,1.50860898e+04,2.24932373e+03
8.69122219e+00,1.61078066e+04,2.25652305e+04,1.59543799e+04,2.40721948e+03
8.94050789e+00,1.75690293e+04,2.46132344e+04,1.74781758e+04,2.63492871e+03
9.19620800e+00,1.94577734e+04,2.72587969e+04,1.93636875e+04,2.86130176e+03
9.45849037e+00,2.00955234e+04,2.81508164e+04,1.99777969e+04,2.88804834e+03
9.72752285e+00,2.11139844e+04,2.95767871e+04,2.09735703e+04,2.91729199e+03
1.00034800e+01,2.29530176e+04,3.21488613e+04,2.25811992e+04,2.92625439e+03
1.02865391e+01,2.31741465e+04,3.24518340e+04,2.24547676e+04,2.70665381e+03
1.05768833e+01,2.02311719e+04,2.83284062e+04,1.95112363e+04,2.35467554e+03
1.08747025e+01,1.91127520e+04,2.67599160e+04,1.83472676e+04,2.22339355e+03
1.11801853e+01,1.68540098e+04,2.35960332e+04,1.62066055e+04,2.04713684e+03
1.14935322e+01,1.60717217e+04,2.25057559e+04,1.57709492e+04,2.14655054e+03
1.18149433e+01,1.83610645e+04,2.57138398e+04,1.82090098e+04,2.48595264e+03
1.21446266e+01,1.89311816e+04,2.65133516e+04,1.90181289e+04,2.60338916e+03
1.24827967e+01,1.72983398e+04,2.42327812e+04,1.79155234e+04,2.53359131e+03
1.28296700e+01,1.67550781e+04,2.34774570e+04,1.78857129e+04,2.52998975e+03
1.31854706e+01,1.71811348e+04,2.40796855e+04,1.87439160e+04,2.59480933e+03
1.35504293e+01,1.87626758e+04,2.62992305e+04,2.06554668e+04,2.74125317e+03
1.39247818e+01,2.11980391e+04,2.97121875e+04,2.33591250e+04,2.96715356e+03
1.43087692e+01,2.36645742e+04,3.31671992e+04,2.60908945e+04,3.25087744e+03
1.47026405e+01,2.45125801e+04,3.43584805e+04,2.73960977e+04,3.37160669e+03
1.51066484e+01,2.62405156e+04,3.67858477e+04,2.95980664e+04,3.48392871e+03
1.55210552e+01,2.88907207e+04,4.04958359e+04,3.18120703e+04,3.42632129e+03
1.59461288e+01,2.49416309e+04,3.49730391e+04,2.77922871e+04,2.81979858e+03
1.63821430e+01,2.11324941e+04,2.96505410e+04,2.40672129e+04,2.33688379e+03
1.68293781e+01,1.84495508e+04,2.59087383e+04,2.11673359e+04,2.05375781e+03
1.72881241e+01,1.62757793e+04,2.29141035e+04,1.91969336e+04,2.08634155e+03
1.77586803e+01,1.97738926e+04,2.78800156e+04,2.20248809e+04,2.34870166e+03
1.82413464e+01,2.49239941e+04,3.51053438e+04,2.44530762e+04,2.42282520e+03
1.87364349e+01,2.75851172e+04,3.87854570e+04,2.50052871e+04,2.56461987e+03
1.92442665e+01,3.11415488e+04,4.36748008e+04,2.68070977e+04,2.63063184e+03
1.97651691e+01,2.96208477e+04,4.14546016e+04,2.37575234e+04,1.94447717e+03
2.02994785e+01,2.34962559e+04,3.28195195e+04,1.71706777e+04,1.23747668e+03
2.08475418e+01,1.91360996e+04,2.66780059e+04,1.31813584e+04,1.09021802e+03
2.14097099e+01,1.89209570e+04,2.63670020e+04,1.35155996e+04,1.21210718e+03
2.19863453e+01,2.29392207e+04,3.19806602e+04,1.69427930e+04,1.78941553e+03
2.25778236e+01,2.60902305e+04,3.63542734e+04,2.01789980e+04,2.37660742e+03
2.31845264e+01,2.64160801e+04,3.68174727e+04,2.10349746e+04,2.26160913e+03
2.38068466e+01,2.57021523e+04,3.58298281e+04,2.02309590e+04,1.97423254e+03
2.44451809e+01,2.52613828e+04,3.52272500e+04,2.09006562e+04,2.05071265e+03
2.50999470e+01,2.58289609e+04,3.60482031e+04,2.24888047e+04,2.20978882e+03
2.57715645e+01,2.35020723e+04,3.28109531e+04,2.01170977e+04,1.66153235e+03
2.64604683e+01,1.75508789e+04,2.44823223e+04,1.36850566e+04,6.99594360e+02
2.71671047e+01,9.09772070e+03,1.26484727e+04,5.60959717e+03,1.25670433e+02
2.78919277e+01,3.57225269e+03,4.93474268e+03,1.37282764e+03,7.24141836e+00
2.86354065e+01,1.37302930e+03,1.88159070e+03,3.03203369e+02,3.63819212e-01
2.93980217e+01,6.78214966e+02,9.24604980e+02,6.15220947e+01,8.44378844e-02
3.01802654e+01,4.39834473e+02,5.94530762e+02,2.83650169e+01,2.65707280e-02
3.09826431e+01,2.63438995e+02,3.51850555e+02,1.74188042e+01,1.71174994e-03
3.18056717e+01,1.16651794e+02,1.54730270e+02,3.63378191e+00,3.85036785e-03
3.26498833e+01,6.67036438e+01,8.85822678e+01,2.02481818e+00,7.59095346e-05
3.35158234e+01,3.94134750e+01,5.19907341e+01,1.04304159e+00,1.21993880e-05
3.44040565e+01,1.97384892e+01,2.57146282e+01,1.96552977e-01,1.25824672e-05
3.53151436e+01,7.95259476e+00,1.03175869e+01,1.36827201e-01,5.50225059e-06
3.62496834e+01,4.64946270e+00,6.17967987e+00,1.93728283e-02,2.39177962e-06
3.72082787e+01,3.95222855e+00,5.24180317e+00,8.21066182e-03,9.67507503e-07
3.81915474e+01,1.68875718e+00,2.17420650e+00,1.68575218e-03,2.96096744e-07
3.92001228e+01,4.84688312e-01,6.06873035e-01,5.89165720e-04,7.60473142e-08
4.02346535e+01,1.01518206e-01,1.23440512e-01,1.98093276e-05,1.79359265e-08
4.12958107e+01,2.03058422e-02,2.45518386e-02,4.28677231e-06,3.10911652e-09
4.23842850e+01,2.55889888e-03,3.01430863e-03,1.31170441e-06,3.87400834e-10
4.35007744e+01,1.62083117e-04,1.82721458e-04,1.18569055e-07,2.71224553e-11
4.46459999e+01,1.89169932e-05,2.18216119e-05,1.14317986e-08,2.91760626e-12
4.58207016e+01,1.50792630e-06,1.65529923e-06,1.95648431e-09,2.34225047e-13
4.70256386e+01,2.13790443e-08,2.77095822e-08,1.11940616e-10,4.93187009e-15
4.82615852e+01,9.17991294e-10,1.09675391e-09,5.18236712e-12,1.98333969e-16
4.95293465e+01,2.70706894e-11,3.61161899e-11,2.19686587e-13,9.81657998e-18
5.08297386e+01,1.47498550e-12,1.94038102e-12,7.10980059e-15,1.65936339e-18
5.21635971e+01,1.07184152e-13,1.10333495e-13,1.65397755e-16,9.00014996e-21
5.35317917e+01,3.40853618e-15,4.09302922e-15,7.24718081e-18,1.71676550e-21
5.49351997e+01,7.23765913e-18,8.31991247e-18,2.93181740e-18,1.77990587e-24
5.63747253e+01,1.17981672e-17,1.16496561e-17,3.42346549e-21,9.46767193e-25
5.78513031e+01,2.41158200e-19,5.14162958e-19,2.02810913e-21,1.25032662e-27
5.93278885e+01,8.48153761e-21,8.71305367e-21,2.90204750e-24,6.37070085e-28
6.08044662e+01,3.92824887e-22,5.72688531e-22,1.31325698e-24,2.62612002e-30
6.22810478e+01,6.78375729e-24,6.78361372e-24,4.04909283e-27,5.73869900e-31
6.37576256e+01,2.76653125e-25,3.74366416e-25,9.59103675e-28,1.19529085e-32
6.52341995e+01,8.08704917e-27,8.75555871e-27,9.49558920e-30,5.56664855e-34
6.67107849e+01,4.15311481e-28,5.25837760e-28,1.17808072e-30,3.26965189e-35
6.81873703e+01,1.53536896e-29,1.84060117e-29,3.01098499e-32,1.62822595e-36
6.96639481e+01,1.19910956e-30,1.47495887e-30,3.20939712e-33,1.21977426e-37
7.11405258e+01,7.15200797e-32,9.82635166e-32,1.39624966e-34,9.61991396e-39
7.26171036e+01,4.09706911e-33,5.79031619e-33,9.05973313e-36,4.63829792e-40
7.40936813e+01,1.86790633e-34,2.37794012e-34,3.19804336e-37,5.60519386e-42
7.55702591e+01,8.46985651e-36,1.00127639e-35,1.42512054e-38,0.00000000e+00
7.70468445e+01,2.02751072e-37,3.03263408e-37,2.60641514e-40,0.00000000e+00
7.85234222e+01,5.79997434e-39,6.79629755e-39,0.00000000e+00,0.00000000e+00
8.00000000e+01,4.89053164e-40,8.28167392e-40,0.00000000e+00,0.00000000e+00
