Height (km), 7_8 um ash conc (g/kg), 15_6 um ash conc (g/kg), 125 um ash conc (g/kg), 1 mm ash conc (g/kg)
0.00000000e+00,0.00000000e+00,0.00000000e+00,0.00000000e+00,0.00000000e+00
3.99999991e-02,1.18049587e-37,1.71565175e-37,2.58290113e-37,7.84727140e-41
7.99999982e-02,1.08244821e-31,1.73012691e-31,4.09484068e-31,1.43449697e-34
1.19999997e-01,7.73920003e-26,1.13044914e-25,2.35491374e-25,5.53774915e-29
1.59999996e-01,4.44351792e-22,6.48959238e-22,1.29149420e-21,2.54155749e-25
2.00000003e-01,1.87713358e-18,2.72957360e-18,5.12776665e-18,5.18105415e-22
2.39999995e-01,2.63869842e-15,3.82936015e-15,7.69630822e-15,6.42243397e-19
2.80000001e-01,1.42337520e-12,2.07439209e-12,4.37373141e-12,1.97631911e-16
3.19999993e-01,4.62087063e-10,6.75640766e-10,1.75582815e-09,4.57924544e-14
3.60000014e-01,3.47948145e-07,5.20187427e-07,3.21687048e-06,1.56382841e-11
4.00000006e-01,1.02239726e-04,1.50947904e-04,3.17982631e-04,2.51130583e-09
4.39999998e-01,6.51222328e-03,9.20800027e-03,7.25349551e-03,8.03162195e-08
4.79999989e-01,5.74755780e-02,8.00137669e-02,4.17606905e-02,4.16359597e-07
5.19999981e-01,2.25927472e-01,3.11367750e-01,1.23523116e-01,6.91822493e-07
5.60000002e-01,4.40022767e-01,6.02923632e-01,2.05732286e-01,9.36167567e-07
6.00000024e-01,7.31548011e-01,1.00130463e+00,3.16106677e-01,2.68066742e-06
6.41029537e-01,1.00421524e+00,1.37073576e+00,3.92256886e-01,8.51328605e-06
6.83115125e-01,1.31517351e+00,1.78981161e+00,4.66841131e-01,4.49103645e-05
7.26283848e-01,1.64801574e+00,2.23711300e+00,5.36608160e-01,2.14855827e-04
7.70563781e-01,1.93745291e+00,2.62563205e+00,5.96876860e-01,5.99948864e-04
8.15983355e-01,2.17746019e+00,2.94628096e+00,6.70156538e-01,1.11338426e-03
8.62571895e-01,2.69945860e+00,3.65606070e+00,8.90780270e-01,1.38706272e-03
9.10359621e-01,3.05628490e+00,4.14033699e+00,1.05133247e+00,1.32957264e-03
9.59377348e-01,3.90970683e+00,5.30217743e+00,1.41003203e+00,2.83640809e-03
1.00965667e+00,4.67106962e+00,6.34089756e+00,1.86956823e+00,5.25355712e-03
1.06123006e+00,5.47092867e+00,7.44823694e+00,2.54571772e+00,1.61766168e-02
1.11413085e+00,1.01580067e+01,1.39963789e+01,6.90535831e+00,8.21863487e-02
1.16839325e+00,1.38329067e+01,1.91592922e+01,1.08692169e+01,4.47060645e-01
1.22405231e+00,1.97488441e+01,2.74947128e+01,1.80813961e+01,5.37440062e+00
1.28114390e+00,5.86145325e+02,8.23841248e+02,6.98631409e+02,7.42174377e+01
1.33970511e+00,1.20530801e+04,1.69176914e+04,1.34613447e+04,8.05652954e+02
1.39977336e+00,9.85961094e+04,1.38185125e+05,1.01253789e+05,1.12780586e+04
1.46138775e+00,1.97953500e+05,2.77382125e+05,1.99770953e+05,1.78614570e+04
1.52458799e+00,3.75401250e+05,5.25892250e+05,3.71643875e+05,3.68512578e+04
1.58941495e+00,3.69470312e+05,5.17311625e+05,3.50010125e+05,3.30128281e+04
1.65591037e+00,3.45999125e+05,4.84417688e+05,3.27191844e+05,3.62807109e+04
1.72411728e+00,3.24362688e+05,4.54175062e+05,3.09764312e+05,3.64819102e+04
1.79407966e+00,3.08321125e+05,4.31769812e+05,2.97555156e+05,3.76629375e+04
1.86584306e+00,2.94718562e+05,4.12757219e+05,2.86639938e+05,3.87027148e+04
1.93945324e+00,2.81699531e+05,3.94560906e+05,2.76523000e+05,4.01345781e+04
2.01495814e+00,2.70811469e+05,3.79348188e+05,2.68391156e+05,4.17547734e+04
2.09240627e+00,2.63854750e+05,3.69637281e+05,2.63738250e+05,4.34035859e+04
2.17184782e+00,2.60957109e+05,3.65606000e+05,2.62638938e+05,4.49489531e+04
2.25333428e+00,2.61850812e+05,3.66878938e+05,2.64819406e+05,4.63809609e+04
2.33691788e+00,2.66111312e+05,3.72864562e+05,2.70061625e+05,4.79567852e+04
2.42265272e+00,2.75332750e+05,3.85789875e+05,2.79580500e+05,4.96231875e+04
2.51059437e+00,2.87366312e+05,4.02644938e+05,2.91415625e+05,5.16263516e+04
2.60079956e+00,3.00448562e+05,4.20949062e+05,3.03010375e+05,5.04686836e+04
2.69332647e+00,3.18262125e+05,4.45837219e+05,3.16581688e+05,4.67221250e+04
2.78823495e+00,3.36771906e+05,4.71612375e+05,3.25567969e+05,3.62511641e+04
2.88558602e+00,3.46991906e+05,4.85622125e+05,3.18715062e+05,3.09258379e+04
2.98544264e+00,3.45473562e+05,4.83405438e+05,3.15129062e+05,3.52931562e+04
3.08786964e+00,3.39062438e+05,4.74737375e+05,3.24447688e+05,3.85948203e+04
3.19293284e+00,3.26991062e+05,4.57885312e+05,3.14881281e+05,3.94166172e+04
3.30070019e+00,2.99986844e+05,4.20111188e+05,2.90648250e+05,3.68000469e+04
3.41124129e+00,2.57534906e+05,3.60642812e+05,2.48414688e+05,3.17731484e+04
3.52462745e+00,2.15596906e+05,3.01904500e+05,2.07377250e+05,2.59247109e+04
3.64093208e+00,1.93079422e+05,2.70369312e+05,1.85186125e+05,2.19399258e+04
3.76023054e+00,1.77932359e+05,2.49132781e+05,1.69148688e+05,1.84463652e+04
3.88259912e+00,1.52752375e+05,2.13845203e+05,1.43777578e+05,1.48693584e+04
4.00811720e+00,1.24574203e+05,1.74387547e+05,1.16927289e+05,1.21990020e+04
4.13686609e+00,1.07967445e+05,1.51144062e+05,1.01503070e+05,1.07692832e+04
4.26892853e+00,9.77251953e+04,1.36805031e+05,9.17246562e+04,9.61268555e+03
4.40439081e+00,9.10990469e+04,1.27529047e+05,8.54813594e+04,9.09463867e+03
4.54333878e+00,9.28346094e+04,1.29966266e+05,8.75739219e+04,9.81051172e+03
4.68586397e+00,1.00776594e+05,1.41090375e+05,9.53311406e+04,1.08940703e+04
4.83205652e+00,1.04220375e+05,1.45908844e+05,9.83478047e+04,1.11030225e+04
4.98201227e+00,1.03494797e+05,1.44895969e+05,9.78732578e+04,1.13077686e+04
5.13582754e+00,1.11968000e+05,1.56773219e+05,1.06756797e+05,1.27132051e+04
5.29360199e+00,1.29700641e+05,1.81606125e+05,1.23774734e+05,1.42792305e+04
5.45543718e+00,1.50168844e+05,2.10250000e+05,1.42141969e+05,1.52774053e+04
5.62143755e+00,1.60047531e+05,2.24052938e+05,1.49834625e+05,1.50829160e+04
5.79171038e+00,1.53848438e+05,2.15361156e+05,1.43437469e+05,1.40614375e+04
5.96636629e+00,1.44330875e+05,2.02038469e+05,1.34604734e+05,1.30054902e+04
6.14551687e+00,1.33989906e+05,1.87557344e+05,1.24603891e+05,1.17052246e+04
6.32927942e+00,1.20560562e+05,1.68759125e+05,1.12140125e+05,1.06818164e+04
6.51777077e+00,1.14310969e+05,1.60023969e+05,1.07046469e+05,1.06154111e+04
6.71111441e+00,1.14603508e+05,1.60437516e+05,1.07423227e+05,1.05071113e+04
6.90943432e+00,1.10540031e+05,1.54749656e+05,1.03601078e+05,1.02197539e+04
7.11285782e+00,1.08809031e+05,1.52333531e+05,1.02401195e+05,1.05155664e+04
7.32151794e+00,1.13157180e+05,1.58421750e+05,1.06566656e+05,1.10694082e+04
7.53554821e+00,1.17410047e+05,1.64370781e+05,1.10264938e+05,1.13116875e+04
7.75508738e+00,1.18204312e+05,1.65476125e+05,1.10648992e+05,1.12452637e+04
7.98027754e+00,1.12422961e+05,1.57383250e+05,1.05332133e+05,1.10275889e+04
8.21126270e+00,1.09093180e+05,1.52730219e+05,1.02631953e+05,1.11019609e+04
8.44819450e+00,1.08958414e+05,1.52541281e+05,1.02491656e+05,1.11472051e+04
8.69122219e+00,1.08790789e+05,1.52298438e+05,1.01938188e+05,1.08871836e+04
8.94050789e+00,1.14701750e+05,1.60557344e+05,1.06515812e+05,1.07097500e+04
9.19620800e+00,1.21161617e+05,1.69583938e+05,1.11607312e+05,1.08255215e+04
9.45849037e+00,1.25361484e+05,1.75457250e+05,1.15204289e+05,1.10591621e+04
9.72752285e+00,1.24529492e+05,1.74292672e+05,1.14475688e+05,1.09681201e+04
1.00034800e+01,1.13792719e+05,1.59266969e+05,1.04766219e+05,1.03294307e+04
1.02865391e+01,1.10372297e+05,1.54475125e+05,1.01355523e+05,1.00837490e+04
1.05768833e+01,1.03506305e+05,1.44868188e+05,9.51657188e+04,9.59621582e+03
1.08747025e+01,9.09113125e+04,1.27251391e+05,8.41700781e+04,8.81974316e+03
1.11801853e+01,8.83210469e+04,1.23614898e+05,8.11585000e+04,8.13194531e+03
1.14935322e+01,8.54687188e+04,1.19609000e+05,7.78333125e+04,7.35399463e+03
1.18149433e+01,8.27579062e+04,1.15816039e+05,7.54566797e+04,7.03569727e+03
1.21446266e+01,9.19158906e+04,1.28631328e+05,8.38064375e+04,7.34379297e+03
1.24827967e+01,1.00201258e+05,1.40228922e+05,9.15645312e+04,7.88661621e+03
1.28296700e+01,9.39056094e+04,1.31430500e+05,8.65255312e+04,8.06845508e+03
1.31854706e+01,8.62943984e+04,1.20777469e+05,7.96381094e+04,7.72258496e+03
1.35504293e+01,8.42552969e+04,1.17921938e+05,7.78455156e+04,7.84018408e+03
1.39247818e+01,8.04106719e+04,1.12541852e+05,7.45068750e+04,7.90575244e+03
1.43087692e+01,6.33954531e+04,8.87336250e+04,5.91040234e+04,6.85641211e+03
1.47026405e+01,5.10999141e+04,7.15352656e+04,4.82438906e+04,6.25608301e+03
1.51066484e+01,5.51652031e+04,7.72446875e+04,5.30676094e+04,7.29860010e+03
1.55210552e+01,8.00980312e+04,1.12156656e+05,7.71728125e+04,1.02664883e+04
1.59461288e+01,1.14889484e+05,1.60868297e+05,1.10484672e+05,1.43587363e+04
1.63821430e+01,1.46627031e+05,2.05298047e+05,1.40415281e+05,1.77472480e+04
1.68293781e+01,1.62792812e+05,2.27897312e+05,1.53870141e+05,1.84075723e+04
1.72881241e+01,1.51333906e+05,2.11809969e+05,1.40440422e+05,1.61305039e+04
1.77586803e+01,1.09218648e+05,1.52862266e+05,1.01435078e+05,1.29838828e+04
1.82413464e+01,6.91318359e+04,9.68041406e+04,6.68633750e+04,1.11586836e+04
1.87364349e+01,4.87281406e+04,6.82756016e+04,4.95761836e+04,1.02493486e+04
1.92442665e+01,4.93019531e+04,6.90972656e+04,5.13399648e+04,1.12815156e+04
1.97651691e+01,6.11969414e+04,8.57762031e+04,6.42432891e+04,1.35828926e+04
2.02994785e+01,7.63948125e+04,1.07070680e+05,7.96524531e+04,1.51517266e+04
2.08475418e+01,8.69615781e+04,1.21860016e+05,8.93784766e+04,1.51253018e+04
2.14097099e+01,9.08354219e+04,1.27270297e+05,9.21061406e+04,1.40883320e+04
2.19863453e+01,8.94347891e+04,1.25295172e+05,8.98118125e+04,1.29116387e+04
2.25778236e+01,8.82610781e+04,1.23652273e+05,8.86443906e+04,1.22055488e+04
2.31845264e+01,9.43819297e+04,1.32218438e+05,9.41212188e+04,1.22599395e+04
2.38068466e+01,1.01159906e+05,1.41690656e+05,9.95073750e+04,1.28098301e+04
2.44451809e+01,1.02352547e+05,1.43344500e+05,9.98307031e+04,1.30187861e+04
2.50999470e+01,9.95103594e+04,1.39355609e+05,9.67318906e+04,1.23358730e+04
2.57715645e+01,1.06016805e+05,1.48444125e+05,1.01715781e+05,1.21941611e+04
2.64604683e+01,1.16362812e+05,1.62898625e+05,1.09941164e+05,1.22661016e+04
2.71671047e+01,1.22596805e+05,1.71612766e+05,1.15118555e+05,1.20606582e+04
2.78919277e+01,1.24134133e+05,1.73757406e+05,1.16029109e+05,1.19304688e+04
2.86354065e+01,1.20995617e+05,1.69353250e+05,1.12535070e+05,1.16545098e+04
2.93980217e+01,1.13614797e+05,1.59018938e+05,1.05647070e+05,1.14455176e+04
3.01802654e+01,1.08917000e+05,1.52451703e+05,1.01842289e+05,1.11323496e+04
3.09826431e+01,1.09956008e+05,1.53907016e+05,1.02793133e+05,1.11438906e+04
3.18056717e+01,1.10192516e+05,1.54237000e+05,1.02943266e+05,1.13487188e+04
3.26498833e+01,1.12153109e+05,1.56986359e+05,1.04971719e+05,1.18034375e+04
3.35158234e+01,1.23888062e+05,1.73413094e+05,1.15926422e+05,1.28380195e+04
3.44040565e+01,1.35785359e+05,1.90065781e+05,1.27053484e+05,1.35947520e+04
3.53151436e+01,1.36299094e+05,1.90792109e+05,1.27864523e+05,1.38468809e+04
3.62496834e+01,1.49920469e+05,2.09862281e+05,1.40608859e+05,1.46303594e+04
3.72082787e+01,1.64427531e+05,2.30160141e+05,1.53657719e+05,1.52898877e+04
3.81915474e+01,1.52577219e+05,2.13582125e+05,1.43199672e+05,1.57765635e+04
3.92001228e+01,1.63780344e+05,2.29291125e+05,1.54949188e+05,1.75468438e+04
4.02346535e+01,2.04346312e+05,2.86033031e+05,1.90506047e+05,1.68539141e+04
4.12958107e+01,1.77692141e+05,2.48645672e+05,1.61726219e+05,1.02645557e+04
4.23842850e+01,1.04074734e+05,1.45594281e+05,9.29313125e+04,4.56073584e+03
4.35007744e+01,6.28374688e+04,8.78995000e+04,5.58212695e+04,2.32000171e+03
4.46459999e+01,4.18552656e+04,5.85414062e+04,3.68245703e+04,1.01194897e+03
4.58207016e+01,1.92538984e+04,2.69179746e+04,1.63990898e+04,1.91041763e+02
4.70256386e+01,5.66239746e+03,7.90733252e+03,4.42279248e+03,5.89034939e+00
4.82615852e+01,1.93789771e+03,2.70027441e+03,1.27320740e+03,5.28652081e-03
4.95293465e+01,1.04939355e+03,1.45970349e+03,6.06019226e+02,2.06416415e-04
5.08297386e+01,6.59437378e+02,9.16437012e+02,3.63784088e+02,9.27280707e-05
5.21635971e+01,4.70677460e+02,6.53779053e+02,2.56294281e+02,1.38598582e-04
5.35317917e+01,3.17096069e+02,4.40135956e+02,1.68155930e+02,1.35174312e-04
5.49351997e+01,1.46711990e+02,2.03380936e+02,7.43928223e+01,8.74672915e-05
5.63747253e+01,3.25141830e+01,4.49262352e+01,1.44809322e+01,2.74795129e-05
5.78513031e+01,2.14665532e+00,2.94293094e+00,6.97079778e-01,3.14152794e-06
5.93278885e+01,4.15190421e-02,5.63229360e-02,9.21563338e-03,1.47084506e-07
6.08044662e+01,7.69312901e-04,1.03531312e-03,1.75837791e-04,2.84672197e-09
6.22810478e+01,8.58967996e-06,1.12472908e-05,2.31531999e-06,5.95425376e-11
6.37576256e+01,8.24392657e-07,1.10697431e-06,1.58026739e-06,2.90537321e-12
6.52341995e+01,2.37934302e-07,3.33680049e-07,4.64592517e-07,1.83466767e-13
6.67107849e+01,7.35392103e-09,1.18592665e-08,5.47108581e-10,8.29068903e-15
6.81873703e+01,2.90815677e-10,3.40251438e-10,8.13529688e-10,9.84633344e-16
6.96639481e+01,1.83166433e-11,4.07530502e-11,8.83906934e-13,1.32633170e-16
7.11405258e+01,2.65098463e-13,3.20143624e-13,2.58680935e-13,2.55320815e-18
7.26171036e+01,8.83508422e-14,1.15922259e-13,1.85374075e-14,3.54513222e-19
7.40936813e+01,5.10302495e-15,6.30779041e-15,1.49562746e-15,2.27162424e-20
7.55702591e+01,1.03283831e-15,1.20165642e-15,4.29826181e-16,2.90114475e-21
7.70468445e+01,1.36217655e-16,1.56501262e-16,6.49391242e-17,2.89747904e-22
7.85234222e+01,1.09074252e-17,1.26415953e-17,5.59283737e-18,1.94231123e-23
8.00000000e+01,4.13476621e-19,5.09361071e-19,2.09029187e-19,1.17951745e-24
