Height (km), 7_8 um ash conc (g/kg), 15_6 um ash conc (g/kg), 125 um ash conc (g/kg), 1 mm ash conc (g/kg)
0.00000000e+00,0.00000000e+00,0.00000000e+00,0.00000000e+00,0.00000000e+00
3.99999991e-02,8.23251963e-01,1.16068041e+00,9.28394198e-02,8.14141083e+00
7.99999982e-02,1.89774275e+00,2.63868046e+00,1.30796447e-01,9.30733204e+00
1.19999997e-01,3.30600166e+00,4.49090672e+00,1.22400589e-01,9.73564148e+00
1.59999996e-01,4.67350769e+00,6.14989328e+00,1.02150038e-01,1.08511124e+01
2.00000003e-01,5.02954435e+00,6.43730974e+00,9.29418728e-02,1.16972752e+01
2.39999995e-01,5.16882181e+00,6.45315695e+00,9.41607952e-02,1.28096828e+01
2.80000001e-01,4.62579441e+00,5.66535139e+00,9.37290713e-02,1.44364367e+01
3.19999993e-01,4.06074476e+00,4.90988970e+00,1.01681605e-01,1.52437963e+01
3.60000014e-01,3.39678335e+00,4.08932161e+00,1.29902929e-01,1.83270836e+01
4.00000006e-01,3.00605917e+00,3.64237547e+00,1.92235574e-01,1.81574574e+01
4.39999998e-01,2.78637743e+00,3.43782401e+00,2.57046044e-01,2.25763664e+01
4.79999989e-01,3.10582924e+00,3.92066908e+00,3.39364976e-01,2.13488979e+01
5.19999981e-01,3.25812864e+00,4.15807295e+00,3.50393444e-01,2.67008228e+01
5.60000002e-01,3.74073696e+00,4.79768991e+00,3.41129452e-01,2.47851162e+01
6.00000024e-01,3.70155144e+00,4.74710083e+00,3.07036072e-01,3.02155781e+01
6.41029537e-01,3.80121851e+00,4.86659861e+00,2.83210546e-01,2.91217499e+01
6.83115125e-01,3.40783644e+00,4.35670471e+00,2.36318767e-01,3.39112625e+01
7.26283848e-01,3.29865980e+00,4.22189808e+00,2.14281112e-01,3.23105087e+01
7.70563781e-01,3.02299690e+00,3.86454320e+00,1.84789538e-01,4.18439713e+01
8.15983355e-01,2.89679432e+00,3.70004654e+00,1.66347668e-01,3.81027489e+01
8.62571895e-01,2.54932976e+00,3.25255823e+00,1.54016405e-01,4.76031723e+01
9.10359621e-01,2.46062946e+00,3.14024997e+00,1.69039309e-01,5.02932587e+01
9.59377348e-01,2.45314074e+00,3.15044188e+00,2.37434909e-01,5.44176979e+01
1.00965667e+00,2.76143885e+00,3.56957078e+00,3.84857655e-01,6.21953926e+01
1.06123006e+00,3.67893553e+00,4.84948921e+00,1.18488669e+00,6.18533897e+01
1.11413085e+00,6.37431622e+00,8.58861637e+00,3.34670281e+00,7.10295944e+01
1.16839325e+00,1.06594505e+01,1.45351992e+01,6.84112644e+00,7.22300644e+01
1.22405231e+00,1.66619110e+01,2.28664589e+01,1.15601406e+01,8.51464844e+01
1.28114390e+00,3.57383423e+01,4.93894196e+01,2.79972858e+01,8.74079285e+01
1.33970511e+00,4.37799187e+01,6.03718758e+01,3.33690033e+01,1.02608307e+02
1.39977336e+00,4.50718203e+04,6.31658516e+04,4.66219062e+04,8.39242578e+03
1.46138775e+00,6.37141328e+04,8.93252188e+04,6.78592891e+04,1.29131621e+04
1.52458799e+00,7.22041406e+04,1.01242422e+05,7.77234375e+04,1.91280176e+04
1.58941495e+00,8.47971406e+04,1.18920984e+05,9.25500703e+04,2.73644512e+04
1.65591037e+00,9.18000469e+04,1.28759812e+05,1.01327734e+05,3.49029258e+04
1.72411728e+00,1.07632734e+05,1.50957188e+05,1.18128109e+05,2.56256113e+04
1.79407966e+00,1.21793500e+05,1.70794531e+05,1.32173078e+05,2.73246035e+04
1.86584306e+00,1.37322125e+05,1.92573719e+05,1.49369031e+05,3.55929727e+04
1.93945324e+00,1.54918891e+05,2.17257266e+05,1.69087594e+05,4.16718906e+04
2.01495814e+00,1.72271500e+05,2.41591922e+05,1.88166562e+05,4.80136719e+04
2.09240627e+00,1.87827062e+05,2.63407844e+05,2.05257750e+05,5.33444688e+04
2.17184782e+00,2.02180703e+05,2.83528250e+05,2.20287188e+05,5.45722969e+04
2.25333428e+00,2.14454719e+05,3.00717375e+05,2.32082656e+05,5.34621250e+04
2.33691788e+00,2.23821859e+05,3.13824875e+05,2.40438250e+05,5.22577695e+04
2.42265272e+00,2.30345719e+05,3.22945844e+05,2.45791875e+05,5.08154648e+04
2.51059437e+00,2.34515125e+05,3.28768125e+05,2.48780156e+05,4.90297930e+04
2.60079956e+00,2.36986438e+05,3.32213125e+05,2.50170016e+05,4.71724414e+04
2.69332647e+00,2.38825703e+05,3.34774750e+05,2.51042125e+05,4.53673984e+04
2.78823495e+00,2.41132672e+05,3.37993312e+05,2.52457844e+05,4.36208359e+04
2.88558602e+00,2.43990312e+05,3.41979625e+05,2.54155250e+05,4.17335078e+04
2.98544264e+00,2.46741844e+05,3.45810312e+05,2.55296328e+05,4.02284453e+04
3.08786964e+00,2.48561219e+05,3.48327938e+05,2.55067969e+05,3.99200039e+04
3.19293284e+00,2.48035375e+05,3.47559906e+05,2.52656062e+05,4.13636875e+04
3.30070019e+00,2.44632625e+05,3.42774938e+05,2.48464203e+05,4.37261367e+04
3.41124129e+00,2.39663125e+05,3.35827719e+05,2.44781312e+05,4.57538359e+04
3.52462745e+00,2.34744594e+05,3.28977531e+05,2.42438688e+05,4.57998984e+04
3.64093208e+00,2.30197438e+05,3.22637125e+05,2.39526781e+05,4.47283438e+04
3.76023054e+00,2.25027062e+05,3.15398750e+05,2.34449766e+05,4.42928281e+04
3.88259912e+00,2.17843766e+05,3.05340812e+05,2.27533953e+05,4.43952383e+04
4.00811720e+00,2.08725312e+05,2.92576062e+05,2.18976500e+05,4.39246211e+04
4.13686609e+00,1.98550109e+05,2.78327406e+05,2.09124047e+05,4.28864375e+04
4.26892853e+00,1.88530078e+05,2.64290406e+05,1.99116406e+05,4.14222500e+04
4.40439081e+00,1.79244922e+05,2.51273156e+05,1.89251406e+05,3.91863945e+04
4.54333878e+00,1.70303000e+05,2.38729625e+05,1.79299688e+05,3.69510547e+04
4.68586397e+00,1.61581250e+05,2.26500062e+05,1.69993969e+05,3.53016172e+04
4.83205652e+00,1.56599188e+05,2.19522469e+05,1.65135250e+05,3.43231797e+04
4.98201227e+00,1.59938875e+05,2.24195906e+05,1.68013625e+05,3.39614141e+04
5.13582754e+00,1.64631000e+05,2.30761906e+05,1.72319453e+05,3.48256133e+04
5.29360199e+00,1.69610172e+05,2.37761344e+05,1.78874109e+05,3.80750117e+04
5.45543718e+00,1.91658125e+05,2.68684281e+05,2.02778938e+05,4.24408398e+04
5.62143755e+00,2.19846125e+05,3.08158438e+05,2.29959234e+05,4.51224531e+04
5.79171038e+00,2.35141531e+05,3.29565188e+05,2.43919047e+05,4.58731172e+04
5.96636629e+00,2.36424000e+05,3.31360469e+05,2.44577703e+05,4.44383477e+04
6.14551687e+00,2.31282422e+05,3.24142969e+05,2.38686656e+05,4.16508750e+04
6.32927942e+00,2.14411328e+05,3.00467531e+05,2.19884547e+05,3.60064023e+04
6.51777077e+00,1.75207500e+05,2.45503594e+05,1.78479859e+05,2.77515586e+04
6.71111441e+00,1.38135953e+05,1.93553188e+05,1.40576562e+05,2.19608242e+04
6.90943432e+00,1.34876406e+05,1.88971766e+05,1.36298312e+05,2.11432480e+04
7.11285782e+00,1.39826469e+05,1.95856641e+05,1.38344938e+05,1.97425586e+04
7.32151794e+00,1.04789898e+05,1.46744125e+05,1.01967125e+05,1.37706865e+04
7.53554821e+00,5.65875664e+04,7.92397344e+04,5.50759375e+04,7.92072119e+03
7.75508738e+00,3.24039727e+04,4.53838750e+04,3.19934980e+04,5.40637842e+03
7.98027754e+00,2.38281699e+04,3.33805781e+04,2.39009609e+04,4.68603418e+03
8.21126270e+00,2.13780625e+04,2.99522285e+04,2.16420762e+04,4.61894434e+03
8.44819450e+00,2.06708125e+04,2.89636133e+04,2.10632109e+04,4.76658594e+03
8.69122219e+00,2.16868145e+04,3.03894727e+04,2.22319316e+04,5.14997021e+03
8.94050789e+00,2.31254727e+04,3.24074141e+04,2.37969141e+04,5.59178711e+03
9.19620800e+00,2.35839824e+04,3.30534570e+04,2.44509238e+04,5.99202002e+03
9.45849037e+00,2.60509102e+04,3.65144688e+04,2.72138438e+04,6.83801318e+03
9.72752285e+00,3.02042969e+04,4.23415195e+04,3.18864453e+04,8.31363672e+03
1.00034800e+01,3.47731445e+04,4.87545898e+04,3.71966289e+04,9.83204980e+03
1.02865391e+01,4.01719219e+04,5.63264297e+04,4.30993203e+04,1.09094805e+04
1.05768833e+01,4.10571367e+04,5.75708789e+04,4.42559727e+04,1.12160918e+04
1.08747025e+01,4.18482188e+04,5.86862656e+04,4.54323438e+04,1.15800137e+04
1.11801853e+01,4.42861719e+04,6.21079492e+04,4.82052305e+04,1.23158691e+04
1.14935322e+01,4.76895000e+04,6.68905938e+04,5.24614922e+04,1.36105293e+04
1.18149433e+01,5.58799297e+04,7.83794844e+04,6.16109141e+04,1.52398379e+04
1.21446266e+01,6.24923008e+04,8.76457500e+04,6.84669688e+04,1.62485479e+04
1.24827967e+01,6.66348672e+04,9.34549922e+04,7.30948438e+04,1.80079629e+04
1.28296700e+01,7.10027656e+04,9.95974531e+04,7.90191484e+04,2.10520137e+04
1.31854706e+01,8.65203672e+04,1.21356570e+05,9.57906094e+04,2.38804551e+04
1.35504293e+01,1.04374266e+05,1.46344078e+05,1.12378977e+05,2.36312422e+04
1.39247818e+01,9.99204688e+04,1.40081406e+05,1.06691453e+05,2.03931426e+04
1.43087692e+01,8.78962500e+04,1.23229742e+05,9.40683125e+04,1.70744805e+04
1.47026405e+01,7.27857188e+04,1.02050734e+05,7.79348672e+04,1.36625762e+04
1.51066484e+01,5.52304688e+04,7.74578594e+04,5.98879375e+04,1.06789531e+04
1.55210552e+01,4.85787500e+04,6.81427422e+04,5.29212109e+04,9.52594922e+03
1.59461288e+01,4.76308359e+04,6.68043125e+04,5.14368203e+04,9.23892578e+03
1.63821430e+01,4.57655117e+04,6.41852461e+04,4.96782305e+04,9.01419824e+03
1.68293781e+01,4.50783125e+04,6.32224727e+04,4.88163242e+04,8.77471582e+03
1.72881241e+01,4.59615234e+04,6.44396719e+04,4.90810039e+04,8.98662695e+03
1.77586803e+01,4.75201289e+04,6.66063359e+04,5.08693984e+04,9.75776953e+03
1.82413464e+01,5.40325703e+04,7.57305781e+04,5.79963867e+04,1.11659619e+04
1.87364349e+01,5.83605000e+04,8.18003047e+04,6.34538320e+04,1.19526094e+04
1.92442665e+01,5.24293008e+04,7.35379688e+04,6.03516250e+04,1.14548760e+04
1.97651691e+01,5.35941055e+04,7.52291172e+04,6.39249766e+04,1.16345469e+04
2.02994785e+01,6.31768906e+04,8.86803828e+04,7.35456719e+04,1.24965166e+04
2.08475418e+01,7.30667812e+04,1.02528578e+05,8.18820625e+04,1.33889131e+04
2.14097099e+01,8.42919688e+04,1.18226141e+05,9.07859219e+04,1.46771162e+04
2.19863453e+01,9.80201016e+04,1.37416531e+05,1.01743828e+05,1.63065547e+04
2.25778236e+01,1.10826258e+05,1.55314688e+05,1.12745969e+05,1.75987715e+04
2.31845264e+01,1.18846258e+05,1.66526906e+05,1.19790242e+05,1.80960957e+04
2.38068466e+01,1.30268258e+05,1.82503719e+05,1.29808180e+05,1.90037773e+04
2.44451809e+01,1.45033406e+05,2.03154062e+05,1.43993781e+05,2.02768223e+04
2.50999470e+01,1.61243422e+05,2.25847859e+05,1.59042078e+05,2.09556270e+04
2.57715645e+01,1.65513531e+05,2.31808500e+05,1.61717297e+05,1.99211250e+04
2.64604683e+01,1.47214953e+05,2.06159609e+05,1.42412906e+05,1.70394492e+04
2.71671047e+01,1.31305453e+05,1.83873188e+05,1.26251703e+05,1.47505996e+04
2.78919277e+01,1.24794688e+05,1.74749312e+05,1.18668891e+05,1.37127021e+04
2.86354065e+01,1.19707250e+05,1.67595766e+05,1.12085734e+05,1.32967236e+04
2.93980217e+01,1.15296062e+05,1.61381969e+05,1.07436539e+05,1.34686631e+04
3.01802654e+01,1.15691133e+05,1.61930422e+05,1.08447211e+05,1.37321953e+04
3.09826431e+01,1.20645242e+05,1.68852812e+05,1.12468352e+05,1.40671475e+04
3.18056717e+01,1.27413938e+05,1.78305062e+05,1.17979391e+05,1.57976875e+04
3.26498833e+01,1.33309766e+05,1.86559469e+05,1.23756867e+05,1.67800000e+04
3.35158234e+01,1.31184547e+05,1.83570469e+05,1.21163484e+05,1.62728721e+04
3.44040565e+01,1.25871703e+05,1.76142125e+05,1.16814578e+05,1.60324160e+04
3.53151436e+01,1.22327516e+05,1.71187625e+05,1.14176117e+05,1.68049297e+04
3.62496834e+01,1.20521586e+05,1.68681891e+05,1.13804328e+05,1.91807754e+04
3.72082787e+01,1.24948898e+05,1.74915562e+05,1.20360023e+05,2.15323633e+04
3.81915474e+01,1.36857156e+05,1.91646656e+05,1.34790188e+05,2.18276406e+04
3.92001228e+01,1.54336188e+05,2.16122906e+05,1.51133266e+05,1.82079062e+04
4.02346535e+01,1.34937781e+05,1.88889547e+05,1.28242273e+05,1.00194883e+04
4.12958107e+01,7.89479141e+04,1.10448094e+05,7.18599375e+04,3.27067407e+03
4.23842850e+01,3.29517734e+04,4.60509062e+04,2.78607695e+04,5.99438293e+02
4.35007744e+01,1.21908389e+04,1.70052852e+04,9.01781055e+03,6.00601234e+01
4.46459999e+01,5.35684375e+03,7.45137012e+03,3.21297388e+03,3.46396136e+00
4.58207016e+01,3.18520703e+03,4.41750195e+03,1.55026819e+03,1.44903123e-01
4.70256386e+01,2.17162720e+03,3.00754004e+03,9.47055298e+02,7.84511957e-03
4.82615852e+01,1.53851367e+03,2.12777930e+03,6.08314026e+02,4.67655656e-04
4.95293465e+01,1.03129773e+03,1.42429883e+03,3.90230499e+02,1.02164238e-04
5.08297386e+01,7.19838196e+02,9.93280090e+02,2.68432404e+02,6.80845405e-05
5.21635971e+01,4.67371277e+02,6.43260010e+02,1.54397110e+02,3.92054462e-05
5.35317917e+01,2.52350372e+02,3.46465118e+02,7.26211090e+01,2.87596886e-05
5.49351997e+01,1.34482285e+02,1.83760437e+02,2.85443363e+01,1.77886868e-05
5.63747253e+01,6.86708679e+01,9.32356796e+01,1.08680811e+01,1.01993019e-05
5.78513031e+01,2.71864014e+01,3.66613197e+01,3.76821685e+00,5.99028635e-06
5.93278885e+01,9.64025879e+00,1.29374390e+01,1.32637012e+00,3.74388060e-06
6.08044662e+01,4.20077610e+00,5.62204742e+00,5.76889038e-01,2.20243783e-06
6.22810478e+01,1.84947157e+00,2.46759534e+00,2.54770875e-01,1.21739902e-06
6.37576256e+01,9.87553954e-01,1.31869960e+00,1.42881632e-01,6.60051569e-07
6.52341995e+01,5.45112789e-01,7.26496518e-01,7.28540495e-02,3.32971467e-07
6.67107849e+01,2.76733130e-01,3.66715223e-01,3.11492048e-02,1.55411556e-07
6.81873703e+01,1.34558782e-01,1.76561892e-01,1.17896292e-02,6.70596876e-08
6.96639481e+01,6.22995161e-02,8.07224661e-02,4.16698027e-03,2.70832388e-08
7.11405258e+01,2.70393696e-02,3.45715433e-02,1.57948013e-03,1.07651408e-08
7.26171036e+01,1.13216760e-02,1.42779034e-02,6.61864353e-04,4.58654181e-09
7.40936813e+01,4.43392619e-03,5.50752180e-03,2.33475337e-04,2.03086303e-09
7.55702591e+01,1.62214821e-03,1.97148137e-03,6.30127688e-05,8.81979267e-10
7.70468445e+01,5.33449696e-04,6.26650581e-04,1.74180968e-05,3.56028179e-10
7.85234222e+01,1.45755606e-04,1.62727956e-04,6.59322632e-06,1.25501193e-10
8.00000000e+01,1.28696352e-04,1.30327666e-04,8.61754324e-06,1.41185896e-10
