Height (km), 7_8 um ash conc (g/kg), 15_6 um ash conc (g/kg), 125 um ash conc (g/kg), 1 mm ash conc (g/kg)
0.00000000e+00,0.00000000e+00,0.00000000e+00,0.00000000e+00,0.00000000e+00
3.99999991e-02,1.29508805e-02,1.86410751e-02,7.06313401e-02,1.77598417e+00
7.99999982e-02,3.10578905e-02,4.43764888e-02,1.01463854e-01,2.05343485e+00
1.19999997e-01,5.41331321e-02,7.71196038e-02,1.39119834e-01,2.25224733e+00
1.59999996e-01,7.94252083e-02,1.12857252e-01,1.76770836e-01,2.45430732e+00
2.00000003e-01,9.11116004e-02,1.29388884e-01,1.92344025e-01,2.54633117e+00
2.39999995e-01,1.15907989e-01,1.64384663e-01,2.27552816e-01,2.72388172e+00
2.80000001e-01,1.33752674e-01,1.89695925e-01,2.55394220e-01,2.88882494e+00
3.19999993e-01,1.52628630e-01,2.16270253e-01,2.72664934e-01,3.00265098e+00
3.60000014e-01,1.70449406e-01,2.41553292e-01,2.96143770e-01,3.15608001e+00
4.00000006e-01,1.93746805e-01,2.74466604e-01,3.23823690e-01,3.31294632e+00
4.39999998e-01,2.04669625e-01,2.89842159e-01,3.31403762e-01,3.42133164e+00
4.79999989e-01,2.35995561e-01,3.34375501e-01,3.77930492e-01,3.65469551e+00
5.19999981e-01,2.43556112e-01,3.45076472e-01,3.77377033e-01,3.76333213e+00
5.60000002e-01,2.77911961e-01,3.93921256e-01,4.32047784e-01,3.99677634e+00
6.00000024e-01,2.81736851e-01,3.99110585e-01,4.29365009e-01,4.11244631e+00
6.41029537e-01,3.16228777e-01,4.47793424e-01,4.90439028e-01,4.33896589e+00
6.83115125e-01,3.13539147e-01,4.43496972e-01,4.89413291e-01,4.40948486e+00
7.26283848e-01,3.31750154e-01,4.68932271e-01,5.36382675e-01,4.63290405e+00
7.70563781e-01,3.40902418e-01,4.81540173e-01,5.72658598e-01,4.73225546e+00
8.15983355e-01,3.69071394e-01,5.21290362e-01,6.48819327e-01,4.98968029e+00
8.62571895e-01,3.57345760e-01,5.04390180e-01,6.56070650e-01,5.04833889e+00
9.10359621e-01,3.85294557e-01,5.43884873e-01,7.31994510e-01,5.30427408e+00
9.59377348e-01,3.75842035e-01,5.30305386e-01,7.39329875e-01,5.41405153e+00
1.00965667e+00,3.93770099e-01,5.55756986e-01,7.91365981e-01,5.67292643e+00
1.06123006e+00,4.14869040e-01,5.85581601e-01,8.39557767e-01,5.93787003e+00
1.11413085e+00,4.35702771e-01,6.14762306e-01,8.86075020e-01,6.24497843e+00
1.16839325e+00,4.50441450e-01,6.34946287e-01,9.30029750e-01,8.34560776e+00
1.22405231e+00,4.66534853e-01,6.56855166e-01,9.93514597e-01,7.32607841e+00
1.28114390e+00,5.04486501e-01,7.10776031e-01,1.11121655e+00,1.01356783e+01
1.33970511e+00,5.49706936e-01,7.77581394e-01,1.25574124e+00,8.41361237e+00
1.39977336e+00,1.90528320e+04,2.66879336e+04,1.87999980e+04,1.95370898e+03
1.46138775e+00,2.10862891e+04,2.95262891e+04,2.02418145e+04,1.89423657e+03
1.52458799e+00,2.10948398e+04,2.95396445e+04,2.03232520e+04,2.05379932e+03
1.58941495e+00,2.01661562e+04,2.82433457e+04,1.96468633e+04,2.16883447e+03
1.65591037e+00,1.99468145e+04,2.79382676e+04,1.95442344e+04,2.24702661e+03
1.72411728e+00,1.99625430e+04,2.79616055e+04,1.96286758e+04,2.31731592e+03
1.79407966e+00,2.01869785e+04,2.82766074e+04,1.98837246e+04,2.37885083e+03
1.86584306e+00,2.02852930e+04,2.84142559e+04,1.99771719e+04,2.39370801e+03
1.93945324e+00,2.00609668e+04,2.80996582e+04,1.97366133e+04,2.35981396e+03
2.01495814e+00,1.96263457e+04,2.74904336e+04,1.92867852e+04,2.30284009e+03
2.09240627e+00,1.90982402e+04,2.67502852e+04,1.87446523e+04,2.23450806e+03
2.17184782e+00,1.84107676e+04,2.57868848e+04,1.80464980e+04,2.14758154e+03
2.25333428e+00,1.75193398e+04,2.45378672e+04,1.71512285e+04,2.03963635e+03
2.33691788e+00,1.64339414e+04,2.30173555e+04,1.60761670e+04,1.91733167e+03
2.42265272e+00,1.52311631e+04,2.13327188e+04,1.48988994e+04,1.79108154e+03
2.51059437e+00,1.40067012e+04,1.96179648e+04,1.37122461e+04,1.66834790e+03
2.60079956e+00,1.28770898e+04,1.80361289e+04,1.26215439e+04,1.55827490e+03
2.69332647e+00,1.18819219e+04,1.66426777e+04,1.16644424e+04,1.46571130e+03
2.78823495e+00,1.10403809e+04,1.54643467e+04,1.08550547e+04,1.38848621e+03
2.88558602e+00,1.03589355e+04,1.45102529e+04,1.02020703e+04,1.33080786e+03
2.98544264e+00,9.82457715e+03,1.37620176e+04,9.68777148e+03,1.28862817e+03
3.08786964e+00,9.41740723e+03,1.31918984e+04,9.29619629e+03,1.26165417e+03
3.19293284e+00,9.08021973e+03,1.27196787e+04,8.97043750e+03,1.24394812e+03
3.30070019e+00,8.75541992e+03,1.22647949e+04,8.65521582e+03,1.22988721e+03
3.41124129e+00,8.40097461e+03,1.17683076e+04,8.30917383e+03,1.21432312e+03
3.52462745e+00,7.98443506e+03,1.11849326e+04,7.90310938e+03,1.19523950e+03
3.64093208e+00,7.48787939e+03,1.04894141e+04,7.41633984e+03,1.16902490e+03
3.76023054e+00,6.89012646e+03,9.65234863e+03,6.83468701e+03,1.13751318e+03
3.88259912e+00,6.22336133e+03,8.71878516e+03,6.19146289e+03,1.10484106e+03
4.00811720e+00,5.62215576e+03,7.87698975e+03,5.61049609e+03,1.08247827e+03
4.13686609e+00,5.42149414e+03,7.59596533e+03,5.41194727e+03,1.10094336e+03
4.26892853e+00,5.79230029e+03,8.11470117e+03,5.75193896e+03,1.16862354e+03
4.40439081e+00,6.21776562e+03,8.70984277e+03,6.14553467e+03,1.24417297e+03
4.54333878e+00,6.36058594e+03,8.91000684e+03,6.29389990e+03,1.30920300e+03
4.68586397e+00,6.11583301e+03,8.56784082e+03,6.07929150e+03,1.33586133e+03
4.83205652e+00,5.43853662e+03,7.61972119e+03,5.43515186e+03,1.30050366e+03
4.98201227e+00,4.71506396e+03,6.60663965e+03,4.73287012e+03,1.25403601e+03
5.13582754e+00,4.23769238e+03,5.93769482e+03,4.25227148e+03,1.23304883e+03
5.29360199e+00,4.14243164e+03,5.80348633e+03,4.13042188e+03,1.25064404e+03
5.45543718e+00,4.42575391e+03,6.19930908e+03,4.37229004e+03,1.30773682e+03
5.62143755e+00,4.72583691e+03,6.61918262e+03,4.65170264e+03,1.38755945e+03
5.79171038e+00,4.80584961e+03,6.73207324e+03,4.75988281e+03,1.47501660e+03
5.96636629e+00,4.62173682e+03,6.47523291e+03,4.61692969e+03,1.52514160e+03
6.14551687e+00,4.22938184e+03,5.92602588e+03,4.24483887e+03,1.51660229e+03
6.32927942e+00,3.84144043e+03,5.38257617e+03,3.86087231e+03,1.48442480e+03
6.51777077e+00,3.58286011e+03,5.02016211e+03,3.59843701e+03,1.46110864e+03
6.71111441e+00,3.43579419e+03,4.81384473e+03,3.44325464e+03,1.41413770e+03
6.90943432e+00,3.35920020e+03,4.70614453e+03,3.35394092e+03,1.36887061e+03
7.11285782e+00,3.33076099e+03,4.66583008e+03,3.30964795e+03,1.36332788e+03
7.32151794e+00,3.33927319e+03,4.67737598e+03,3.30450244e+03,1.39376782e+03
7.53554821e+00,3.37200024e+03,4.72306006e+03,3.33111523e+03,1.37507690e+03
7.75508738e+00,3.41556641e+03,4.78418213e+03,3.37762305e+03,1.43298877e+03
7.98027754e+00,3.45745190e+03,4.84311572e+03,3.42851904e+03,1.47732275e+03
8.21126270e+00,3.48120312e+03,4.87667969e+03,3.46261768e+03,1.54278931e+03
8.44819450e+00,3.47783569e+03,4.87215430e+03,3.46640015e+03,1.58649951e+03
8.69122219e+00,3.43653638e+03,4.81437744e+03,3.42844238e+03,1.58774023e+03
8.94050789e+00,3.36654736e+03,4.71637256e+03,3.36053979e+03,1.53521997e+03
9.19620800e+00,3.30977344e+03,4.63689209e+03,3.30579419e+03,1.47482288e+03
9.45849037e+00,3.27173779e+03,4.58363037e+03,3.26936938e+03,1.45369116e+03
9.72752285e+00,3.24491382e+03,4.54610449e+03,3.24584644e+03,1.48909534e+03
1.00034800e+01,3.23870142e+03,4.53746826e+03,3.24384058e+03,1.56066504e+03
1.02865391e+01,3.22552808e+03,4.51903418e+03,3.23380103e+03,1.64539771e+03
1.05768833e+01,3.16913574e+03,4.43997070e+03,3.17795923e+03,1.74020300e+03
1.08747025e+01,3.07355273e+03,4.30591357e+03,3.08129395e+03,1.81601050e+03
1.11801853e+01,2.95795972e+03,4.14373145e+03,2.96846167e+03,1.87445557e+03
1.14935322e+01,2.85646924e+03,4.00139966e+03,2.88549487e+03,1.91517285e+03
1.18149433e+01,2.81641333e+03,3.94544067e+03,2.89679248e+03,1.97795996e+03
1.21446266e+01,2.83587769e+03,3.97326782e+03,3.00828638e+03,2.07375049e+03
1.24827967e+01,2.90643604e+03,4.07326660e+03,3.25463477e+03,2.17199878e+03
1.28296700e+01,3.02597461e+03,4.24316797e+03,3.68037964e+03,2.23824414e+03
1.31854706e+01,3.20778516e+03,4.50263037e+03,4.32022217e+03,2.27846851e+03
1.35504293e+01,3.50085889e+03,4.92196436e+03,5.19405322e+03,2.33655103e+03
1.39247818e+01,3.93411523e+03,5.53960156e+03,6.05451465e+03,2.43532349e+03
1.43087692e+01,4.59469922e+03,6.47377295e+03,7.18385449e+03,2.50915698e+03
1.47026405e+01,5.69864111e+03,8.02958398e+03,8.64318750e+03,2.48568726e+03
1.51066484e+01,6.77303711e+03,9.54076953e+03,9.86663770e+03,2.43105029e+03
1.55210552e+01,7.94289014e+03,1.11866475e+04,1.10051348e+04,2.36730420e+03
1.59461288e+01,9.17938672e+03,1.29151592e+04,1.18811514e+04,2.34058350e+03
1.63821430e+01,1.07013086e+04,1.50389551e+04,1.32987559e+04,2.37336890e+03
1.68293781e+01,1.26262051e+04,1.77274082e+04,1.51039434e+04,2.43716650e+03
1.72881241e+01,1.41273926e+04,1.98229062e+04,1.68044160e+04,2.56522998e+03
1.77586803e+01,1.53156641e+04,2.15042969e+04,1.84500957e+04,2.58384277e+03
1.82413464e+01,1.76362852e+04,2.47769570e+04,2.09183438e+04,2.61711670e+03
1.87364349e+01,2.06867500e+04,2.90399238e+04,2.32622207e+04,2.55859375e+03
1.92442665e+01,2.30514766e+04,3.23243594e+04,2.53289609e+04,2.35617261e+03
1.97651691e+01,2.48928633e+04,3.49034492e+04,2.71873242e+04,2.15856567e+03
2.02994785e+01,2.67577227e+04,3.75140430e+04,2.78133086e+04,1.82406934e+03
2.08475418e+01,2.86043789e+04,4.00749531e+04,2.73698027e+04,1.59380444e+03
2.14097099e+01,3.03804629e+04,4.25191250e+04,2.61451484e+04,1.38524109e+03
2.19863453e+01,3.12920898e+04,4.37287344e+04,2.40070000e+04,1.28199622e+03
2.25778236e+01,2.98608613e+04,4.16780117e+04,2.07525059e+04,1.22948547e+03
2.31845264e+01,2.68799961e+04,3.74813086e+04,1.79803438e+04,1.22931824e+03
2.38068466e+01,2.30898633e+04,3.21818535e+04,1.59728291e+04,1.23368042e+03
2.44451809e+01,1.93634102e+04,2.69979414e+04,1.39790732e+04,1.20569751e+03
2.50999470e+01,1.73008418e+04,2.41383203e+04,1.32453262e+04,1.20740564e+03
2.57715645e+01,1.50061240e+04,2.09444180e+04,1.18405918e+04,1.20704407e+03
2.64604683e+01,1.26597490e+04,1.76858477e+04,1.05187480e+04,1.14845862e+03
2.71671047e+01,1.15234189e+04,1.61077637e+04,9.89597949e+03,1.13190381e+03
2.78919277e+01,1.14150830e+04,1.59584766e+04,9.96198730e+03,1.16067651e+03
2.86354065e+01,1.06967607e+04,1.49564434e+04,9.55770312e+03,1.11610596e+03
2.93980217e+01,1.00119912e+04,1.40058008e+04,9.22598730e+03,1.09095996e+03
3.01802654e+01,9.41494922e+03,1.31751113e+04,8.83979297e+03,1.05744556e+03
3.09826431e+01,9.26600195e+03,1.29683379e+04,8.74755664e+03,1.01975208e+03
3.18056717e+01,1.00323867e+04,1.40417764e+04,9.48322461e+03,1.04962524e+03
3.26498833e+01,1.00247598e+04,1.40317500e+04,9.47573047e+03,9.53045715e+02
3.35158234e+01,9.95671484e+03,1.39371484e+04,9.39404297e+03,9.05594482e+02
3.44040565e+01,9.78608594e+03,1.36974502e+04,9.14230078e+03,7.49076538e+02
3.53151436e+01,7.61242969e+03,1.06504023e+04,6.88074121e+03,3.94031708e+02
3.62496834e+01,5.57883350e+03,7.80244678e+03,4.91563184e+03,1.46582748e+02
3.72082787e+01,3.90407715e+03,5.45639893e+03,3.23552148e+03,2.66608162e+01
3.81915474e+01,8.39855591e+02,1.16872510e+03,4.92331024e+02,5.42676926e-01
3.92001228e+01,1.77642014e+02,2.46771072e+02,9.62356415e+01,1.98591173e-01
4.02346535e+01,6.90132065e+01,9.56316376e+01,2.97076130e+01,7.46220425e-02
4.12958107e+01,4.86377449e+01,6.73354263e+01,1.97656822e+01,9.58717428e-04
4.23842850e+01,2.40767803e+01,3.32406273e+01,8.93293667e+00,5.92061784e-04
4.35007744e+01,1.78442726e+01,2.46546040e+01,7.18640900e+00,1.55381736e-06
4.46459999e+01,3.94090581e+00,5.42073298e+00,1.07328629e+00,2.53091031e-07
4.58207016e+01,3.82172056e-02,5.00779003e-02,5.33590675e-04,3.95528978e-08
4.70256386e+01,3.70167312e-03,4.87109274e-03,1.05380757e-04,1.25852075e-08
4.82615852e+01,6.57722529e-04,8.72012810e-04,1.94646600e-05,5.84006310e-09
4.95293465e+01,6.04758025e-05,7.78538015e-05,6.82646203e-07,5.32526301e-10
5.08297386e+01,3.14961358e-06,4.06861000e-06,1.27086963e-07,2.35448536e-11
5.21635971e+01,7.25209816e-07,9.55861651e-07,2.98333198e-08,9.46874176e-12
5.35317917e+01,2.10237761e-09,2.64399591e-09,1.16542193e-10,2.68255419e-15
5.49351997e+01,5.56994728e-10,7.19721949e-10,2.86972477e-11,1.00398680e-14
5.63747253e+01,1.34571876e-11,1.84211171e-11,1.31804710e-13,8.14233383e-17
5.78513031e+01,2.73624385e-13,3.51695805e-13,1.29868464e-14,1.04457302e-17
5.93278885e+01,1.44815969e-14,1.93856619e-14,6.31341764e-17,5.53687043e-19
6.08044662e+01,1.23697158e-16,2.16944474e-16,2.37548769e-17,6.41239256e-21
6.22810478e+01,2.41381427e-17,2.57826986e-17,1.30985777e-18,8.28863953e-22
6.37576256e+01,2.06399389e-18,3.18713166e-18,1.63125171e-20,4.18803691e-24
6.52341995e+01,1.64415831e-20,1.64507241e-20,1.82511162e-21,8.29252950e-25
6.67107849e+01,2.38007166e-21,3.58359360e-21,1.05460464e-23,2.73645775e-27
6.81873703e+01,9.52548991e-24,9.48779340e-24,1.55383786e-24,6.89897284e-28
6.96639481e+01,1.87037461e-24,2.67153149e-24,5.56289534e-27,1.63730997e-30
7.11405258e+01,6.68845117e-27,9.28486512e-27,1.50672288e-28,7.91058621e-32
7.26171036e+01,1.88781290e-28,2.87584843e-28,7.69646820e-30,3.06161655e-33
7.40936813e+01,8.61229077e-30,1.27892416e-29,3.10507844e-31,1.17532113e-34
7.55702591e+01,4.66072319e-31,6.83151990e-31,1.22762025e-32,3.31751389e-36
7.70468445e+01,1.72629956e-32,2.58943420e-32,5.34548158e-34,1.09707657e-37
7.85234222e+01,4.70622479e-34,7.38444036e-34,1.68887486e-35,2.55736970e-39
8.00000000e+01,2.73041739e-35,4.27568679e-35,9.78837783e-37,6.86636248e-41
