Height (km), 7_8 um ash conc (g/kg), 15_6 um ash conc (g/kg), 125 um ash conc (g/kg), 1 mm ash conc (g/kg)
0.00000000e+00,0.00000000e+00,0.00000000e+00,0.00000000e+00,0.00000000e+00
3.99999991e-02,2.16792780e-03,3.91936116e-03,2.97548771e-01,4.17079069e-02
7.99999982e-02,5.24700247e-03,9.36562754e-03,4.63144124e-01,1.66854769e-01
1.19999997e-01,8.69184826e-03,1.53638106e-02,5.72448611e-01,4.54546183e-01
1.59999996e-01,1.29910819e-02,2.25858912e-02,6.64321065e-01,1.05519867e+00
2.00000003e-01,1.71571746e-02,2.96199322e-02,7.16722608e-01,1.26686788e+00
2.39999995e-01,2.36496944e-02,4.04420272e-02,7.67529547e-01,2.34578180e+00
2.80000001e-01,3.21502015e-02,5.44404313e-02,8.00896406e-01,2.74372578e+00
3.19999993e-01,4.40937206e-02,7.39344805e-02,8.21393728e-01,4.26105642e+00
3.60000014e-01,5.85723221e-02,9.75105539e-02,8.52196693e-01,4.49883032e+00
4.00000006e-01,7.98060149e-02,1.31446287e-01,8.81824732e-01,6.31466150e+00
4.39999998e-01,1.17153935e-01,1.88591629e-01,9.26674306e-01,6.31964207e+00
4.79999989e-01,1.68803751e-01,2.65836298e-01,1.03082991e+00,7.41449928e+00
5.19999981e-01,2.42664903e-01,3.73520494e-01,1.08651352e+00,7.31869125e+00
5.60000002e-01,3.30597699e-01,5.00334024e-01,1.25904000e+00,7.40222645e+00
6.00000024e-01,4.24008280e-01,6.35724366e-01,1.31507206e+00,7.30781555e+00
6.41029537e-01,6.19969130e-01,9.15070772e-01,1.43576646e+00,7.21140242e+00
6.83115125e-01,7.78567314e-01,1.13886786e+00,1.44096112e+00,7.10130930e+00
7.26283848e-01,1.01261199e+00,1.46553743e+00,1.53963602e+00,7.08896160e+00
7.70563781e-01,1.20552385e+00,1.73129809e+00,1.57334721e+00,7.05393505e+00
8.15983355e-01,1.47920310e+00,2.10991526e+00,1.75040543e+00,7.17231941e+00
8.62571895e-01,1.54440033e+00,2.19597387e+00,1.71089721e+00,7.28871298e+00
9.10359621e-01,1.70366704e+00,2.41572571e+00,1.80445039e+00,7.35522699e+00
9.59377348e-01,1.74407899e+00,2.46849132e+00,1.77048707e+00,7.68762255e+00
1.00965667e+00,1.85161138e+00,2.61522508e+00,1.80237448e+00,7.84515095e+00
1.06123006e+00,1.88191819e+00,2.65671682e+00,1.83332169e+00,8.78973007e+00
1.11413085e+00,1.87376797e+00,2.64192224e+00,1.85058939e+00,8.90402699e+00
1.16839325e+00,1.81096458e+00,2.54991531e+00,1.87890458e+00,9.57619953e+00
1.22405231e+00,1.77839625e+00,2.49979162e+00,1.96240592e+00,9.90330601e+00
1.28114390e+00,1.91004646e+00,2.68432617e+00,2.29407096e+00,1.09691048e+01
1.33970511e+00,1.99065435e+00,2.79781389e+00,2.55332756e+00,1.08239088e+01
1.39977336e+00,1.92019434e+04,2.68972852e+04,1.89739043e+04,1.99589624e+03
1.46138775e+00,2.17848984e+04,3.05039141e+04,2.08517383e+04,1.91373828e+03
1.52458799e+00,1.98495625e+04,2.77938242e+04,1.90088574e+04,1.86410217e+03
1.58941495e+00,1.89594102e+04,2.65523633e+04,1.84134473e+04,2.00936621e+03
1.65591037e+00,1.88382734e+04,2.63852051e+04,1.84274512e+04,2.11147217e+03
1.72411728e+00,1.87901387e+04,2.63192363e+04,1.84532246e+04,2.17786084e+03
1.79407966e+00,1.87639922e+04,2.62835879e+04,1.84761660e+04,2.22642798e+03
1.86584306e+00,1.87450371e+04,2.62577559e+04,1.84914062e+04,2.26329468e+03
1.93945324e+00,1.86885996e+04,2.61791582e+04,1.84603203e+04,2.28516724e+03
2.01495814e+00,1.86171055e+04,2.60792559e+04,1.84042734e+04,2.29550269e+03
2.09240627e+00,1.84672871e+04,2.58695215e+04,1.82631680e+04,2.28866089e+03
2.17184782e+00,1.81975273e+04,2.54915801e+04,1.79949355e+04,2.25960547e+03
2.25333428e+00,1.78139121e+04,2.49541230e+04,1.76110742e+04,2.21501123e+03
2.33691788e+00,1.73197031e+04,2.42617109e+04,1.71172109e+04,2.15562622e+03
2.42265272e+00,1.67661152e+04,2.34861680e+04,1.65665938e+04,2.09064331e+03
2.51059437e+00,1.61806904e+04,2.26660762e+04,1.59864092e+04,2.02115540e+03
2.60079956e+00,1.56084092e+04,2.18644043e+04,1.54205469e+04,1.95551599e+03
2.69332647e+00,1.50808340e+04,2.11253398e+04,1.48987373e+04,1.89606641e+03
2.78823495e+00,1.45615020e+04,2.03978320e+04,1.43859111e+04,1.83654626e+03
2.88558602e+00,1.40398848e+04,1.96671191e+04,1.38711572e+04,1.77478687e+03
2.98544264e+00,1.34863799e+04,1.88917461e+04,1.33257871e+04,1.71654724e+03
3.08786964e+00,1.28931416e+04,1.80608066e+04,1.27444785e+04,1.64749280e+03
3.19293284e+00,1.23396689e+04,1.72856055e+04,1.22036016e+04,1.58736963e+03
3.30070019e+00,1.19516895e+04,1.67420938e+04,1.18207559e+04,1.55046875e+03
3.41124129e+00,1.17154658e+04,1.64110586e+04,1.15835840e+04,1.51460547e+03
3.52462745e+00,1.14991143e+04,1.61078535e+04,1.13656719e+04,1.49455933e+03
3.64093208e+00,1.11748203e+04,1.56535137e+04,1.10448564e+04,1.47753943e+03
3.76023054e+00,1.06939922e+04,1.49800156e+04,1.05738008e+04,1.40999487e+03
3.88259912e+00,1.00704355e+04,1.41067422e+04,9.96770117e+03,1.36485046e+03
4.00811720e+00,9.47487695e+03,1.32727295e+04,9.38969629e+03,1.30299817e+03
4.13686609e+00,9.04752246e+03,1.26742188e+04,8.97316895e+03,1.27403955e+03
4.26892853e+00,8.80721387e+03,1.23376133e+04,8.73701660e+03,1.27168018e+03
4.40439081e+00,8.68593066e+03,1.21676816e+04,8.61659473e+03,1.26879272e+03
4.54333878e+00,8.59648340e+03,1.20423594e+04,8.52838574e+03,1.24686621e+03
4.68586397e+00,8.51195801e+03,1.19238906e+04,8.44355664e+03,1.25733984e+03
4.83205652e+00,8.44925195e+03,1.18358799e+04,8.37612695e+03,1.23126611e+03
4.98201227e+00,8.41210742e+03,1.17836104e+04,8.33132422e+03,1.27797583e+03
5.13582754e+00,8.35583789e+03,1.17045518e+04,8.26775586e+03,1.22951636e+03
5.29360199e+00,8.22176855e+03,1.15166211e+04,8.13126416e+03,1.24857593e+03
5.45543718e+00,7.96350977e+03,1.11549219e+04,7.87923730e+03,1.18399963e+03
5.62143755e+00,7.60895068e+03,1.06585029e+04,7.53810107e+03,1.19881274e+03
5.79171038e+00,7.20033301e+03,1.00863887e+04,7.14441406e+03,1.10988428e+03
5.96636629e+00,6.82433447e+03,9.55989258e+03,6.77985645e+03,1.10421790e+03
6.14551687e+00,6.54240039e+03,9.16506641e+03,6.50477783e+03,1.04516907e+03
6.32927942e+00,6.36228760e+03,8.91276465e+03,6.32648730e+03,1.04528125e+03
6.51777077e+00,6.26553857e+03,8.77716895e+03,6.22806299e+03,1.02603308e+03
6.71111441e+00,6.24796045e+03,8.75245996e+03,6.20722266e+03,1.03239404e+03
6.90943432e+00,6.29436377e+03,8.81736230e+03,6.24952637e+03,1.03809863e+03
7.11285782e+00,6.37356592e+03,8.92822656e+03,6.32546338e+03,1.05288477e+03
7.32151794e+00,6.49574658e+03,9.09936328e+03,6.44725049e+03,1.07563574e+03
7.53554821e+00,6.67698730e+03,9.35326074e+03,6.62905615e+03,1.10355835e+03
7.75508738e+00,6.86025928e+03,9.60989648e+03,6.80896191e+03,1.12776709e+03
7.98027754e+00,7.05013330e+03,9.87578223e+03,6.99549805e+03,1.14762500e+03
8.21126270e+00,7.31786328e+03,1.02507842e+04,7.26152979e+03,1.17793750e+03
8.44819450e+00,7.54901660e+03,1.05745938e+04,7.49291016e+03,1.20254053e+03
8.69122219e+00,7.60593945e+03,1.06543535e+04,7.55145996e+03,1.20407544e+03
8.94050789e+00,7.63977734e+03,1.07021143e+04,7.60084180e+03,1.21639954e+03
9.19620800e+00,7.85094189e+03,1.09984766e+04,7.83375244e+03,1.25421326e+03
9.45849037e+00,7.61739111e+03,1.06718027e+04,7.62218359e+03,1.23110962e+03
9.72752285e+00,7.39515088e+03,1.03614736e+04,7.44481592e+03,1.23409448e+03
1.00034800e+01,7.63742480e+03,1.07014160e+04,7.71366895e+03,1.28329700e+03
1.02865391e+01,7.40300781e+03,1.03733838e+04,7.50478809e+03,1.26233447e+03
1.05768833e+01,8.10978027e+03,1.13645361e+04,8.26599219e+03,1.38010315e+03
1.08747025e+01,9.40248047e+03,1.31751543e+04,9.56262012e+03,1.53025012e+03
1.11801853e+01,9.56529199e+03,1.34024092e+04,9.72991504e+03,1.54816907e+03
1.14935322e+01,8.94535059e+03,1.25350508e+04,9.20361719e+03,1.51438330e+03
1.18149433e+01,8.84976367e+03,1.24021709e+04,9.20079199e+03,1.51384937e+03
1.21446266e+01,9.20590723e+03,1.29021982e+04,9.66712109e+03,1.57474609e+03
1.24827967e+01,9.26775781e+03,1.29913809e+04,9.91245801e+03,1.63795764e+03
1.28296700e+01,1.03135547e+04,1.44624062e+04,1.12551758e+04,1.91982178e+03
1.31854706e+01,1.20029893e+04,1.68367207e+04,1.32600879e+04,2.26278516e+03
1.35504293e+01,1.36220566e+04,1.91136621e+04,1.51795342e+04,2.54210449e+03
1.39247818e+01,1.72720684e+04,2.42322715e+04,1.90082559e+04,3.02779346e+03
1.43087692e+01,2.13456484e+04,2.99390195e+04,2.32751582e+04,3.43552222e+03
1.47026405e+01,2.30691035e+04,3.23479688e+04,2.51920059e+04,3.41101001e+03
1.51066484e+01,2.22320625e+04,3.11793809e+04,2.47755137e+04,3.25095312e+03
1.55210552e+01,2.10262676e+04,2.95006367e+04,2.38617852e+04,2.98038232e+03
1.59461288e+01,2.06119609e+04,2.89276934e+04,2.33087383e+04,2.65567871e+03
1.63821430e+01,2.19763457e+04,3.08497773e+04,2.43423496e+04,2.71617871e+03
1.68293781e+01,2.37409492e+04,3.33188125e+04,2.51930664e+04,2.82546948e+03
1.72881241e+01,2.41581777e+04,3.38845781e+04,2.46066016e+04,2.71271143e+03
1.77586803e+01,2.54689102e+04,3.57055859e+04,2.49273906e+04,2.76267749e+03
1.82413464e+01,2.73665098e+04,3.83319531e+04,2.59507734e+04,2.86309863e+03
1.87364349e+01,2.75697891e+04,3.85934453e+04,2.53887969e+04,2.68516553e+03
1.92442665e+01,2.64954199e+04,3.70741719e+04,2.38173242e+04,2.53397559e+03
1.97651691e+01,2.72555742e+04,3.81234297e+04,2.41423711e+04,2.60287720e+03
2.02994785e+01,2.72427207e+04,3.80819648e+04,2.38095254e+04,2.43261719e+03
2.08475418e+01,2.50153320e+04,3.49567148e+04,2.18389023e+04,2.31396045e+03
2.14097099e+01,2.42786953e+04,3.39370781e+04,2.16851875e+04,2.52299170e+03
2.19863453e+01,2.34230859e+04,3.27522246e+04,2.12933770e+04,2.45533350e+03
2.25778236e+01,1.78572656e+04,2.49635703e+04,1.59329336e+04,1.67803809e+03
2.31845264e+01,1.10272119e+04,1.54037119e+04,9.43654199e+03,8.51211365e+02
2.38068466e+01,7.36447754e+03,1.02863350e+04,6.28433594e+03,5.35309692e+02
2.44451809e+01,5.95671045e+03,8.32392676e+03,5.15079004e+03,4.25135315e+02
2.50999470e+01,5.82774121e+03,8.14694434e+03,5.11877637e+03,4.26247742e+02
2.57715645e+01,5.37724805e+03,7.51746729e+03,4.71110596e+03,3.36194092e+02
2.64604683e+01,3.27712769e+03,4.57881201e+03,2.73494873e+03,1.36689438e+02
2.71671047e+01,1.59650610e+03,2.22891211e+03,1.26496924e+03,5.89185791e+01
2.78919277e+01,8.58520813e+02,1.19798340e+03,6.58468689e+02,2.44600182e+01
2.86354065e+01,2.77230072e+02,3.85233429e+02,1.63054123e+02,1.25195730e+00
2.93980217e+01,7.53521729e+01,1.03760887e+02,2.12103043e+01,1.90498447e-03
3.01802654e+01,3.37764854e+01,4.63482094e+01,6.93395090e+00,1.45082455e-03
3.09826431e+01,1.42077312e+01,1.94598389e+01,3.34213901e+00,5.79455751e-04
3.18056717e+01,4.61592627e+00,6.31842422e+00,1.24403727e+00,1.29583668e-05
3.26498833e+01,9.99803424e-01,1.35702312e+00,1.28450528e-01,8.30484453e-07
3.35158234e+01,1.83327124e-01,2.45675236e-01,5.75975934e-03,1.80688374e-07
3.44040565e+01,3.39999869e-02,4.53406200e-02,9.85955005e-04,4.18887538e-08
3.53151436e+01,5.31127583e-03,7.08330376e-03,9.43355262e-05,8.18984436e-09
3.62496834e+01,2.17559573e-04,2.82859051e-04,2.91179686e-06,6.72873923e-10
3.72082787e+01,2.61174009e-05,3.39041435e-05,1.28948273e-06,6.84189927e-11
3.81915474e+01,1.89633181e-06,2.49898244e-06,1.59049122e-07,5.90271842e-12
3.92001228e+01,1.51379197e-07,2.01874073e-07,1.54307109e-08,4.77600490e-13
4.02346535e+01,8.81381901e-09,1.15204601e-08,3.51915302e-10,2.05788230e-14
4.12958107e+01,1.60240737e-10,2.10176529e-10,5.55528366e-12,7.01422637e-16
4.23842850e+01,3.72516688e-12,4.84949797e-12,2.11576186e-13,1.31232303e-17
4.35007744e+01,2.12166303e-13,2.79154548e-13,9.05263244e-15,4.14741819e-19
4.46459999e+01,7.23063153e-15,9.55358974e-15,1.10007176e-15,2.56408800e-20
4.58207016e+01,4.95661658e-16,6.81822718e-16,9.60523534e-18,1.15949770e-21
4.70256386e+01,9.98171915e-18,1.34745439e-17,3.21568428e-19,4.68070744e-23
4.82615852e+01,3.67806351e-19,5.29150436e-19,7.62533378e-21,1.13668930e-24
4.95293465e+01,8.02229000e-21,1.14744701e-20,1.66903050e-22,2.11515749e-26
5.08297386e+01,2.18673726e-23,2.91853071e-23,2.03252694e-24,1.55903909e-28
5.21635971e+01,8.48857524e-25,1.06787992e-24,6.56331472e-26,3.59597828e-30
5.35317917e+01,1.86910792e-26,2.48473883e-26,2.12489469e-27,8.93428251e-32
5.49351997e+01,7.49665149e-28,9.79687244e-28,7.48710803e-29,2.89607021e-33
5.63747253e+01,1.86387979e-29,2.58096189e-29,2.49108863e-30,6.68678871e-35
5.78513031e+01,7.80250550e-31,1.06747263e-30,8.13433804e-32,2.41359396e-36
5.93278885e+01,2.18179524e-32,3.13697947e-32,3.13929983e-33,5.54269595e-38
6.08044662e+01,9.12603121e-34,1.29684486e-33,9.64867230e-35,2.37940479e-39
6.22810478e+01,3.31745829e-35,4.92578912e-35,4.73904702e-36,2.52233724e-41
6.37576256e+01,1.34211874e-36,1.94150624e-36,1.41604012e-37,0.00000000e+00
6.52341995e+01,5.76452149e-38,8.59388322e-38,7.75618700e-39,0.00000000e+00
6.67107849e+01,2.52513983e-39,3.80732793e-39,2.46628530e-40,0.00000000e+00
6.81873703e+01,7.42688186e-41,1.26116862e-40,0.00000000e+00,0.00000000e+00
6.96639481e+01,0.00000000e+00,0.00000000e+00,0.00000000e+00,0.00000000e+00
7.11405258e+01,0.00000000e+00,0.00000000e+00,0.00000000e+00,0.00000000e+00
7.26171036e+01,0.00000000e+00,0.00000000e+00,0.00000000e+00,0.00000000e+00
7.40936813e+01,0.00000000e+00,0.00000000e+00,0.00000000e+00,0.00000000e+00
7.55702591e+01,0.00000000e+00,0.00000000e+00,0.00000000e+00,0.00000000e+00
7.70468445e+01,0.00000000e+00,0.00000000e+00,0.00000000e+00,0.00000000e+00
7.85234222e+01,0.00000000e+00,0.00000000e+00,0.00000000e+00,0.00000000e+00
8.00000000e+01,0.00000000e+00,0.00000000e+00,0.00000000e+00,0.00000000e+00
