Height (km), 7_8 um ash conc (g/kg), 15_6 um ash conc (g/kg), 125 um ash conc (g/kg), 1 mm ash conc (g/kg)
0.00000000e+00,0.00000000e+00,0.00000000e+00,0.00000000e+00,0.00000000e+00
3.99999991e-02,4.75952058e-30,3.63218501e-30,2.09712585e-08,1.50592661e+01
7.99999982e-02,6.99167359e-26,8.04025339e-26,3.74034644e-05,2.06680202e+01
1.19999997e-01,3.37419199e-24,3.38418488e-24,2.07819714e-04,2.46859455e+01
1.59999996e-01,3.64346769e-23,4.40325591e-23,6.74602226e-04,3.14358292e+01
2.00000003e-01,2.81283792e-22,5.28122661e-22,1.38969114e-03,3.34462891e+01
2.39999995e-01,2.71750056e-21,6.18577052e-21,2.14780238e-03,4.25420837e+01
2.80000001e-01,3.19936303e-20,7.58272267e-20,2.90607987e-03,4.51500053e+01
3.19999993e-01,3.34639846e-19,8.04450723e-19,3.46778776e-03,5.18294411e+01
3.60000014e-01,3.04372625e-18,7.35108214e-18,3.89403151e-03,5.32866974e+01
4.00000006e-01,2.06653143e-17,5.07779311e-17,4.15871805e-03,6.24313164e+01
4.39999998e-01,1.17563329e-16,2.91646652e-16,4.84161125e-03,6.49934235e+01
4.79999989e-01,7.14435180e-16,1.79225734e-15,4.59278794e-03,6.97762299e+01
5.19999981e-01,2.82950784e-15,7.26817627e-15,6.14919979e-03,7.20437469e+01
5.60000002e-01,9.13040192e-15,2.34076640e-14,5.61348442e-03,7.94898682e+01
6.00000024e-01,3.82758875e-14,9.49828933e-14,7.70220999e-03,7.41649170e+01
6.41029537e-01,1.40710116e-13,3.49139771e-13,7.61702843e-03,8.44291077e+01
6.83115125e-01,3.85528984e-13,9.69578801e-13,9.09554586e-03,8.16968231e+01
7.26283848e-01,1.15856782e-12,2.97677312e-12,9.22525674e-03,8.96962891e+01
7.70563781e-01,4.92745428e-12,1.26963752e-11,1.03684571e-02,9.39019775e+01
8.15983355e-01,2.44626350e-11,6.82096116e-11,1.10317729e-02,1.02858673e+02
8.62571895e-01,1.10777443e-10,3.30452610e-10,1.25106648e-02,1.01106827e+02
9.10359621e-01,9.24720300e-10,2.62144573e-09,1.37000997e-02,1.05584198e+02
9.59377348e-01,5.41595790e-09,1.51509933e-08,1.61739793e-02,1.21302834e+02
1.00965667e+00,1.50712154e-08,4.52640947e-08,1.58156212e-02,1.16383453e+02
1.06123006e+00,5.08998248e-08,1.72986091e-07,1.93380713e-02,1.16086128e+02
1.11413085e+00,2.08992475e-07,7.00620262e-07,2.23039370e-02,1.07549385e+02
1.16839325e+00,8.06337312e-07,2.37930044e-06,2.69143619e-02,1.01222382e+02
1.22405231e+00,5.95466054e-06,1.80879579e-05,3.14791463e-02,1.13764282e+02
1.28114390e+00,3.02388635e-05,6.43784297e-05,3.41195762e-02,1.14178146e+02
1.33970511e+00,1.03854749e-04,1.81949930e-04,4.64855358e-02,1.30160080e+02
1.39977336e+00,2.06128438e+04,2.88563984e+04,1.91746914e+04,1.12495789e+03
1.46138775e+00,2.38985078e+04,3.34164219e+04,1.99461289e+04,1.18342944e+03
1.52458799e+00,1.27569375e+04,1.78332188e+04,1.07375977e+04,7.74437256e+02
1.58941495e+00,1.19839141e+04,1.67652578e+04,1.06637930e+04,9.92558289e+02
1.65591037e+00,1.29573154e+04,1.81351113e+04,1.19131523e+04,1.20741333e+03
1.72411728e+00,1.44135840e+04,2.01774805e+04,1.34480088e+04,1.38949243e+03
1.79407966e+00,1.51673711e+04,2.12318516e+04,1.40945684e+04,1.38537402e+03
1.86584306e+00,1.45574131e+04,2.03751211e+04,1.33736562e+04,1.26135718e+03
1.93945324e+00,1.31515273e+04,1.84048320e+04,1.19430215e+04,1.08847217e+03
2.01495814e+00,1.15469414e+04,1.61574170e+04,1.03772705e+04,9.46454651e+02
2.09240627e+00,1.00668096e+04,1.40854346e+04,8.99165430e+03,8.28555359e+02
2.17184782e+00,9.00351758e+03,1.25980352e+04,8.05001562e+03,7.88245483e+02
2.25333428e+00,8.40446680e+03,1.17613564e+04,7.58247266e+03,7.89084412e+02
2.33691788e+00,8.27825977e+03,1.15868350e+04,7.56243945e+03,8.42800171e+02
2.42265272e+00,8.42925879e+03,1.18001250e+04,7.79098535e+03,9.18532471e+02
2.51059437e+00,8.71837695e+03,1.22070625e+04,8.17089355e+03,1.02075238e+03
2.60079956e+00,9.33709082e+03,1.30755176e+04,8.87220020e+03,1.16406970e+03
2.69332647e+00,1.01174385e+04,1.41700078e+04,9.72150098e+03,1.31545288e+03
2.78823495e+00,1.09522080e+04,1.53407109e+04,1.06312793e+04,1.49028345e+03
2.88558602e+00,1.18678730e+04,1.66247188e+04,1.16245420e+04,1.64942163e+03
2.98544264e+00,1.28288398e+04,1.79718242e+04,1.26455088e+04,1.84263867e+03
3.08786964e+00,1.37973564e+04,1.93288535e+04,1.36404736e+04,1.95327417e+03
3.19293284e+00,1.46652178e+04,2.05445605e+04,1.45171689e+04,2.08843262e+03
3.30070019e+00,1.54288262e+04,2.16139707e+04,1.52701426e+04,2.14041260e+03
3.41124129e+00,1.60933496e+04,2.25441406e+04,1.58924336e+04,2.19980957e+03
3.52462745e+00,1.66007383e+04,2.32537266e+04,1.63266719e+04,2.17915259e+03
3.64093208e+00,1.69372832e+04,2.37235898e+04,1.65631523e+04,2.15628613e+03
3.76023054e+00,1.70110273e+04,2.38248242e+04,1.65099023e+04,2.05886377e+03
3.88259912e+00,1.65654492e+04,2.31983945e+04,1.59348877e+04,1.94191516e+03
4.00811720e+00,1.57511650e+04,2.20559707e+04,1.50234121e+04,1.76892285e+03
4.13686609e+00,1.49183926e+04,2.08882266e+04,1.41241133e+04,1.64788452e+03
4.26892853e+00,1.40145967e+04,1.96215664e+04,1.31871035e+04,1.50765002e+03
4.40439081e+00,1.31499570e+04,1.84103730e+04,1.23232305e+04,1.42749976e+03
4.54333878e+00,1.25209365e+04,1.75295488e+04,1.17118457e+04,1.35877563e+03
4.68586397e+00,1.21001475e+04,1.69405547e+04,1.13167246e+04,1.34568530e+03
4.83205652e+00,1.17334531e+04,1.64275742e+04,1.09920117e+04,1.31952893e+03
4.98201227e+00,1.14305410e+04,1.60041455e+04,1.07447881e+04,1.33980774e+03
5.13582754e+00,1.12631787e+04,1.57705840e+04,1.06327109e+04,1.34872705e+03
5.29360199e+00,1.10882734e+04,1.55265527e+04,1.05199180e+04,1.38185596e+03
5.45543718e+00,1.09100391e+04,1.52779834e+04,1.04083945e+04,1.39634546e+03
5.62143755e+00,1.08150547e+04,1.51460146e+04,1.03775400e+04,1.43835522e+03
5.79171038e+00,1.08358711e+04,1.51761357e+04,1.04578320e+04,1.47696851e+03
5.96636629e+00,1.11216270e+04,1.55772412e+04,1.07941904e+04,1.55538000e+03
6.14551687e+00,1.17992793e+04,1.65270684e+04,1.15023301e+04,1.66555396e+03
6.32927942e+00,1.25674121e+04,1.76035664e+04,1.22987461e+04,1.79107239e+03
6.51777077e+00,1.34939365e+04,1.89020039e+04,1.32523438e+04,1.93472266e+03
6.71111441e+00,1.43401094e+04,2.00877539e+04,1.41171816e+04,2.06493921e+03
6.90943432e+00,1.47155527e+04,2.06143574e+04,1.45250098e+04,2.13392627e+03
7.11285782e+00,1.54238516e+04,2.16067930e+04,1.52365059e+04,2.23004590e+03
7.32151794e+00,1.56395586e+04,2.19088359e+04,1.54471436e+04,2.25462354e+03
7.53554821e+00,1.59371221e+04,2.23264102e+04,1.57580039e+04,2.28631128e+03
7.75508738e+00,1.73382383e+04,2.42870020e+04,1.70138906e+04,2.38189258e+03
7.98027754e+00,1.72552031e+04,2.41683125e+04,1.68186777e+04,2.31015527e+03
8.21126270e+00,1.69360039e+04,2.37230938e+04,1.65688633e+04,2.29556445e+03
8.44819450e+00,1.96190332e+04,2.74790938e+04,1.90476758e+04,2.52561646e+03
8.69122219e+00,1.96233320e+04,2.74799766e+04,1.88464316e+04,2.42730005e+03
8.94050789e+00,1.79725254e+04,2.51687734e+04,1.73188086e+04,2.28653809e+03
9.19620800e+00,1.86940039e+04,2.61766328e+04,1.79351660e+04,2.33472266e+03
9.45849037e+00,1.74678496e+04,2.44576523e+04,1.67586621e+04,2.19517505e+03
9.72752285e+00,1.42379375e+04,1.99349688e+04,1.38136494e+04,1.88974048e+03
1.00034800e+01,1.11832891e+04,1.56610957e+04,1.11825811e+04,1.65812952e+03
1.02865391e+01,1.01513750e+04,1.42190039e+04,1.04482217e+04,1.63406812e+03
1.05768833e+01,1.05098906e+04,1.47254658e+04,1.09413320e+04,1.73964648e+03
1.08747025e+01,1.12497285e+04,1.57606279e+04,1.17352031e+04,1.88292139e+03
1.11801853e+01,1.20414521e+04,1.68690664e+04,1.28239512e+04,2.04898535e+03
1.14935322e+01,1.37590361e+04,1.92786270e+04,1.48646777e+04,2.28250195e+03
1.18149433e+01,1.47754980e+04,2.07049375e+04,1.62024463e+04,2.41931836e+03
1.21446266e+01,1.49454395e+04,2.09468750e+04,1.68444180e+04,2.50791675e+03
1.24827967e+01,1.64870723e+04,2.31118281e+04,1.87771914e+04,2.68667773e+03
1.28296700e+01,1.78270762e+04,2.49951055e+04,2.05409023e+04,2.78853979e+03
1.31854706e+01,1.77639102e+04,2.49148125e+04,2.12490918e+04,2.78956152e+03
1.35504293e+01,1.64502500e+04,2.30958145e+04,2.08843672e+04,2.70863354e+03
1.39247818e+01,1.53492148e+04,2.15781250e+04,2.02800254e+04,2.62326440e+03
1.43087692e+01,1.74505195e+04,2.45386250e+04,2.21090879e+04,2.78813892e+03
1.47026405e+01,1.99055449e+04,2.79843730e+04,2.40950527e+04,2.96653394e+03
1.51066484e+01,2.23262227e+04,3.14051953e+04,2.66962676e+04,3.13996021e+03
1.55210552e+01,2.76363477e+04,3.88802461e+04,3.11567266e+04,3.41159424e+03
1.59461288e+01,3.18766016e+04,4.48048320e+04,3.42053633e+04,3.51585449e+03
1.63821430e+01,3.39022500e+04,4.76291562e+04,3.60968047e+04,3.48292676e+03
1.68293781e+01,3.74254922e+04,5.25571836e+04,3.84719648e+04,3.44678735e+03
1.72881241e+01,4.11656289e+04,5.77376172e+04,3.92613164e+04,3.35932251e+03
1.77586803e+01,4.18336289e+04,5.86206953e+04,3.80290586e+04,3.42515088e+03
1.82413464e+01,4.62168828e+04,6.47142852e+04,4.12427578e+04,3.85989502e+03
1.87364349e+01,4.94026250e+04,6.90701016e+04,4.17055664e+04,3.85696387e+03
1.92442665e+01,4.51720977e+04,6.31040000e+04,3.69256719e+04,3.21877856e+03
1.97651691e+01,3.98847227e+04,5.56797461e+04,2.97213359e+04,2.79830835e+03
2.02994785e+01,3.52174062e+04,4.90411250e+04,2.51520078e+04,2.58297046e+03
2.08475418e+01,2.91264316e+04,4.05187031e+04,2.19021309e+04,2.62220410e+03
2.14097099e+01,2.82991855e+04,3.94661523e+04,2.38679844e+04,3.04046582e+03
2.19863453e+01,2.88956113e+04,4.03467500e+04,2.49038633e+04,2.86216846e+03
2.25778236e+01,3.03387383e+04,4.23648438e+04,2.61493809e+04,2.54032251e+03
2.31845264e+01,3.24551016e+04,4.53448477e+04,2.77226445e+04,2.36356812e+03
2.38068466e+01,3.08821289e+04,4.31335664e+04,2.53370684e+04,1.87206812e+03
2.44451809e+01,2.45832656e+04,3.43059219e+04,1.87292812e+04,8.93827454e+02
2.50999470e+01,1.61657480e+04,2.25308477e+04,1.10658096e+04,2.99010559e+02
2.57715645e+01,6.42198584e+03,8.90763281e+03,3.38333032e+03,4.60909309e+01
2.64604683e+01,1.85522742e+03,2.54371387e+03,5.57304932e+02,7.50291109e-01
2.71671047e+01,5.85863770e+02,7.93346069e+02,6.42906189e+01,9.70935002e-02
2.78919277e+01,3.08125916e+02,4.14475983e+02,2.14083481e+01,5.90194529e-03
2.86354065e+01,1.30501785e+02,1.72759705e+02,4.60311413e+00,1.56041624e-05
2.93980217e+01,5.73527069e+01,7.54373016e+01,1.00896335e+00,1.01096757e-05
3.01802654e+01,2.86343384e+01,3.76439514e+01,4.34063315e-01,9.74517661e-06
3.09826431e+01,1.27678823e+01,1.65695553e+01,7.59711340e-02,4.53540451e-06
3.18056717e+01,5.69884872e+00,7.29419899e+00,3.67615907e-03,1.61599166e-06
3.26498833e+01,3.62314343e+00,4.56556177e+00,7.09316460e-04,8.31335001e-07
3.35158234e+01,1.11933422e+00,1.37618172e+00,4.98253139e-05,3.14166897e-07
3.44040565e+01,3.31364423e-01,4.01844412e-01,2.19782996e-05,1.32293053e-07
3.53151436e+01,5.85659109e-02,6.94226399e-02,4.34382537e-06,2.83847736e-08
3.62496834e+01,7.21182302e-03,8.32398050e-03,1.42430224e-06,5.53930768e-09
3.72082787e+01,8.09888646e-04,9.25809494e-04,3.61882627e-07,1.19816601e-09
3.81915474e+01,1.18886877e-04,1.36719493e-04,9.80564323e-08,2.46385051e-10
3.92001228e+01,1.74766792e-05,2.00145878e-05,2.22708323e-08,3.91791981e-11
4.02346535e+01,2.11920656e-06,2.40552345e-06,3.52416230e-09,4.24794054e-12
4.12958107e+01,2.23864475e-07,2.54606761e-07,3.74853537e-10,3.82450202e-13
4.23842850e+01,1.80521056e-08,2.06764312e-08,3.07178449e-11,3.26766778e-14
4.35007744e+01,1.05861298e-09,1.22485277e-09,2.10647732e-12,2.48657618e-15
4.46459999e+01,6.26899643e-11,7.33743760e-11,1.55908083e-13,1.83048214e-16
4.58207016e+01,2.99131770e-12,3.54326941e-12,8.90098898e-15,9.68334600e-18
4.70256386e+01,1.14879555e-13,1.37559208e-13,3.75037575e-16,3.81818919e-19
4.82615852e+01,3.53436652e-15,4.27173242e-15,1.24512437e-17,1.15387350e-20
4.95293465e+01,8.66048638e-17,1.05190527e-16,3.49529821e-19,2.78068950e-22
5.08297386e+01,1.83510453e-18,2.24556685e-18,8.70189804e-21,5.43505166e-24
5.21635971e+01,3.84517783e-20,4.76472318e-20,1.90628705e-22,8.64952148e-26
5.35317917e+01,8.12321856e-22,1.01196460e-21,3.54313562e-24,1.16871293e-27
5.49351997e+01,1.54116647e-23,1.89669251e-23,5.33078735e-26,1.52232469e-29
5.63747253e+01,2.52052621e-25,3.05071371e-25,6.52821640e-28,2.09723097e-31
5.78513031e+01,3.23213415e-27,3.90671731e-27,7.29171521e-30,3.55119892e-33
5.93278885e+01,4.39374195e-29,5.37510015e-29,1.54460839e-31,8.88746107e-35
6.08044662e+01,8.40097413e-31,1.49368149e-30,6.21127762e-33,2.49434947e-36
6.22810478e+01,3.24896294e-32,6.06618973e-32,2.74391743e-34,8.11898317e-38
6.37576256e+01,1.10872517e-33,3.03566714e-33,9.73327044e-36,3.01699559e-39
6.52341995e+01,5.21731975e-35,1.50714883e-34,4.27942560e-37,1.19110369e-40
6.67107849e+01,1.41959947e-36,4.69348083e-36,1.03163593e-38,0.00000000e+00
6.81873703e+01,1.00604822e-37,2.44588239e-37,8.73008943e-40,0.00000000e+00
6.96639481e+01,2.62883592e-39,6.15590415e-39,1.26116862e-41,0.00000000e+00
7.11405258e+01,1.37327250e-40,2.59240216e-40,0.00000000e+00,0.00000000e+00
7.26171036e+01,0.00000000e+00,0.00000000e+00,0.00000000e+00,0.00000000e+00
7.40936813e+01,0.00000000e+00,0.00000000e+00,0.00000000e+00,0.00000000e+00
7.55702591e+01,0.00000000e+00,0.00000000e+00,0.00000000e+00,0.00000000e+00
7.70468445e+01,0.00000000e+00,0.00000000e+00,0.00000000e+00,0.00000000e+00
7.85234222e+01,0.00000000e+00,0.00000000e+00,0.00000000e+00,0.00000000e+00
8.00000000e+01,0.00000000e+00,0.00000000e+00,0.00000000e+00,0.00000000e+00
