Height (km), 7_8 um ash conc (g/kg), 15_6 um ash conc (g/kg), 125 um ash conc (g/kg), 1 mm ash conc (g/kg)
0.00000000e+00,0.00000000e+00,0.00000000e+00,0.00000000e+00,0.00000000e+00
3.99999991e-02,1.84155372e-03,2.98160827e-03,4.80465114e-01,1.65230804e+02
7.99999982e-02,2.81084049e-03,4.58132522e-03,6.32594526e-01,1.68783035e+02
1.19999997e-01,5.08013647e-03,8.22952203e-03,7.88999677e-01,1.70253250e+02
1.59999996e-01,1.03366002e-02,1.66425779e-02,1.02905929e+00,1.73807922e+02
2.00000003e-01,2.25309208e-02,3.59232314e-02,1.35880959e+00,1.76503113e+02
2.39999995e-01,4.51014750e-02,7.10160583e-02,1.74989355e+00,1.80431152e+02
2.80000001e-01,7.89061263e-02,1.22881532e-01,2.18903875e+00,1.84089493e+02
3.19999993e-01,1.24440461e-01,1.92096859e-01,2.69042015e+00,1.87758820e+02
3.60000014e-01,1.81428134e-01,2.78224081e-01,3.26050854e+00,1.91111267e+02
4.00000006e-01,2.46037081e-01,3.75551403e-01,3.93137479e+00,2.11449936e+02
4.39999998e-01,3.16397309e-01,4.81777221e-01,4.76111698e+00,1.98341736e+02
4.79999989e-01,3.97866219e-01,6.05512559e-01,5.68141460e+00,2.13089417e+02
5.19999981e-01,4.93649423e-01,7.51207113e-01,6.62197304e+00,2.47186035e+02
5.60000002e-01,6.06120169e-01,9.21660244e-01,7.48233128e+00,2.50000717e+02
6.00000024e-01,7.34445870e-01,1.11480916e+00,8.42261314e+00,2.61769196e+02
6.41029537e-01,8.78084183e-01,1.32966244e+00,9.27690411e+00,2.30140045e+02
6.83115125e-01,1.03605878e+00,1.56464410e+00,1.01725216e+01,2.73063812e+02
7.26283848e-01,1.20341623e+00,1.81197870e+00,1.09706964e+01,2.51978928e+02
7.70563781e-01,1.37730730e+00,2.06734347e+00,1.18128109e+01,2.64735779e+02
8.15983355e-01,1.56300807e+00,2.33775139e+00,1.26069059e+01,2.45253601e+02
8.62571895e-01,1.74125969e+00,2.59314060e+00,1.34580517e+01,2.46489685e+02
9.10359621e-01,1.87680471e+00,2.78469276e+00,1.44238558e+01,2.54322174e+02
9.59377348e-01,1.97609019e+00,2.92647815e+00,1.55731087e+01,2.23380508e+02
1.00965667e+00,2.07054710e+00,3.06652856e+00,1.69471779e+01,3.05830933e+02
1.06123006e+00,2.19027758e+00,3.24805355e+00,1.84924278e+01,2.49750427e+02
1.11413085e+00,2.35041213e+00,3.48815584e+00,2.01664467e+01,2.70018341e+02
1.16839325e+00,2.54403710e+00,3.77524710e+00,2.20068054e+01,2.28027451e+02
1.22405231e+00,2.77337289e+00,4.11378241e+00,2.40118446e+01,2.61969360e+02
1.28114390e+00,3.06360936e+00,4.54091692e+00,2.61673222e+01,2.41252090e+02
1.33970511e+00,3.38872838e+00,5.01815462e+00,2.80519390e+01,2.55375519e+02
1.39977336e+00,1.78919199e+04,2.50444512e+04,1.65504004e+04,1.13237952e+03
1.46138775e+00,1.75667754e+04,2.45770137e+04,1.56575303e+04,1.25770752e+03
1.52458799e+00,1.80352969e+04,2.52353711e+04,1.61814688e+04,1.43267883e+03
1.58941495e+00,1.72306953e+04,2.41144824e+04,1.57032764e+04,1.54177356e+03
1.65591037e+00,1.70609141e+04,2.38788438e+04,1.56454199e+04,1.57851892e+03
1.72411728e+00,1.68639492e+04,2.36036094e+04,1.54823750e+04,1.58330823e+03
1.79407966e+00,1.65223594e+04,2.31254395e+04,1.51674131e+04,1.57552271e+03
1.86584306e+00,1.60471631e+04,2.24600215e+04,1.47213936e+04,1.53832007e+03
1.93945324e+00,1.54691445e+04,2.16505957e+04,1.41768701e+04,1.50576562e+03
2.01495814e+00,1.47542783e+04,2.06497285e+04,1.35107168e+04,1.43974609e+03
2.09240627e+00,1.38640518e+04,1.94036406e+04,1.26968770e+04,1.37787439e+03
2.17184782e+00,1.28601309e+04,1.79985859e+04,1.17884844e+04,1.29091187e+03
2.25333428e+00,1.18658955e+04,1.66072910e+04,1.08954385e+04,1.22343945e+03
2.33691788e+00,1.08992021e+04,1.52547402e+04,1.00351396e+04,1.15237268e+03
2.42265272e+00,9.99799512e+03,1.39940771e+04,9.23993750e+03,1.08056787e+03
2.51059437e+00,9.19137695e+03,1.28658213e+04,8.53146777e+03,1.02196228e+03
2.60079956e+00,8.47952344e+03,1.18700977e+04,7.90624658e+03,9.69967896e+02
2.69332647e+00,7.86114600e+03,1.10051006e+04,7.36229736e+03,9.16642151e+02
2.78823495e+00,7.31502441e+03,1.02411689e+04,6.88029102e+03,8.72824158e+02
2.88558602e+00,6.79732666e+03,9.51698242e+03,6.42178418e+03,8.24411987e+02
2.98544264e+00,6.28571240e+03,8.80142871e+03,5.97251465e+03,7.81384094e+02
3.08786964e+00,5.79324951e+03,8.11249951e+03,5.53706348e+03,7.30371460e+02
3.19293284e+00,5.29231201e+03,7.41187891e+03,5.09678760e+03,6.85338196e+02
3.30070019e+00,4.83679932e+03,6.77480029e+03,4.69919580e+03,6.50294495e+02
3.41124129e+00,4.48302148e+03,6.28003467e+03,4.39660840e+03,6.25861877e+02
3.52462745e+00,4.25915430e+03,5.96720264e+03,4.21506836e+03,6.20859619e+02
3.64093208e+00,4.14373389e+03,5.80606104e+03,4.13220801e+03,6.15797607e+02
3.76023054e+00,4.00399414e+03,5.61041553e+03,4.01534204e+03,5.98342834e+02
3.88259912e+00,3.59766919e+03,5.04206299e+03,3.66961182e+03,5.67566589e+02
4.00811720e+00,3.09771826e+03,4.34358691e+03,3.26783374e+03,5.35155701e+02
4.13686609e+00,2.83378784e+03,3.97570312e+03,3.09256982e+03,5.24392029e+02
4.26892853e+00,2.98562573e+03,4.18957617e+03,3.28633447e+03,5.30452087e+02
4.40439081e+00,3.31682520e+03,4.65219434e+03,3.57611206e+03,5.22956055e+02
4.54333878e+00,3.00594141e+03,4.21600830e+03,3.28915918e+03,4.75948364e+02
4.68586397e+00,2.38549121e+03,3.34961328e+03,2.80389526e+03,4.36659210e+02
4.83205652e+00,2.24808203e+03,3.15932593e+03,2.75506494e+03,4.18806366e+02
4.98201227e+00,2.45871875e+03,3.45441089e+03,2.97165503e+03,4.11226593e+02
5.13582754e+00,2.44449170e+03,3.43502222e+03,2.99411133e+03,3.83415955e+02
5.29360199e+00,2.21155005e+03,3.11143677e+03,2.87465039e+03,3.57257904e+02
5.45543718e+00,2.10417554e+03,2.96372900e+03,2.87624487e+03,3.32358429e+02
5.62143755e+00,2.10420361e+03,2.96655322e+03,2.99400781e+03,3.14182526e+02
5.79171038e+00,2.22846802e+03,3.14323975e+03,3.24843164e+03,2.94261475e+02
5.96636629e+00,2.36617627e+03,3.33675000e+03,3.52744287e+03,2.72848511e+02
6.14551687e+00,2.26064673e+03,3.19213501e+03,3.71394507e+03,2.49191376e+02
6.32927942e+00,2.23807056e+03,3.16689502e+03,4.02005859e+03,2.28643082e+02
6.51777077e+00,2.34108057e+03,3.31662207e+03,4.34078711e+03,2.09237442e+02
6.71111441e+00,2.32434351e+03,3.29898901e+03,4.53536426e+03,1.95843567e+02
6.90943432e+00,2.37158008e+03,3.36505664e+03,4.74260840e+03,1.83530884e+02
7.11285782e+00,2.52703076e+03,3.57334351e+03,4.96417676e+03,1.75168091e+02
7.32151794e+00,2.72851221e+03,3.84766455e+03,5.13316211e+03,1.63222580e+02
7.53554821e+00,2.95104810e+03,4.15738477e+03,5.19399121e+03,1.49884766e+02
7.75508738e+00,3.22990161e+03,4.55300195e+03,5.17970557e+03,1.34105850e+02
7.98027754e+00,3.49549243e+03,4.93561279e+03,5.04809180e+03,1.18661613e+02
8.21126270e+00,3.69633447e+03,5.23618848e+03,4.81398486e+03,1.02987259e+02
8.44819450e+00,3.95822559e+03,5.62897412e+03,4.45157715e+03,8.77696991e+01
8.69122219e+00,4.24646045e+03,6.05543359e+03,3.95260352e+03,7.39657898e+01
8.94050789e+00,4.60760938e+03,6.57818945e+03,3.35687744e+03,6.02771339e+01
9.19620800e+00,5.07150293e+03,7.22735449e+03,2.69835181e+03,4.66937561e+01
9.45849037e+00,5.48133350e+03,7.76941113e+03,1.99259473e+03,3.31964531e+01
9.72752285e+00,5.57421191e+03,7.83052344e+03,1.37714783e+03,2.12447758e+01
1.00034800e+01,5.29117676e+03,7.35239990e+03,9.51029297e+02,1.20492754e+01
1.02865391e+01,4.71335352e+03,6.47738770e+03,6.20326660e+02,5.84015417e+00
1.05768833e+01,3.89089062e+03,5.29617480e+03,3.54680481e+02,2.34141278e+00
1.08747025e+01,3.19691479e+03,4.31173535e+03,2.14609863e+02,6.21383250e-01
1.11801853e+01,2.46087476e+03,3.27785571e+03,1.16336700e+02,5.43704256e-02
1.14935322e+01,1.77646619e+03,2.34535791e+03,4.46781921e+01,6.63287938e-04
1.18149433e+01,1.30588391e+03,1.72434277e+03,2.24622555e+01,6.97154901e-04
1.21446266e+01,9.67837280e+02,1.27858826e+03,1.70300751e+01,4.13266302e-04
1.24827967e+01,7.20049072e+02,9.53142700e+02,1.50966339e+01,4.93174768e-04
1.28296700e+01,5.44402344e+02,7.21892029e+02,1.48800030e+01,2.32935883e-04
1.31854706e+01,3.98036041e+02,5.24159424e+02,1.11464729e+01,2.91490520e-04
1.35504293e+01,2.99063751e+02,3.93975983e+02,6.22741413e+00,1.93246815e-04
1.39247818e+01,2.33290298e+02,3.09255798e+02,3.47911406e+00,2.34437292e-04
1.43087692e+01,2.15396851e+02,2.88188141e+02,2.10428739e+00,1.18907185e-04
1.47026405e+01,1.99052826e+02,2.64702759e+02,1.11440659e+00,1.55479007e-04
1.51066484e+01,1.55070068e+02,2.04450943e+02,4.47912514e-01,6.12753865e-05
1.55210552e+01,1.16517914e+02,1.54597519e+02,2.84827888e-01,1.01800717e-04
1.59461288e+01,1.00894699e+02,1.33552887e+02,2.22964734e-01,4.10644170e-05
1.63821430e+01,8.84603500e+01,1.14210609e+02,1.10753432e-01,2.81561297e-05
1.68293781e+01,5.97941628e+01,7.57546692e+01,5.17920628e-02,3.46416819e-05
1.72881241e+01,4.19903870e+01,5.28784866e+01,3.42529081e-02,1.66307163e-05
1.77586803e+01,2.42439613e+01,3.02011414e+01,1.37645854e-02,1.21525700e-05
1.82413464e+01,1.10189247e+01,1.36519957e+01,4.42987587e-03,1.09068105e-05
1.87364349e+01,6.10772467e+00,7.76574755e+00,7.77793874e-04,6.48464857e-06
1.92442665e+01,5.20424366e+00,6.81192732e+00,2.88973912e-04,4.81327743e-06
1.97651691e+01,3.11498523e+00,3.94144630e+00,1.34673770e-04,2.45499382e-06
2.02994785e+01,1.61320508e+00,1.97550881e+00,6.09436484e-06,1.25052497e-06
2.08475418e+01,6.77221596e-01,8.02999556e-01,1.01271326e-05,5.42855446e-07
2.14097099e+01,1.91594422e-01,2.17936710e-01,6.39808741e-06,1.73173845e-07
2.19863453e+01,3.51356640e-02,3.79710868e-02,3.48027993e-06,3.62277319e-08
2.25778236e+01,6.46666717e-03,6.74410118e-03,1.39240854e-06,7.40333705e-09
2.31845264e+01,9.67007130e-04,9.75298113e-04,3.57905861e-07,1.19650256e-09
2.38068466e+01,1.36587245e-04,1.34811766e-04,6.54861196e-08,1.72175704e-10
2.44451809e+01,1.61953067e-05,1.56632468e-05,8.60553850e-09,2.13068539e-11
2.50999470e+01,1.41853423e-06,1.46080799e-06,8.15190415e-10,1.83989282e-12
2.57715645e+01,1.08989404e-07,1.13658295e-07,7.03367503e-11,1.46591289e-13
2.64604683e+01,6.69167699e-09,7.16646698e-09,4.84957257e-12,9.97285835e-15
2.71671047e+01,3.71361775e-10,4.02863187e-10,2.82821509e-13,5.10086364e-16
2.78919277e+01,1.85799987e-11,2.02543277e-11,1.64619159e-14,2.63744206e-17
2.86354065e+01,8.24211088e-13,9.02235047e-13,6.98490420e-16,1.31354668e-18
2.93980217e+01,3.42353201e-14,3.73217794e-14,2.53874584e-17,4.43219851e-20
3.01802654e+01,1.28276194e-15,1.40817925e-15,8.26007981e-19,1.29966371e-21
3.09826431e+01,3.42304013e-17,3.76383458e-17,2.43365454e-20,4.01420076e-23
3.18056717e+01,8.86128295e-19,9.85440323e-19,6.92372690e-22,1.27548869e-24
3.26498833e+01,1.77981334e-20,2.06227565e-20,2.45516675e-23,5.11422099e-26
3.35158234e+01,3.04684032e-22,3.82281995e-22,1.18462315e-24,2.10959317e-27
3.44040565e+01,4.79760590e-24,6.16719859e-24,5.16731965e-26,5.49589508e-29
3.53151436e+01,8.15088065e-26,9.73089447e-26,1.14866776e-27,8.52001785e-31
3.62496834e+01,1.44353283e-27,1.33965280e-27,1.38025110e-29,6.64469708e-33
3.72082787e+01,3.19223881e-29,2.63426290e-29,2.55459349e-31,1.06357259e-34
3.81915474e+01,2.75707357e-31,5.43027891e-31,2.11255584e-33,3.16865788e-36
3.92001228e+01,5.69433084e-33,1.14174297e-32,2.78228579e-35,6.61721161e-38
4.02346535e+01,6.25063152e-35,8.57654568e-35,2.41481572e-37,2.71851902e-40
4.12958107e+01,5.00720397e-37,6.70091060e-37,1.87633864e-39,0.00000000e+00
4.23842850e+01,4.29077590e-39,6.11947039e-39,2.80259693e-42,0.00000000e+00
4.35007744e+01,1.12103877e-41,3.22298647e-41,0.00000000e+00,0.00000000e+00
4.46459999e+01,0.00000000e+00,0.00000000e+00,0.00000000e+00,0.00000000e+00
4.58207016e+01,0.00000000e+00,0.00000000e+00,0.00000000e+00,0.00000000e+00
4.70256386e+01,0.00000000e+00,0.00000000e+00,0.00000000e+00,0.00000000e+00
4.82615852e+01,0.00000000e+00,0.00000000e+00,0.00000000e+00,0.00000000e+00
4.95293465e+01,0.00000000e+00,0.00000000e+00,0.00000000e+00,0.00000000e+00
5.08297386e+01,0.00000000e+00,0.00000000e+00,0.00000000e+00,0.00000000e+00
5.21635971e+01,0.00000000e+00,0.00000000e+00,0.00000000e+00,0.00000000e+00
5.35317917e+01,0.00000000e+00,0.00000000e+00,0.00000000e+00,0.00000000e+00
5.49351997e+01,0.00000000e+00,0.00000000e+00,0.00000000e+00,0.00000000e+00
5.63747253e+01,0.00000000e+00,0.00000000e+00,0.00000000e+00,0.00000000e+00
5.78513031e+01,0.00000000e+00,0.00000000e+00,0.00000000e+00,0.00000000e+00
5.93278885e+01,0.00000000e+00,0.00000000e+00,0.00000000e+00,0.00000000e+00
6.08044662e+01,0.00000000e+00,0.00000000e+00,0.00000000e+00,0.00000000e+00
6.22810478e+01,0.00000000e+00,0.00000000e+00,0.00000000e+00,0.00000000e+00
6.37576256e+01,0.00000000e+00,0.00000000e+00,0.00000000e+00,0.00000000e+00
6.52341995e+01,0.00000000e+00,0.00000000e+00,0.00000000e+00,0.00000000e+00
6.67107849e+01,0.00000000e+00,0.00000000e+00,0.00000000e+00,0.00000000e+00
6.81873703e+01,0.00000000e+00,0.00000000e+00,0.00000000e+00,0.00000000e+00
6.96639481e+01,0.00000000e+00,0.00000000e+00,0.00000000e+00,0.00000000e+00
7.11405258e+01,0.00000000e+00,0.00000000e+00,0.00000000e+00,0.00000000e+00
7.26171036e+01,0.00000000e+00,0.00000000e+00,0.00000000e+00,0.00000000e+00
7.40936813e+01,0.00000000e+00,0.00000000e+00,0.00000000e+00,0.00000000e+00
7.55702591e+01,0.00000000e+00,0.00000000e+00,0.00000000e+00,0.00000000e+00
7.70468445e+01,0.00000000e+00,0.00000000e+00,0.00000000e+00,0.00000000e+00
7.85234222e+01,0.00000000e+00,0.00000000e+00,0.00000000e+00,0.00000000e+00
8.00000000e+01,0.00000000e+00,0.00000000e+00,0.00000000e+00,0.00000000e+00
