Height (km), 7_8 um ash conc (g/kg), 15_6 um ash conc (g/kg), 125 um ash conc (g/kg), 1 mm ash conc (g/kg)
0.00000000e+00,0.00000000e+00,0.00000000e+00,0.00000000e+00,0.00000000e+00
3.99999991e-02,3.75294962e-10,5.39487066e-10,9.87337767e-09,3.66623135e-05
7.99999982e-02,2.04265915e-09,3.04472847e-09,2.51627227e-07,2.87816103e-04
1.19999997e-01,7.70662290e-09,1.16739507e-08,3.08920607e-06,1.84337783e-03
1.59999996e-01,2.13851301e-08,3.25981873e-08,8.84198562e-06,8.65514390e-03
2.00000003e-01,4.61342076e-08,7.02600644e-08,1.27596331e-05,1.22449975e-02
2.39999995e-01,8.45963797e-08,1.30111971e-07,1.58297098e-05,2.04062164e-02
2.80000001e-01,1.33351023e-07,2.07043499e-07,1.90369283e-05,2.71288268e-02
3.19999993e-01,2.00688845e-07,3.15880897e-07,2.28912231e-05,5.07749841e-02
3.60000014e-01,3.02502542e-07,4.84467364e-07,2.73156384e-05,6.89591989e-02
4.00000006e-01,4.66654853e-07,7.61644969e-07,3.39660764e-05,1.32373795e-01
4.39999998e-01,7.39483994e-07,1.23500320e-06,4.66633719e-05,1.91216305e-01
4.79999989e-01,1.20397294e-06,2.04199341e-06,1.18286043e-04,2.86627978e-01
5.19999981e-01,2.04142043e-06,3.50511027e-06,1.41537370e-04,3.86503160e-01
5.60000002e-01,3.27057705e-06,5.67553707e-06,1.80870877e-04,5.39536834e-01
6.00000024e-01,5.89085266e-06,1.02586318e-05,3.16339487e-04,6.56902552e-01
6.41029537e-01,9.55471296e-06,1.64524681e-05,2.99832900e-03,8.72465372e-01
6.83115125e-01,1.57088762e-05,2.67152354e-05,3.67062469e-03,1.02006507e+00
7.26283848e-01,2.95765876e-05,4.99943344e-05,8.99902452e-03,1.34676850e+00
7.70563781e-01,4.30760592e-05,7.31364416e-05,1.66154318e-02,1.75693226e+00
8.15983355e-01,7.08778025e-05,1.20523211e-04,3.09248343e-02,2.43778110e+00
8.62571895e-01,1.15909177e-04,1.99470378e-04,3.93834040e-02,2.93401599e+00
9.10359621e-01,1.95383502e-04,3.43669963e-04,4.40539569e-02,3.71669531e+00
9.59377348e-01,4.07269195e-04,7.26285740e-04,4.42200974e-02,4.57869816e+00
1.00965667e+00,8.97655031e-04,1.67507154e-03,4.01806459e-02,5.43665504e+00
1.06123006e+00,3.16885533e-03,6.03998872e-03,3.83499302e-02,6.82452774e+00
1.11413085e+00,1.01397391e-02,1.85060836e-02,4.02882993e-02,7.76782608e+00
1.16839325e+00,2.24749669e-02,3.70069109e-02,3.81874815e-02,9.05022717e+00
1.22405231e+00,2.71945000e-02,4.09271196e-02,3.31433974e-02,1.02178030e+01
1.28114390e+00,2.45332792e-02,3.49012911e-02,3.08588054e-02,1.24208298e+01
1.33970511e+00,1.94849633e-02,2.67317183e-02,2.88767628e-02,1.35193253e+01
1.39977336e+00,2.02057930e+04,2.83048223e+04,2.00472031e+04,2.12272754e+03
1.46138775e+00,2.56306914e+04,3.58825156e+04,2.40526797e+04,1.98821069e+03
1.52458799e+00,1.54837920e+04,2.16744961e+04,1.45425420e+04,1.31210156e+03
1.58941495e+00,1.37550293e+04,1.92603594e+04,1.32156445e+04,1.39629114e+03
1.65591037e+00,1.32347461e+04,1.85357949e+04,1.29233516e+04,1.53649463e+03
1.72411728e+00,1.41659932e+04,1.98446875e+04,1.40670527e+04,1.86914478e+03
1.79407966e+00,1.65722324e+04,2.32200059e+04,1.66936875e+04,2.40828003e+03
1.86584306e+00,1.98135039e+04,2.77643906e+04,2.01339160e+04,2.99284546e+03
1.93945324e+00,2.25730234e+04,3.16307578e+04,2.29266074e+04,3.28874023e+03
2.01495814e+00,2.32039492e+04,3.25107617e+04,2.33507305e+04,3.10898486e+03
2.09240627e+00,2.15805664e+04,3.02320938e+04,2.14893750e+04,2.67007153e+03
2.17184782e+00,1.90714609e+04,2.67139336e+04,1.88069414e+04,2.19761572e+03
2.25333428e+00,1.64500430e+04,2.30394785e+04,1.60665859e+04,1.79189355e+03
2.33691788e+00,1.40218799e+04,1.96369707e+04,1.35895762e+04,1.47725537e+03
2.42265272e+00,1.21195322e+04,1.69722734e+04,1.17071562e+04,1.29988477e+03
2.51059437e+00,1.08479248e+04,1.51923711e+04,1.05180684e+04,1.23675854e+03
2.60079956e+00,1.03603174e+04,1.45113984e+04,1.01337812e+04,1.28431372e+03
2.69332647e+00,1.05750625e+04,1.48139043e+04,1.04217422e+04,1.39850684e+03
2.78823495e+00,1.09726953e+04,1.53724043e+04,1.08887744e+04,1.54271838e+03
2.88558602e+00,1.15460107e+04,1.61773369e+04,1.15503555e+04,1.72243066e+03
2.98544264e+00,1.26652002e+04,1.77469707e+04,1.27601152e+04,1.98848071e+03
3.08786964e+00,1.41893418e+04,1.98841094e+04,1.43954336e+04,2.33899121e+03
3.19293284e+00,1.61600293e+04,2.26472598e+04,1.65087695e+04,2.78557910e+03
3.30070019e+00,1.84223438e+04,2.58188711e+04,1.89185781e+04,3.25997632e+03
3.41124129e+00,2.07377695e+04,2.90637266e+04,2.13270625e+04,3.66116797e+03
3.52462745e+00,2.27463730e+04,3.18778613e+04,2.33869707e+04,3.94977173e+03
3.64093208e+00,2.40904453e+04,3.37603320e+04,2.47354844e+04,4.07638135e+03
3.76023054e+00,2.43524141e+04,3.41252266e+04,2.48898066e+04,3.92505737e+03
3.88259912e+00,2.34153906e+04,3.28094766e+04,2.37725430e+04,3.57094531e+03
4.00811720e+00,2.20794512e+04,3.09352031e+04,2.22618516e+04,3.20160083e+03
4.13686609e+00,2.10535566e+04,2.94955820e+04,2.10758457e+04,2.91658716e+03
4.26892853e+00,1.99148574e+04,2.78981719e+04,1.97991328e+04,2.67122900e+03
4.40439081e+00,1.85532188e+04,2.59891543e+04,1.83474492e+04,2.45351123e+03
4.54333878e+00,1.73657031e+04,2.43247129e+04,1.71087305e+04,2.30115747e+03
4.68586397e+00,1.61930664e+04,2.26815566e+04,1.59114004e+04,2.17735742e+03
4.83205652e+00,1.49614766e+04,2.09562461e+04,1.46809238e+04,2.07442041e+03
4.98201227e+00,1.37992529e+04,1.93285254e+04,1.35429258e+04,1.99549512e+03
5.13582754e+00,1.28952285e+04,1.80627949e+04,1.26766602e+04,1.96383264e+03
5.29360199e+00,1.23665430e+04,1.73230234e+04,1.21933359e+04,1.99124194e+03
5.45543718e+00,1.22973018e+04,1.72269863e+04,1.21746543e+04,2.07913574e+03
5.62143755e+00,1.26022627e+04,1.76552070e+04,1.25324219e+04,2.21640283e+03
5.79171038e+00,1.31682627e+04,1.84491094e+04,1.31522920e+04,2.39884717e+03
5.96636629e+00,1.40692285e+04,1.97121992e+04,1.41056387e+04,2.62230029e+03
6.14551687e+00,1.50323984e+04,2.10623398e+04,1.51190068e+04,2.86194897e+03
6.32927942e+00,1.56719375e+04,2.19589844e+04,1.58074863e+04,3.05491626e+03
6.51777077e+00,1.61834053e+04,2.26761406e+04,1.63676211e+04,3.21808521e+03
6.71111441e+00,1.67187285e+04,2.34265195e+04,1.69411406e+04,3.35769043e+03
6.90943432e+00,1.71170742e+04,2.39847188e+04,1.73634414e+04,3.44697510e+03
7.11285782e+00,1.77470527e+04,2.48674727e+04,1.80175879e+04,3.52689868e+03
7.32151794e+00,1.91362930e+04,2.68136348e+04,1.94089121e+04,3.67501074e+03
7.53554821e+00,1.97952109e+04,2.77357168e+04,2.00119102e+04,3.63876855e+03
7.75508738e+00,2.00866133e+04,2.81427539e+04,2.02248516e+04,3.53003613e+03
7.98027754e+00,2.03705293e+04,2.85383008e+04,2.03819492e+04,3.39481299e+03
8.21126270e+00,1.96912734e+04,2.75851367e+04,1.96060176e+04,3.17577905e+03
8.44819450e+00,1.88377969e+04,2.63882832e+04,1.86764531e+04,2.97512158e+03
8.69122219e+00,1.77718809e+04,2.48937852e+04,1.75401035e+04,2.78102441e+03
8.94050789e+00,1.61110938e+04,2.25665020e+04,1.58471660e+04,2.55964868e+03
9.19620800e+00,1.38408574e+04,1.93866953e+04,1.36157207e+04,2.31304785e+03
9.45849037e+00,1.20005410e+04,1.68100703e+04,1.18598555e+04,2.17529883e+03
9.72752285e+00,1.15919727e+04,1.62390889e+04,1.15250684e+04,2.22643262e+03
1.00034800e+01,1.21393711e+04,1.70069902e+04,1.21266846e+04,2.40916333e+03
1.02865391e+01,1.30315986e+04,1.82578359e+04,1.30671768e+04,2.64616138e+03
1.05768833e+01,1.40065342e+04,1.96244863e+04,1.40903564e+04,2.89192041e+03
1.08747025e+01,1.49607373e+04,2.09619863e+04,1.50908105e+04,3.12165283e+03
1.11801853e+01,1.59738018e+04,2.23817695e+04,1.61455400e+04,3.32775610e+03
1.14935322e+01,1.68372109e+04,2.35914453e+04,1.70338535e+04,3.47385205e+03
1.18149433e+01,1.74665234e+04,2.44731289e+04,1.76893398e+04,3.57352515e+03
1.21446266e+01,1.81640508e+04,2.54505391e+04,1.84271953e+04,3.68061865e+03
1.24827967e+01,1.90940586e+04,2.67532031e+04,1.93997773e+04,3.80802295e+03
1.28296700e+01,2.01812363e+04,2.82749355e+04,2.04881641e+04,3.92136743e+03
1.31854706e+01,2.03632266e+04,2.85286484e+04,2.07373008e+04,3.93189404e+03
1.35504293e+01,1.95826680e+04,2.74357656e+04,2.02045273e+04,3.86103833e+03
1.39247818e+01,1.91809961e+04,2.68747070e+04,2.01891289e+04,3.82651123e+03
1.43087692e+01,1.87002871e+04,2.62059258e+04,2.02603086e+04,3.82242017e+03
1.47026405e+01,1.79230117e+04,2.51265859e+04,2.01418555e+04,3.84658936e+03
1.51066484e+01,1.94756191e+04,2.73126523e+04,2.21598926e+04,4.16670947e+03
1.55210552e+01,2.00146777e+04,2.80852422e+04,2.30326016e+04,4.36257568e+03
1.59461288e+01,2.24174922e+04,3.14660273e+04,2.54725059e+04,4.70896875e+03
1.63821430e+01,2.39528262e+04,3.36187734e+04,2.70622988e+04,4.86316260e+03
1.68293781e+01,2.32496758e+04,3.26365234e+04,2.71008164e+04,4.82262012e+03
1.72881241e+01,2.76034043e+04,3.87412031e+04,3.27907266e+04,5.22884668e+03
1.77586803e+01,3.10120000e+04,4.35308398e+04,3.72467148e+04,5.35900684e+03
1.82413464e+01,2.94551016e+04,4.13699219e+04,3.59727031e+04,5.02792920e+03
1.87364349e+01,2.84423438e+04,3.99572188e+04,3.37586992e+04,4.65310889e+03
1.92442665e+01,3.08899648e+04,4.33866953e+04,3.44833047e+04,4.61865869e+03
1.97651691e+01,3.27381074e+04,4.59734531e+04,3.51495703e+04,4.52625195e+03
2.02994785e+01,3.52811562e+04,4.95139336e+04,3.78160703e+04,4.70964062e+03
2.08475418e+01,4.13570000e+04,5.79927500e+04,4.31130469e+04,5.25717822e+03
2.14097099e+01,4.44617305e+04,6.22941797e+04,4.43594766e+04,5.33075977e+03
2.19863453e+01,4.46430586e+04,6.25226758e+04,4.41187852e+04,5.14556348e+03
2.25778236e+01,5.03264375e+04,7.04639922e+04,4.82690312e+04,5.19902051e+03
2.31845264e+01,5.42196406e+04,7.58803594e+04,5.00080859e+04,5.11308301e+03
2.38068466e+01,5.66135352e+04,7.92123828e+04,5.14897109e+04,5.26141992e+03
2.44451809e+01,5.72457188e+04,8.00821953e+04,5.13875469e+04,5.36317773e+03
2.50999470e+01,5.44766328e+04,7.61993203e+04,4.86506719e+04,4.91851270e+03
2.57715645e+01,5.04900000e+04,7.06190781e+04,4.46810898e+04,4.68677930e+03
2.64604683e+01,4.60159062e+04,6.43605195e+04,4.10448594e+04,4.39490918e+03
2.71671047e+01,4.39099375e+04,6.14067227e+04,3.95203711e+04,4.18615234e+03
2.78919277e+01,3.91626719e+04,5.47726016e+04,3.55967969e+04,3.50117480e+03
2.86354065e+01,3.64692578e+04,5.10151445e+04,3.29441992e+04,2.37708594e+03
2.93980217e+01,2.93693438e+04,4.10557930e+04,2.47845664e+04,9.41711731e+02
3.01802654e+01,1.37538428e+04,1.91707461e+04,8.95590527e+03,7.81110382e+01
3.09826431e+01,5.62825488e+03,7.83173145e+03,3.37879443e+03,4.57535706e+01
3.18056717e+01,3.78512305e+03,5.26525195e+03,2.23615552e+03,1.59619732e+01
3.26498833e+01,1.98557397e+03,2.75319507e+03,9.02381042e+02,1.65992451e+00
3.35158234e+01,1.25242517e+03,1.73588818e+03,5.99776062e+02,1.04828930e+00
3.44040565e+01,7.08141846e+02,9.82322815e+02,3.45387665e+02,1.42607242e-01
3.53151436e+01,5.83057495e+02,8.08695740e+02,2.73087677e+02,7.15088565e-03
3.62496834e+01,2.47201218e+02,3.41643982e+02,8.51866379e+01,4.25866194e-04
3.72082787e+01,7.97137299e+01,1.09586655e+02,1.68942413e+01,4.55836998e-05
3.81915474e+01,6.52583008e+01,8.99596786e+01,1.96610508e+01,6.25287066e-06
3.92001228e+01,1.94329147e+01,2.65074196e+01,2.06532478e+00,7.68917016e-06
4.02346535e+01,6.20226860e+00,8.39078426e+00,3.04047853e-01,2.04639286e-06
4.12958107e+01,7.98142970e-01,1.04768634e+00,8.61421414e-03,5.18055174e-07
4.23842850e+01,3.32500815e-01,4.41280723e-01,1.08032217e-02,1.02782096e-07
4.35007744e+01,1.64998360e-02,2.14895159e-02,5.93251141e-04,8.28134716e-09
4.46459999e+01,1.56500307e-03,2.05946178e-03,2.21952814e-05,5.15706755e-10
4.58207016e+01,1.73384405e-03,2.27968814e-03,1.16325818e-05,2.17572668e-10
4.70256386e+01,1.70695057e-04,2.21545779e-04,1.17107606e-06,2.17698828e-11
4.82615852e+01,1.13826591e-05,1.44015858e-05,1.52721015e-07,1.27742901e-12
4.95293465e+01,4.16715466e-07,5.25855569e-07,6.06054629e-09,3.83171922e-14
5.08297386e+01,1.15931638e-08,1.53873358e-08,2.80750728e-10,3.89256717e-16
5.21635971e+01,2.36959341e-10,3.08628956e-10,9.51427392e-12,8.91852902e-18
5.35317917e+01,4.67346994e-12,6.38517147e-12,3.11307946e-13,3.54960617e-20
5.49351997e+01,7.06002436e-14,9.43985423e-14,6.03394084e-15,8.10941215e-21
5.63747253e+01,1.48243122e-15,2.75731628e-15,9.26908899e-18,6.27913527e-23
5.78513031e+01,1.54827796e-17,1.42356394e-17,1.77311458e-17,5.28017105e-24
5.93278885e+01,2.69090274e-17,3.33001606e-17,1.00964722e-19,8.79834872e-26
6.08044662e+01,1.13875273e-20,1.07018834e-20,1.33189957e-20,4.64996988e-27
6.22810478e+01,3.75176879e-20,4.17688243e-20,3.79811409e-22,1.56409706e-28
6.37576256e+01,1.58545454e-23,3.66313115e-23,1.58078527e-23,6.21088860e-30
6.52341995e+01,6.75370327e-23,6.73439258e-23,8.43868965e-25,3.24483414e-31
6.67107849e+01,1.59550594e-25,3.98799953e-25,1.75300023e-26,7.27377096e-33
6.81873703e+01,1.15701502e-25,1.10139823e-25,1.54265092e-27,7.61063899e-34
6.96639481e+01,1.53985658e-27,2.05491679e-27,5.94517602e-29,3.32247279e-35
7.11405258e+01,2.33562267e-28,2.25993362e-28,3.38856766e-30,2.64586674e-36
7.26171036e+01,6.61360882e-30,7.22277896e-30,1.53360553e-31,1.43034738e-37
7.40936813e+01,6.08496155e-31,6.39488017e-31,1.03596604e-32,9.59328929e-39
7.55702591e+01,2.63369451e-32,3.01069494e-32,4.89339885e-34,5.59118087e-40
7.70468445e+01,1.23982190e-33,1.58515193e-33,2.48217456e-35,0.00000000e+00
7.85234222e+01,4.12762644e-35,5.44285395e-35,8.72336320e-37,0.00000000e+00
8.00000000e+01,3.62951853e-36,5.24756814e-36,6.78438652e-38,0.00000000e+00
