Height (km), 7_8 um ash conc (g/kg), 15_6 um ash conc (g/kg), 125 um ash conc (g/kg), 1 mm ash conc (g/kg)
0.00000000e+00,0.00000000e+00,0.00000000e+00,0.00000000e+00,0.00000000e+00
3.99999991e-02,1.61327800e-04,2.99669453e-04,3.04064900e-02,1.47879419e+01
7.99999982e-02,5.93087869e-04,1.03786576e-03,3.88601050e-02,1.52538214e+01
1.19999997e-01,1.30748679e-03,2.26607430e-03,5.36194928e-02,1.54962463e+01
1.59999996e-01,2.57594744e-03,4.48674615e-03,9.12801474e-02,1.59742966e+01
2.00000003e-01,4.15952317e-03,7.10920617e-03,1.20033041e-01,1.61829395e+01
2.39999995e-01,6.69431733e-03,1.12336027e-02,1.67153046e-01,1.66111355e+01
2.80000001e-01,1.03252418e-02,1.67046860e-02,1.92728892e-01,1.68635235e+01
3.19999993e-01,1.46847200e-02,2.31365114e-02,2.14260295e-01,1.71627121e+01
3.60000014e-01,1.93456449e-02,2.97546461e-02,2.43033558e-01,1.76506138e+01
4.00000006e-01,2.42093243e-02,3.67821455e-02,2.66807258e-01,1.76166096e+01
4.39999998e-01,2.83830985e-02,4.27976996e-02,2.87538052e-01,1.79172668e+01
4.79999989e-01,3.35735716e-02,5.05739152e-02,3.01157296e-01,1.79758244e+01
5.19999981e-01,3.94559652e-02,5.94799183e-02,3.13283265e-01,1.86303062e+01
5.60000002e-01,4.86578047e-02,7.31724426e-02,3.18098605e-01,1.81439571e+01
6.00000024e-01,5.84049076e-02,8.75983760e-02,3.46063375e-01,1.86126633e+01
6.41029537e-01,7.37529695e-02,1.09463185e-01,3.45952630e-01,1.87259007e+01
6.83115125e-01,8.64476115e-02,1.28201753e-01,3.70271444e-01,1.89827061e+01
7.26283848e-01,1.05835952e-01,1.56319857e-01,3.83623242e-01,1.98415833e+01
7.70563781e-01,1.28720447e-01,1.88982025e-01,4.25575495e-01,1.96968536e+01
8.15983355e-01,1.52587175e-01,2.22128242e-01,4.41514730e-01,2.08968601e+01
8.62571895e-01,1.67534992e-01,2.42600620e-01,4.88801241e-01,2.06041718e+01
9.10359621e-01,1.86098427e-01,2.67956942e-01,5.24280429e-01,2.22079792e+01
9.59377348e-01,1.94349498e-01,2.79057771e-01,5.54086328e-01,2.14439087e+01
1.00965667e+00,2.07475781e-01,2.97152281e-01,6.37944818e-01,2.36180325e+01
1.06123006e+00,2.19819918e-01,3.14597905e-01,7.06607044e-01,2.27913284e+01
1.11413085e+00,2.36210644e-01,3.38089705e-01,7.51358569e-01,2.40252285e+01
1.16839325e+00,2.57532626e-01,3.68816376e-01,8.75160754e-01,2.59011803e+01
1.22405231e+00,2.79885054e-01,4.00647819e-01,9.12042618e-01,2.78474350e+01
1.28114390e+00,3.23306203e-01,4.62877929e-01,1.09473085e+00,2.73792629e+01
1.33970511e+00,3.69711816e-01,5.30013323e-01,1.27793026e+00,3.22548752e+01
1.39977336e+00,1.92736133e+04,2.69817656e+04,1.79553438e+04,9.61568115e+02
1.46138775e+00,2.14464375e+04,2.99956289e+04,1.84653379e+04,1.10302478e+03
1.52458799e+00,1.51829746e+04,2.12319551e+04,1.30065996e+04,8.61971008e+02
1.58941495e+00,1.38508643e+04,1.93772852e+04,1.22602129e+04,9.78496216e+02
1.65591037e+00,1.35584824e+04,1.89730156e+04,1.22302207e+04,1.07641687e+03
1.72411728e+00,1.36471641e+04,1.91006387e+04,1.24770771e+04,1.17241663e+03
1.79407966e+00,1.40490293e+04,1.96658066e+04,1.29701455e+04,1.28064978e+03
1.86584306e+00,1.45995615e+04,2.04380762e+04,1.35626826e+04,1.37489209e+03
1.93945324e+00,1.50466152e+04,2.10643281e+04,1.40075254e+04,1.43846753e+03
2.01495814e+00,1.47628984e+04,2.06663008e+04,1.37061328e+04,1.40496680e+03
2.09240627e+00,1.34245332e+04,1.87925488e+04,1.24489941e+04,1.28940845e+03
2.17184782e+00,1.20771279e+04,1.69073457e+04,1.12248193e+04,1.19567334e+03
2.25333428e+00,1.15514873e+04,1.61733154e+04,1.08007666e+04,1.19883264e+03
2.33691788e+00,1.21741221e+04,1.70471641e+04,1.14684170e+04,1.30984802e+03
2.42265272e+00,1.33994111e+04,1.87631992e+04,1.26480918e+04,1.45500269e+03
2.51059437e+00,1.44656514e+04,2.02556777e+04,1.36655068e+04,1.58181665e+03
2.60079956e+00,1.52539492e+04,2.13584023e+04,1.43931338e+04,1.67057593e+03
2.69332647e+00,1.45486133e+04,2.03697363e+04,1.36978662e+04,1.60035828e+03
2.78823495e+00,1.25659551e+04,1.75948711e+04,1.18740361e+04,1.42184937e+03
2.88558602e+00,1.07180391e+04,1.50084756e+04,1.01588027e+04,1.23502197e+03
2.98544264e+00,9.86361523e+03,1.38142773e+04,9.42542383e+03,1.18478467e+03
3.08786964e+00,1.12258955e+04,1.57237031e+04,1.07725654e+04,1.34521533e+03
3.19293284e+00,1.33399072e+04,1.86824863e+04,1.27279219e+04,1.54131726e+03
3.30070019e+00,1.47692881e+04,2.06819922e+04,1.40289648e+04,1.67680005e+03
3.41124129e+00,1.52700518e+04,2.13812910e+04,1.44482842e+04,1.72430566e+03
3.52462745e+00,1.37294424e+04,1.92237812e+04,1.29928955e+04,1.57283948e+03
3.64093208e+00,1.13961514e+04,1.59577764e+04,1.08220840e+04,1.33809473e+03
3.76023054e+00,9.72089355e+03,1.36125166e+04,9.24595605e+03,1.15300366e+03
3.88259912e+00,9.59415332e+03,1.34361816e+04,9.15921191e+03,1.16190637e+03
4.00811720e+00,1.11360664e+04,1.55945322e+04,1.05866338e+04,1.28521448e+03
4.13686609e+00,1.23094551e+04,1.72347695e+04,1.16041719e+04,1.37943286e+03
4.26892853e+00,1.22955381e+04,1.72146680e+04,1.15828750e+04,1.39374866e+03
4.40439081e+00,1.15881689e+04,1.62242930e+04,1.09331768e+04,1.35656079e+03
4.54333878e+00,9.96149414e+03,1.39472881e+04,9.43089453e+03,1.20338855e+03
4.68586397e+00,8.28241309e+03,1.15976865e+04,7.89357861e+03,1.04426257e+03
4.83205652e+00,7.27377686e+03,1.01860674e+04,6.96207568e+03,9.56342163e+02
4.98201227e+00,7.06559961e+03,9.89453320e+03,6.76966748e+03,9.26840515e+02
5.13582754e+00,7.71346338e+03,1.08013809e+04,7.37988184e+03,1.00092792e+03
5.29360199e+00,8.76362793e+03,1.22708213e+04,8.34926074e+03,1.09369653e+03
5.45543718e+00,9.57473730e+03,1.34060303e+04,9.11449902e+03,1.18563245e+03
5.62143755e+00,9.91451660e+03,1.38820703e+04,9.46288867e+03,1.23824048e+03
5.79171038e+00,9.37206152e+03,1.31223779e+04,8.96378320e+03,1.18790796e+03
5.96636629e+00,8.13539893e+03,1.13908682e+04,7.81437012e+03,1.04536816e+03
6.14551687e+00,6.85126025e+03,9.59360156e+03,6.64153223e+03,9.15391052e+02
6.32927942e+00,5.67476855e+03,7.94732764e+03,5.57615088e+03,7.93087158e+02
6.51777077e+00,4.73067334e+03,6.62648340e+03,4.73061133e+03,6.95532532e+02
6.71111441e+00,4.22420459e+03,5.91834863e+03,4.29804639e+03,6.47234985e+02
6.90943432e+00,4.20481152e+03,5.89186475e+03,4.30658691e+03,6.38393494e+02
7.11285782e+00,4.74001123e+03,6.64118457e+03,4.80965820e+03,6.87077759e+02
7.32151794e+00,6.13104834e+03,8.58765918e+03,6.10095410e+03,8.24779846e+02
7.53554821e+00,7.82967236e+03,1.09638154e+04,7.68509180e+03,9.85233215e+02
7.75508738e+00,9.23848633e+03,1.29365146e+04,9.07586816e+03,1.15946973e+03
7.98027754e+00,1.01200537e+04,1.41730264e+04,1.00311445e+04,1.30706506e+03
8.21126270e+00,9.09911523e+03,1.27479043e+04,9.25614844e+03,1.27790576e+03
8.44819450e+00,8.27064551e+03,1.15932354e+04,8.70819824e+03,1.27615686e+03
8.69122219e+00,9.23893945e+03,1.29516816e+04,9.82396875e+03,1.42469067e+03
8.94050789e+00,1.06645986e+04,1.49510537e+04,1.13770029e+04,1.55081848e+03
9.19620800e+00,1.13578359e+04,1.59289180e+04,1.22321436e+04,1.60761279e+03
9.45849037e+00,1.16077031e+04,1.62860645e+04,1.26213535e+04,1.63590918e+03
9.72752285e+00,1.17514385e+04,1.64879160e+04,1.25949814e+04,1.53551257e+03
1.00034800e+01,1.08384668e+04,1.52100762e+04,1.15253467e+04,1.35999243e+03
1.02865391e+01,9.69978320e+03,1.36236494e+04,1.04747881e+04,1.24718018e+03
1.05768833e+01,8.98465723e+03,1.26261787e+04,9.69030371e+03,1.09738599e+03
1.08747025e+01,7.42291504e+03,1.04375547e+04,7.94462012e+03,8.20338135e+02
1.11801853e+01,6.10429297e+03,8.59052637e+03,6.53675586e+03,6.26691650e+02
1.14935322e+01,6.23064990e+03,8.76926953e+03,6.47663916e+03,6.16071960e+02
1.18149433e+01,6.91005176e+03,9.72225488e+03,6.88822705e+03,6.70862305e+02
1.21446266e+01,7.60892139e+03,1.07097119e+04,7.29520020e+03,7.14493591e+02
1.24827967e+01,8.29777148e+03,1.16888906e+04,7.53900293e+03,7.41963806e+02
1.28296700e+01,8.86774414e+03,1.24603916e+04,7.57745410e+03,7.36398804e+02
1.31854706e+01,8.85117773e+03,1.23411113e+04,7.22161377e+03,6.74187195e+02
1.35504293e+01,8.64932715e+03,1.20449854e+04,7.10516699e+03,6.45123596e+02
1.39247818e+01,9.33106055e+03,1.30249941e+04,7.81553857e+03,7.17620300e+02
1.43087692e+01,1.02914365e+04,1.43759287e+04,8.54107227e+03,7.65901611e+02
1.47026405e+01,1.01585605e+04,1.41829473e+04,7.87665039e+03,6.66552734e+02
1.51066484e+01,8.97694824e+03,1.25044873e+04,6.55150977e+03,5.47154480e+02
1.55210552e+01,8.24197949e+03,1.14707979e+04,6.12236768e+03,5.18659058e+02
1.59461288e+01,8.40859570e+03,1.17005723e+04,6.35857666e+03,5.28743408e+02
1.63821430e+01,8.42843262e+03,1.17376992e+04,6.39839600e+03,5.34307678e+02
1.68293781e+01,8.04125586e+03,1.12000430e+04,6.06372852e+03,5.29307617e+02
1.72881241e+01,7.46696143e+03,1.04023115e+04,5.85966553e+03,5.05741821e+02
1.77586803e+01,6.35151514e+03,8.85683887e+03,5.06482568e+03,3.71266449e+02
1.82413464e+01,4.08463257e+03,5.69219482e+03,3.05582520e+03,1.91168030e+02
1.87364349e+01,2.71319043e+03,3.78074902e+03,2.03812354e+03,1.45039825e+02
1.92442665e+01,2.25568188e+03,3.14570239e+03,1.76273499e+03,1.15574181e+02
1.97651691e+01,1.11340955e+03,1.55094812e+03,8.07006897e+02,3.57653503e+01
2.02994785e+01,2.77617981e+02,3.83937561e+02,1.35786102e+02,2.36038136e+00
2.08475418e+01,8.64933395e+01,1.17967361e+02,1.39758263e+01,3.15930322e-03
2.14097099e+01,6.78514404e+01,9.23826218e+01,9.01909256e+00,2.02146964e-03
2.19863453e+01,5.11669540e+01,6.95405426e+01,5.88673067e+00,9.43048217e-04
2.25778236e+01,2.74153156e+01,3.71316795e+01,2.65223050e+00,3.13650962e-04
2.31845264e+01,1.61310863e+01,2.18485088e+01,1.45678079e+00,1.62262237e-04
2.38068466e+01,1.30427141e+01,1.76484737e+01,1.13448989e+00,3.52693278e-05
2.44451809e+01,6.38655901e+00,8.60585117e+00,4.13809806e-01,3.17588274e-06
2.50999470e+01,1.22087610e+00,1.62463260e+00,3.27469110e-02,7.84784845e-07
2.57715645e+01,1.74002722e-01,2.25822225e-01,3.11179901e-04,1.29791388e-07
2.64604683e+01,4.99309599e-02,6.39152974e-02,2.49297100e-05,3.36934569e-08
2.71671047e+01,2.02049650e-02,2.58674864e-02,5.35627032e-06,1.80190334e-08
2.78919277e+01,3.01946909e-03,3.78333800e-03,1.71003535e-06,5.04851094e-09
2.86354065e+01,9.13835247e-05,1.09775094e-04,4.21268282e-07,1.00389275e-09
2.93980217e+01,1.17077143e-05,1.38462910e-05,5.84502970e-08,1.58237159e-10
3.01802654e+01,3.31819081e-07,3.85041147e-07,3.89055810e-09,4.43659215e-12
3.09826431e+01,1.18712409e-08,1.43135832e-08,3.19520278e-11,1.41914670e-14
3.18056717e+01,7.88456855e-10,9.47388168e-10,3.83644830e-13,6.13220619e-16
3.26498833e+01,4.90609602e-11,5.93471453e-11,4.94233730e-14,3.00325425e-17
3.35158234e+01,1.61963899e-12,1.96820945e-12,5.57318139e-16,9.53520871e-19
3.44040565e+01,1.63510647e-14,2.01660554e-14,2.11252449e-17,8.63215395e-21
3.53151436e+01,3.16005387e-16,3.97017101e-16,6.68586359e-19,1.68080548e-22
3.62496834e+01,5.67279720e-18,7.10684300e-18,1.37170117e-20,3.22449064e-24
3.72082787e+01,8.35115149e-20,1.03377705e-19,2.39548027e-22,5.89626257e-26
3.81915474e+01,1.16808697e-21,1.44431066e-21,1.69785389e-24,6.76451934e-28
3.92001228e+01,1.84653042e-23,2.28187956e-23,2.67761794e-26,1.47001854e-29
4.02346535e+01,3.17377428e-25,3.90377359e-25,4.59661411e-28,3.06488170e-31
4.12958107e+01,4.96379246e-27,6.09645189e-27,7.37970539e-30,5.70742217e-33
4.23842850e+01,6.61191370e-29,8.07394249e-29,1.00837361e-31,9.04222110e-35
4.35007744e+01,7.19993863e-31,8.69065731e-31,1.12074083e-33,1.20726773e-36
4.46459999e+01,6.47526353e-33,7.68156906e-33,1.01970971e-35,1.40746418e-38
4.58207016e+01,5.09636265e-35,5.88884902e-35,8.00645891e-38,1.35925951e-40
4.70256386e+01,3.75468126e-37,4.20081254e-37,5.56315490e-40,0.00000000e+00
4.82615852e+01,2.64985540e-39,2.88807613e-39,0.00000000e+00,0.00000000e+00
4.95293465e+01,8.40779079e-42,5.60519386e-42,0.00000000e+00,0.00000000e+00
5.08297386e+01,0.00000000e+00,0.00000000e+00,0.00000000e+00,0.00000000e+00
5.21635971e+01,0.00000000e+00,0.00000000e+00,0.00000000e+00,0.00000000e+00
5.35317917e+01,0.00000000e+00,0.00000000e+00,0.00000000e+00,0.00000000e+00
5.49351997e+01,0.00000000e+00,0.00000000e+00,0.00000000e+00,0.00000000e+00
5.63747253e+01,0.00000000e+00,0.00000000e+00,0.00000000e+00,0.00000000e+00
5.78513031e+01,0.00000000e+00,0.00000000e+00,0.00000000e+00,0.00000000e+00
5.93278885e+01,0.00000000e+00,0.00000000e+00,0.00000000e+00,0.00000000e+00
6.08044662e+01,0.00000000e+00,0.00000000e+00,0.00000000e+00,0.00000000e+00
6.22810478e+01,0.00000000e+00,0.00000000e+00,0.00000000e+00,0.00000000e+00
6.37576256e+01,0.00000000e+00,0.00000000e+00,0.00000000e+00,0.00000000e+00
6.52341995e+01,0.00000000e+00,0.00000000e+00,0.00000000e+00,0.00000000e+00
6.67107849e+01,0.00000000e+00,0.00000000e+00,0.00000000e+00,0.00000000e+00
6.81873703e+01,0.00000000e+00,0.00000000e+00,0.00000000e+00,0.00000000e+00
6.96639481e+01,0.00000000e+00,0.00000000e+00,0.00000000e+00,0.00000000e+00
7.11405258e+01,0.00000000e+00,0.00000000e+00,0.00000000e+00,0.00000000e+00
7.26171036e+01,0.00000000e+00,0.00000000e+00,0.00000000e+00,0.00000000e+00
7.40936813e+01,0.00000000e+00,0.00000000e+00,0.00000000e+00,0.00000000e+00
7.55702591e+01,0.00000000e+00,0.00000000e+00,0.00000000e+00,0.00000000e+00
7.70468445e+01,0.00000000e+00,0.00000000e+00,0.00000000e+00,0.00000000e+00
7.85234222e+01,0.00000000e+00,0.00000000e+00,0.00000000e+00,0.00000000e+00
8.00000000e+01,0.00000000e+00,0.00000000e+00,0.00000000e+00,0.00000000e+00
