Height (km), 7_8 um ash conc (g/kg), 15_6 um ash conc (g/kg), 125 um ash conc (g/kg), 1 mm ash conc (g/kg)
0.00000000e+00,0.00000000e+00,0.00000000e+00,0.00000000e+00,0.00000000e+00
3.99999991e-02,8.66526850e-09,1.25670621e-08,2.08381987e-08,2.45955944e-01
7.99999982e-02,4.72149644e-08,6.98267399e-08,2.60649045e-07,5.56242526e-01
1.19999997e-01,2.30614447e-07,3.44839322e-07,3.38932341e-06,9.30740178e-01
1.59999996e-01,1.01328669e-06,1.55203907e-06,2.46458039e-05,1.22726560e+00
2.00000003e-01,2.19468211e-06,3.48652907e-06,3.89107918e-05,1.46371949e+00
2.39999995e-01,6.36456480e-06,1.02828208e-05,1.34319722e-04,1.76028097e+00
2.80000001e-01,1.63359528e-05,2.67665073e-05,4.00312856e-04,2.12882066e+00
3.19999993e-01,4.84218872e-05,7.89144251e-05,1.00237783e-03,2.65613222e+00
3.60000014e-01,1.64631798e-04,2.64727307e-04,2.62689777e-03,3.27725744e+00
4.00000006e-01,7.72987783e-04,1.20534399e-03,6.53381273e-03,4.78351974e+00
4.39999998e-01,2.17139022e-03,3.30159185e-03,1.12583246e-02,5.58207273e+00
4.79999989e-01,6.69678533e-03,9.98854451e-03,2.36964971e-02,7.44429541e+00
5.19999981e-01,1.09974518e-02,1.61591433e-02,3.09247635e-02,8.94065189e+00
5.60000002e-01,2.19135657e-02,3.19985300e-02,5.47149368e-02,1.09762554e+01
6.00000024e-01,2.78861672e-02,4.03994620e-02,6.18725829e-02,1.40823851e+01
6.41029537e-01,4.42707539e-02,6.40280843e-02,9.23098475e-02,1.59794722e+01
6.83115125e-01,5.01077510e-02,7.21077174e-02,9.71098542e-02,1.83330879e+01
7.26283848e-01,6.42168745e-02,9.22250375e-02,1.15438074e-01,2.57044830e+01
7.70563781e-01,8.34732950e-02,1.19416118e-01,1.37589395e-01,2.19836464e+01
8.15983355e-01,1.11099489e-01,1.57912165e-01,1.59430102e-01,3.89161720e+01
8.62571895e-01,1.11589372e-01,1.57915458e-01,1.45953000e-01,2.67786274e+01
9.10359621e-01,1.35294810e-01,1.90692514e-01,1.67910933e-01,4.72555122e+01
9.59377348e-01,1.41066045e-01,1.98532656e-01,1.72876224e-01,3.51361427e+01
1.00965667e+00,1.66179687e-01,2.33262733e-01,2.05820337e-01,5.58911858e+01
1.06123006e+00,1.97641909e-01,2.77419746e-01,2.57350445e-01,4.40836716e+01
1.11413085e+00,2.38407403e-01,3.35813105e-01,3.36624891e-01,6.47377625e+01
1.16839325e+00,3.02374601e-01,4.28207815e-01,4.49157447e-01,4.75233917e+01
1.22405231e+00,4.05654281e-01,5.76970279e-01,5.90763450e-01,6.77153473e+01
1.28114390e+00,5.77803314e-01,8.22873354e-01,7.96748459e-01,4.51063423e+01
1.33970511e+00,7.70086527e-01,1.09448588e+00,9.84347761e-01,4.88782005e+01
1.39977336e+00,2.01465352e+04,2.82218750e+04,1.99925742e+04,2.18086328e+03
1.46138775e+00,2.51860605e+04,3.52625859e+04,2.38300039e+04,2.10303955e+03
1.52458799e+00,1.60758652e+04,2.25064141e+04,1.52441328e+04,1.46301477e+03
1.58941495e+00,1.51754326e+04,2.12516641e+04,1.46881934e+04,1.61316541e+03
1.65591037e+00,1.49900459e+04,2.09946914e+04,1.46474746e+04,1.70631323e+03
1.72411728e+00,1.49264434e+04,2.09072734e+04,1.46722949e+04,1.78239343e+03
1.79407966e+00,1.49297832e+04,2.09132891e+04,1.47449541e+04,1.85136450e+03
1.86584306e+00,1.50921172e+04,2.11420234e+04,1.49717979e+04,1.94066675e+03
1.93945324e+00,1.56310215e+04,2.18983398e+04,1.55750605e+04,2.07710498e+03
2.01495814e+00,1.65446211e+04,2.31793984e+04,1.65465234e+04,2.25651245e+03
2.09240627e+00,1.75239375e+04,2.45520195e+04,1.75632207e+04,2.41889697e+03
2.17184782e+00,1.80583438e+04,2.53005410e+04,1.80954434e+04,2.48283154e+03
2.25333428e+00,1.78429043e+04,2.49981250e+04,1.78524316e+04,2.42904810e+03
2.33691788e+00,1.71310586e+04,2.40004727e+04,1.71190859e+04,2.31609424e+03
2.42265272e+00,1.63551777e+04,2.29133301e+04,1.63267441e+04,2.19737817e+03
2.51059437e+00,1.57616270e+04,2.20817695e+04,1.57241885e+04,2.11550757e+03
2.60079956e+00,1.56906270e+04,2.19828027e+04,1.56723574e+04,2.13224463e+03
2.69332647e+00,1.62915342e+04,2.28253203e+04,1.63023477e+04,2.24312939e+03
2.78823495e+00,1.71041895e+04,2.39641426e+04,1.71300156e+04,2.36953467e+03
2.88558602e+00,1.78044902e+04,2.49453711e+04,1.78435508e+04,2.48206128e+03
2.98544264e+00,1.83120176e+04,2.56564336e+04,1.83629434e+04,2.56585498e+03
3.08786964e+00,1.83477949e+04,2.57062773e+04,1.83933770e+04,2.56723828e+03
3.19293284e+00,1.77981660e+04,2.49358789e+04,1.78309004e+04,2.48572803e+03
3.30070019e+00,1.70559102e+04,2.38961523e+04,1.70984805e+04,2.39936133e+03
3.41124129e+00,1.64930195e+04,2.31078242e+04,1.65456602e+04,2.33008740e+03
3.52462745e+00,1.58718027e+04,2.22374746e+04,1.59180361e+04,2.23959839e+03
3.64093208e+00,1.55421562e+04,2.17761191e+04,1.56074785e+04,2.21564038e+03
3.76023054e+00,1.63733496e+04,2.29416133e+04,1.64805547e+04,2.36618530e+03
3.88259912e+00,1.79651113e+04,2.51722188e+04,1.80955078e+04,2.59891479e+03
4.00811720e+00,1.92185508e+04,2.69279551e+04,1.93366602e+04,2.75560352e+03
4.13686609e+00,1.99455391e+04,2.79456309e+04,2.00323301e+04,2.82793481e+03
4.26892853e+00,2.01744004e+04,2.82653789e+04,2.02271895e+04,2.83430688e+03
4.40439081e+00,1.98649785e+04,2.78310352e+04,1.98807617e+04,2.76564111e+03
4.54333878e+00,1.88680176e+04,2.64334160e+04,1.88410039e+04,2.59836255e+03
4.68586397e+00,1.74116523e+04,2.43923809e+04,1.73496055e+04,2.37687134e+03
4.83205652e+00,1.59583027e+04,2.23561133e+04,1.58878477e+04,2.18639526e+03
4.98201227e+00,1.49893477e+04,2.09992754e+04,1.49454834e+04,2.08965015e+03
5.13582754e+00,1.45579277e+04,2.03952441e+04,1.45277705e+04,2.05176660e+03
5.29360199e+00,1.41395557e+04,1.98093672e+04,1.41227188e+04,2.02395850e+03
5.45543718e+00,1.43913301e+04,2.01635254e+04,1.44350889e+04,2.12682324e+03
5.62143755e+00,1.55113379e+04,2.17337188e+04,1.55962285e+04,2.31761548e+03
5.79171038e+00,1.64360039e+04,2.30293633e+04,1.65321582e+04,2.46628760e+03
5.96636629e+00,1.73867305e+04,2.43617266e+04,1.75062891e+04,2.63136694e+03
6.14551687e+00,1.86649102e+04,2.61524629e+04,1.87868086e+04,2.81152563e+03
6.32927942e+00,1.89165430e+04,2.65038887e+04,1.89931523e+04,2.80637354e+03
6.51777077e+00,1.74871152e+04,2.45002754e+04,1.75254062e+04,2.58725513e+03
6.71111441e+00,1.65061836e+04,2.31261270e+04,1.65557559e+04,2.47467310e+03
6.90943432e+00,1.70867949e+04,2.39396719e+04,1.71446602e+04,2.56672241e+03
7.11285782e+00,1.78394375e+04,2.49934473e+04,1.78709395e+04,2.66241064e+03
7.32151794e+00,1.77702617e+04,2.48964453e+04,1.78001797e+04,2.67503101e+03
7.53554821e+00,1.80991465e+04,2.53574492e+04,1.81378301e+04,2.73576050e+03
7.75508738e+00,1.86892305e+04,2.61833906e+04,1.86941543e+04,2.79330713e+03
7.98027754e+00,1.83616387e+04,2.57237578e+04,1.83389297e+04,2.74862769e+03
8.21126270e+00,1.76139375e+04,2.46758828e+04,1.75764668e+04,2.65670288e+03
8.44819450e+00,1.68122500e+04,2.35521270e+04,1.67494668e+04,2.54510791e+03
8.69122219e+00,1.61269883e+04,2.25915859e+04,1.60461777e+04,2.44561743e+03
8.94050789e+00,1.56221807e+04,2.18833008e+04,1.54953447e+04,2.34657056e+03
9.19620800e+00,1.43072188e+04,2.00404551e+04,1.41554004e+04,2.17220386e+03
9.45849037e+00,1.29813535e+04,1.81837871e+04,1.28656309e+04,2.03958533e+03
9.72752285e+00,1.17947246e+04,1.65218828e+04,1.17049912e+04,1.91372278e+03
1.00034800e+01,1.03855479e+04,1.45485352e+04,1.03347246e+04,1.75930994e+03
1.02865391e+01,9.09427734e+03,1.27406816e+04,9.09832227e+03,1.63745813e+03
1.05768833e+01,8.68191504e+03,1.21646133e+04,8.76280859e+03,1.64160205e+03
1.08747025e+01,9.47211133e+03,1.32724111e+04,9.59205664e+03,1.78050110e+03
1.11801853e+01,1.00364238e+04,1.40633496e+04,1.01854375e+04,1.87054785e+03
1.14935322e+01,9.67289648e+03,1.35554775e+04,9.89716504e+03,1.86314807e+03
1.18149433e+01,1.07102598e+04,1.50107656e+04,1.10332422e+04,2.05722949e+03
1.21446266e+01,1.24371426e+04,1.74306719e+04,1.27972275e+04,2.27797437e+03
1.24827967e+01,1.35908350e+04,1.90470117e+04,1.39603545e+04,2.41821313e+03
1.28296700e+01,1.50061074e+04,2.10310391e+04,1.54219316e+04,2.64452612e+03
1.31854706e+01,1.57781514e+04,2.21136055e+04,1.62342236e+04,2.79481274e+03
1.35504293e+01,1.65476016e+04,2.31919609e+04,1.70167656e+04,2.92501001e+03
1.39247818e+01,1.67303203e+04,2.34493516e+04,1.73153164e+04,3.04297485e+03
1.43087692e+01,1.88051895e+04,2.63589219e+04,1.96008398e+04,3.40584399e+03
1.47026405e+01,2.22263887e+04,3.11541875e+04,2.32054141e+04,3.84942603e+03
1.51066484e+01,2.26006562e+04,3.16819023e+04,2.38499004e+04,3.93901318e+03
1.55210552e+01,2.50059160e+04,3.50554844e+04,2.65472598e+04,4.18172559e+03
1.59461288e+01,2.90133789e+04,4.06733906e+04,3.08610684e+04,4.64722656e+03
1.63821430e+01,3.27214707e+04,4.58704023e+04,3.48227734e+04,4.93986035e+03
1.68293781e+01,3.00366250e+04,4.21107891e+04,3.23737266e+04,4.35364209e+03
1.72881241e+01,2.85400000e+04,4.00224492e+04,3.12228691e+04,4.06482764e+03
1.77586803e+01,2.78991699e+04,3.91257383e+04,3.04208535e+04,3.62227832e+03
1.82413464e+01,2.33297129e+04,3.27209023e+04,2.55109004e+04,2.83487793e+03
1.87364349e+01,2.12492930e+04,2.98024727e+04,2.31173945e+04,2.39877197e+03
1.92442665e+01,2.05456152e+04,2.88118594e+04,2.22133887e+04,2.16540576e+03
1.97651691e+01,2.10675938e+04,2.95418047e+04,2.28002227e+04,2.24440918e+03
2.02994785e+01,2.27346367e+04,3.18832715e+04,2.43689375e+04,2.46939575e+03
2.08475418e+01,2.55826953e+04,3.58720781e+04,2.64247715e+04,2.74157251e+03
2.14097099e+01,2.76750938e+04,3.87949922e+04,2.74895820e+04,2.97151929e+03
2.19863453e+01,2.81062109e+04,3.93802227e+04,2.66223164e+04,2.90915479e+03
2.25778236e+01,3.14958711e+04,4.40941641e+04,2.84247891e+04,2.95181616e+03
2.31845264e+01,3.36079453e+04,4.70161484e+04,2.91084316e+04,2.71070215e+03
2.38068466e+01,2.61485879e+04,3.65453438e+04,2.11138027e+04,1.76910718e+03
2.44451809e+01,1.88786484e+04,2.63589062e+04,1.44187148e+04,1.14276770e+03
2.50999470e+01,1.66663516e+04,2.32648086e+04,1.25688047e+04,1.07547852e+03
2.57715645e+01,1.68987930e+04,2.35991992e+04,1.31707510e+04,1.37162915e+03
2.64604683e+01,1.63885879e+04,2.28703555e+04,1.28683799e+04,1.05622266e+03
2.71671047e+01,9.47697461e+03,1.32058359e+04,7.03135791e+03,3.35889465e+02
2.78919277e+01,3.33320459e+03,4.62772119e+03,1.87465027e+03,2.16240273e+01
2.86354065e+01,1.42778247e+03,1.96902734e+03,3.93149597e+02,1.96717584e+00
2.93980217e+01,8.55173828e+02,1.17495068e+03,2.04119751e+02,6.49255455e-01
3.01802654e+01,7.01704102e+02,9.64898804e+02,1.79540131e+02,3.22342485e-01
3.09826431e+01,4.79633545e+02,6.58088989e+02,9.91140213e+01,8.15613940e-02
3.18056717e+01,2.88796967e+02,3.96197266e+02,5.06479111e+01,1.79692954e-02
3.26498833e+01,2.16160675e+02,2.96712372e+02,3.15222549e+01,6.97602425e-03
3.35158234e+01,1.39843460e+02,1.91307770e+02,1.43546410e+01,1.44092913e-03
3.44040565e+01,8.05430222e+01,1.09839142e+02,6.63169289e+00,2.42390342e-05
3.53151436e+01,4.30407257e+01,5.84847183e+01,2.29137993e+00,2.55964624e-05
3.62496834e+01,2.16682796e+01,2.93079662e+01,8.82723391e-01,1.66105710e-05
3.72082787e+01,9.92835140e+00,1.33663006e+01,3.26020300e-01,1.10923811e-05
3.81915474e+01,4.21762943e+00,5.65795994e+00,1.21583983e-01,5.72471890e-06
3.92001228e+01,1.87419939e+00,2.50896454e+00,5.08571006e-02,2.94669235e-06
4.02346535e+01,6.45559132e-01,8.60087395e-01,1.04062678e-02,1.07565825e-06
4.12958107e+01,2.13771716e-01,2.83583045e-01,2.94135557e-03,3.60115422e-07
4.23842850e+01,5.12082502e-02,6.73937500e-02,4.01356985e-04,9.41390823e-08
4.35007744e+01,1.10806832e-02,1.44816590e-02,1.06441090e-04,2.29564172e-08
4.46459999e+01,2.12715217e-03,2.76378635e-03,1.89505226e-05,4.96980146e-09
4.58207016e+01,3.55301017e-04,4.60131210e-04,5.99302302e-06,8.44955383e-10
4.70256386e+01,8.06608368e-05,1.05115469e-04,1.55118983e-06,1.48245444e-10
4.82615852e+01,2.04311909e-05,2.67521991e-05,2.63152060e-07,2.31116636e-11
4.95293465e+01,4.53765415e-06,5.97927283e-06,3.75243943e-08,3.68273337e-12
5.08297386e+01,7.62846980e-07,1.00822149e-06,4.58164751e-09,5.23833743e-13
5.21635971e+01,8.76957529e-08,1.15955714e-07,5.67426217e-10,6.56246636e-14
5.35317917e+01,4.92606222e-09,6.51003651e-09,2.93353501e-11,4.67931578e-15
5.49351997e+01,6.24792787e-11,8.18635992e-11,1.24950961e-12,1.49694227e-16
5.63747253e+01,1.12904608e-12,1.48760832e-12,1.28281121e-13,7.51907839e-18
5.78513031e+01,7.54838764e-14,9.86713966e-14,6.39548034e-15,7.45559289e-19
5.93278885e+01,3.80739192e-15,5.07846227e-15,3.05103226e-16,4.45322409e-20
6.08044662e+01,2.31260826e-16,2.97928328e-16,1.72491841e-17,1.20807679e-21
6.22810478e+01,9.53074524e-18,1.28673147e-17,5.59403378e-19,4.94643619e-23
6.37576256e+01,4.08244936e-19,5.28286705e-19,2.78226917e-20,1.97938631e-24
6.52341995e+01,1.94490454e-20,2.58706278e-20,1.28084869e-21,1.30385050e-25
6.67107849e+01,8.75047430e-22,1.13045984e-21,6.69300137e-23,7.96318953e-27
6.81873703e+01,4.55945542e-23,5.99342689e-23,3.54881148e-24,6.23282015e-28
6.96639481e+01,2.17019047e-24,2.79869370e-24,1.93458819e-25,4.61436384e-29
7.11405258e+01,1.18583026e-25,1.54515418e-25,1.10809966e-26,3.60999318e-30
7.26171036e+01,5.51948334e-27,7.10882929e-27,5.85687237e-28,2.32042679e-31
7.40936813e+01,2.88117194e-28,3.74254194e-28,3.24435809e-29,1.35958720e-32
7.55702591e+01,1.31014604e-29,1.68172233e-29,1.56464881e-30,6.85655294e-34
7.70468445e+01,5.55182032e-31,7.50034609e-31,6.78841522e-32,2.87003259e-35
7.85234222e+01,1.94998012e-32,2.52145419e-32,2.18389898e-33,8.48856208e-37
8.00000000e+01,9.22774269e-34,1.23910035e-33,9.23012054e-35,3.19888413e-38
