Height (km), 7_8 um ash conc (g/kg), 15_6 um ash conc (g/kg), 125 um ash conc (g/kg), 1 mm ash conc (g/kg)
0.00000000e+00,0.00000000e+00,0.00000000e+00,0.00000000e+00,0.00000000e+00
3.99999991e-02,3.03409934e-01,3.95519406e-01,2.66503245e-01,2.12119427e+01
7.99999982e-02,3.72876287e-01,4.88478154e-01,2.99197763e-01,2.13754025e+01
1.19999997e-01,4.37951535e-01,5.74036002e-01,3.32279772e-01,2.14462090e+01
1.59999996e-01,5.07738948e-01,6.66018426e-01,3.74805629e-01,2.15715942e+01
2.00000003e-01,5.49040914e-01,7.19124615e-01,3.80433440e-01,2.15930977e+01
2.39999995e-01,6.18230700e-01,8.11232924e-01,4.26109046e-01,2.16776276e+01
2.80000001e-01,6.68731391e-01,8.78477931e-01,4.49141264e-01,2.16981983e+01
3.19999993e-01,7.26059437e-01,9.55081999e-01,4.96027797e-01,2.17278748e+01
3.60000014e-01,7.68213451e-01,1.01175666e+00,5.21157146e-01,2.17338028e+01
4.00000006e-01,8.32167208e-01,1.09691536e+00,5.88282943e-01,2.17789593e+01
4.39999998e-01,8.72171998e-01,1.14958131e+00,6.14868581e-01,2.17682419e+01
4.79999989e-01,9.23878908e-01,1.21997774e+00,6.99904680e-01,2.18117256e+01
5.19999981e-01,9.61467385e-01,1.26853240e+00,7.34316945e-01,2.18134346e+01
5.60000002e-01,1.01497328e+00,1.34319067e+00,8.52494001e-01,2.18817768e+01
6.00000024e-01,1.04191041e+00,1.37789869e+00,9.04563546e-01,2.18899937e+01
6.41029537e-01,1.09018099e+00,1.44647372e+00,1.05164135e+00,2.19459877e+01
6.83115125e-01,1.10245001e+00,1.46181524e+00,1.13368690e+00,2.19384823e+01
7.26283848e-01,1.14225221e+00,1.51268089e+00,1.25054896e+00,2.19990501e+01
7.70563781e-01,1.14037204e+00,1.51369631e+00,1.41769671e+00,2.20882645e+01
8.15983355e-01,1.19570911e+00,1.59660447e+00,1.65377760e+00,2.21779213e+01
8.62571895e-01,1.17619920e+00,1.57023525e+00,1.79578483e+00,2.23560867e+01
9.10359621e-01,1.22528195e+00,1.64362729e+00,2.07075286e+00,2.22984524e+01
9.59377348e-01,1.19075716e+00,1.59659541e+00,2.27333999e+00,2.25632744e+01
1.00965667e+00,1.23948395e+00,1.66848612e+00,2.60733867e+00,2.24840355e+01
1.06123006e+00,1.32783949e+00,1.79197967e+00,2.98045230e+00,2.27554016e+01
1.11413085e+00,1.40904391e+00,1.90355456e+00,3.39639831e+00,2.29326744e+01
1.16839325e+00,1.47555757e+00,1.99379730e+00,3.86622858e+00,2.38928604e+01
1.22405231e+00,1.53911269e+00,2.07962728e+00,4.42002296e+00,2.33475399e+01
1.28114390e+00,1.66338646e+00,2.24961543e+00,5.16159201e+00,2.44585934e+01
1.33970511e+00,1.79170012e+00,2.43513536e+00,6.15401411e+00,2.48236656e+01
1.39977336e+00,1.69440176e+04,2.37130859e+04,1.54096934e+04,7.10905945e+02
1.46138775e+00,1.53605654e+04,2.14869375e+04,1.35266172e+04,8.54914307e+02
1.52458799e+00,1.92934883e+04,2.70012871e+04,1.76279160e+04,1.45932971e+03
1.58941495e+00,1.87148496e+04,2.61942578e+04,1.72093320e+04,1.47696460e+03
1.65591037e+00,1.79848066e+04,2.51706504e+04,1.64357832e+04,1.39714844e+03
1.72411728e+00,1.69171055e+04,2.36740098e+04,1.53400928e+04,1.29569629e+03
1.79407966e+00,1.56546611e+04,2.19054629e+04,1.41185859e+04,1.20882410e+03
1.86584306e+00,1.43535244e+04,2.00838613e+04,1.29210000e+04,1.12445862e+03
1.93945324e+00,1.31375098e+04,1.83821719e+04,1.18390684e+04,1.05652502e+03
2.01495814e+00,1.20529414e+04,1.68648828e+04,1.08886592e+04,9.95017578e+02
2.09240627e+00,1.10842666e+04,1.55099082e+04,1.00413340e+04,9.39103027e+02
2.17184782e+00,1.01907256e+04,1.42601230e+04,9.25917383e+03,8.84373047e+02
2.25333428e+00,9.34973828e+03,1.30838066e+04,8.52194043e+03,8.30689453e+02
2.33691788e+00,8.56252637e+03,1.19828369e+04,7.83579834e+03,7.81113770e+02
2.42265272e+00,7.84265234e+03,1.09760020e+04,7.20677246e+03,7.34307434e+02
2.51059437e+00,7.21355664e+03,1.00960586e+04,6.65596973e+03,6.99483521e+02
2.60079956e+00,6.69556104e+03,9.37140918e+03,6.19764111e+03,6.57877380e+02
2.69332647e+00,6.27226855e+03,8.77932324e+03,5.82483301e+03,6.31376648e+02
2.78823495e+00,5.89066699e+03,8.24541699e+03,5.48527588e+03,6.01628174e+02
2.88558602e+00,5.51075195e+03,7.71388428e+03,5.14693164e+03,5.74346069e+02
2.98544264e+00,5.10593213e+03,7.14756543e+03,4.78677051e+03,5.41388977e+02
3.08786964e+00,4.68866797e+03,6.56397510e+03,4.41807324e+03,5.09463287e+02
3.19293284e+00,4.31241699e+03,6.03767139e+03,4.08095874e+03,4.77721619e+02
3.30070019e+00,4.01267651e+03,5.61853809e+03,3.81687109e+03,4.55287964e+02
3.41124129e+00,3.77885400e+03,5.29132129e+03,3.60502344e+03,4.34311127e+02
3.52462745e+00,3.59447144e+03,5.03356934e+03,3.44275854e+03,4.20341949e+02
3.64093208e+00,3.39946826e+03,4.76095508e+03,3.27369165e+03,4.04491730e+02
3.76023054e+00,3.24185889e+03,4.54060449e+03,3.13192920e+03,3.89618835e+02
3.88259912e+00,3.07597192e+03,4.30888184e+03,2.98665234e+03,3.72888458e+02
4.00811720e+00,2.87039795e+03,4.02149072e+03,2.79876685e+03,3.53757019e+02
4.13686609e+00,2.63956787e+03,3.69909888e+03,2.59539282e+03,3.33099213e+02
4.26892853e+00,2.48045874e+03,3.47638306e+03,2.44498047e+03,3.17658783e+02
4.40439081e+00,2.39346191e+03,3.35410132e+03,2.35779956e+03,3.06048492e+02
4.54333878e+00,2.35902856e+03,3.30534009e+03,2.32458179e+03,3.04973206e+02
4.68586397e+00,2.30170972e+03,3.22471851e+03,2.28020850e+03,3.01052917e+02
4.83205652e+00,2.14839160e+03,3.01018872e+03,2.15460767e+03,2.90838318e+02
4.98201227e+00,1.96250562e+03,2.75011255e+03,1.99409814e+03,2.73887451e+02
5.13582754e+00,1.83918677e+03,2.57745142e+03,1.88532129e+03,2.64277466e+02
5.29360199e+00,1.78504553e+03,2.50184937e+03,1.84692981e+03,2.62738678e+02
5.45543718e+00,1.77530273e+03,2.48884277e+03,1.85984607e+03,2.68758118e+02
5.62143755e+00,1.73048083e+03,2.42666602e+03,1.83705591e+03,2.67983826e+02
5.79171038e+00,1.63568127e+03,2.29445605e+03,1.76913513e+03,2.62920929e+02
5.96636629e+00,1.56046350e+03,2.18961060e+03,1.72208118e+03,2.58591675e+02
6.14551687e+00,1.52742554e+03,2.14401416e+03,1.72240369e+03,2.58380157e+02
6.32927942e+00,1.50974255e+03,2.11954712e+03,1.73656738e+03,2.56083893e+02
6.51777077e+00,1.46657886e+03,2.05922070e+03,1.73824463e+03,2.51952347e+02
6.71111441e+00,1.42000415e+03,1.99405713e+03,1.74493787e+03,2.48908264e+02
6.90943432e+00,1.38531763e+03,1.94575403e+03,1.77688342e+03,2.47495544e+02
7.11285782e+00,1.38200769e+03,1.94167590e+03,1.84678674e+03,2.47237167e+02
7.32151794e+00,1.39508228e+03,1.96099500e+03,1.94362109e+03,2.45589005e+02
7.53554821e+00,1.39781506e+03,1.96668469e+03,2.04390234e+03,2.43221024e+02
7.75508738e+00,1.41652173e+03,1.99517944e+03,2.16930811e+03,2.40034698e+02
7.98027754e+00,1.44201758e+03,2.03270813e+03,2.32825464e+03,2.37724319e+02
8.21126270e+00,1.45375146e+03,2.05182324e+03,2.54649292e+03,2.37706421e+02
8.44819450e+00,1.52048730e+03,2.15028589e+03,2.82647266e+03,2.38564621e+02
8.69122219e+00,1.66301147e+03,2.35658325e+03,3.12044141e+03,2.38780731e+02
8.94050789e+00,1.88730713e+03,2.67806055e+03,3.40093701e+03,2.35997940e+02
9.19620800e+00,2.17597681e+03,3.09136157e+03,3.59936914e+03,2.23800293e+02
9.45849037e+00,2.54788208e+03,3.62829590e+03,3.72195874e+03,2.04022079e+02
9.72752285e+00,3.05393066e+03,4.36625000e+03,3.74295850e+03,1.76173325e+02
1.00034800e+01,3.70104932e+03,5.29926709e+03,3.54003052e+03,1.47954971e+02
1.02865391e+01,4.60202832e+03,6.57628320e+03,3.05524170e+03,1.25163589e+02
1.05768833e+01,5.73376025e+03,8.10792188e+03,2.48676465e+03,1.04160576e+02
1.08747025e+01,5.95649268e+03,8.27190625e+03,1.86117358e+03,7.70243149e+01
1.11801853e+01,4.85349414e+03,6.61187842e+03,1.30977319e+03,5.21394196e+01
1.14935322e+01,3.51128174e+03,4.72450977e+03,9.84455750e+02,3.70481262e+01
1.18149433e+01,2.73059863e+03,3.66868066e+03,7.74247498e+02,2.77133198e+01
1.21446266e+01,2.12699292e+03,2.85208423e+03,5.88035156e+02,2.07521992e+01
1.24827967e+01,1.44711816e+03,1.93306665e+03,4.27681335e+02,1.52268057e+01
1.28296700e+01,9.05563049e+02,1.21255273e+03,2.93499023e+02,9.05964947e+00
1.31854706e+01,5.89070129e+02,7.88250610e+02,1.47718689e+02,3.00283217e+00
1.35504293e+01,3.46842316e+02,4.60359894e+02,4.42314301e+01,3.60435307e-01
1.39247818e+01,2.28349701e+02,3.00436432e+02,7.79840136e+00,1.64042402e-03
1.43087692e+01,1.74847076e+02,2.26857025e+02,1.15786743e+00,3.62898572e-05
1.47026405e+01,1.18945518e+02,1.51708572e+02,4.48722273e-01,3.34525030e-05
1.51066484e+01,7.26336365e+01,9.14112244e+01,2.29396060e-01,1.74720626e-05
1.55210552e+01,3.92317314e+01,4.85248871e+01,9.45080370e-02,1.04325181e-05
1.59461288e+01,1.79035282e+01,2.18843689e+01,4.88100946e-02,6.91531250e-06
1.63821430e+01,8.55721188e+00,1.04542313e+01,1.72564518e-02,4.39419364e-06
1.68293781e+01,4.34736490e+00,5.37622833e+00,9.25253239e-03,4.11037763e-06
1.72881241e+01,2.72782063e+00,3.42991304e+00,4.00425307e-03,2.31871422e-06
1.77586803e+01,1.55780411e+00,1.94949508e+00,8.59612017e-04,1.48903769e-06
1.82413464e+01,8.82635474e-01,1.09858394e+00,1.13426053e-04,7.69514770e-07
1.87364349e+01,5.19541979e-01,6.35633409e-01,3.64126245e-05,4.00265520e-07
1.92442665e+01,2.84324646e-01,3.40623677e-01,4.16584453e-06,2.13022417e-07
1.97651691e+01,1.32594258e-01,1.54645994e-01,4.54679366e-06,9.97491867e-08
2.02994785e+01,5.34581095e-02,6.03214651e-02,4.11529072e-06,4.30910134e-08
2.08475418e+01,1.83510892e-02,1.99022982e-02,3.03626712e-06,1.60580953e-08
2.14097099e+01,4.93048225e-03,5.11327526e-03,1.37614279e-06,5.03049780e-09
2.19863453e+01,1.11761258e-03,1.11583096e-03,4.77893366e-07,1.28201072e-09
2.25778236e+01,2.02162177e-04,1.96632493e-04,1.05779705e-07,2.46264176e-10
2.31845264e+01,2.40718000e-05,2.26980446e-05,1.36256411e-08,2.93140338e-11
2.38068466e+01,2.26335214e-06,2.38876441e-06,1.40339029e-09,2.66679517e-12
2.44451809e+01,1.69663096e-07,1.82287167e-07,1.29689551e-10,2.11040210e-13
2.50999470e+01,1.34981342e-08,1.49471191e-08,1.30449714e-11,1.87721661e-14
2.57715645e+01,9.74380798e-10,1.08889553e-09,1.22543512e-12,1.31831287e-15
2.64604683e+01,6.83503948e-11,7.66406522e-11,1.09985724e-13,9.03673643e-17
2.71671047e+01,4.41213819e-12,4.95139086e-12,9.42547008e-15,6.15617301e-18
2.78919277e+01,2.55003050e-13,2.85406193e-13,5.47529615e-16,3.46047933e-19
2.86354065e+01,1.47364065e-14,1.63883257e-14,3.45624350e-17,1.81414796e-20
2.93980217e+01,5.62858952e-16,6.30848646e-16,1.90373178e-18,8.14666981e-22
3.01802654e+01,2.22977949e-17,2.45749305e-17,1.04765061e-19,3.66149537e-23
3.09826431e+01,8.81146083e-19,9.74244743e-19,4.48445912e-21,1.45356408e-24
3.18056717e+01,3.09926901e-20,3.40226624e-20,2.01325394e-22,5.58168764e-26
3.26498833e+01,1.02528744e-21,1.11973093e-21,7.44255396e-24,2.00636776e-27
3.35158234e+01,3.19315938e-23,3.49514353e-23,2.53443531e-25,7.21243912e-29
3.44040565e+01,9.03195841e-25,9.87188820e-25,7.71900781e-27,2.52231635e-30
3.53151436e+01,2.29110953e-26,2.51112823e-26,2.04185359e-28,8.51874173e-32
3.62496834e+01,5.22319375e-28,5.77561546e-28,4.70128828e-30,2.79348720e-33
3.72082787e+01,1.07875557e-29,1.21122291e-29,9.60012483e-32,8.48602114e-35
3.81915474e+01,2.09704266e-31,2.43118257e-31,1.78769916e-33,2.45054448e-36
3.92001228e+01,3.79926901e-33,4.67906114e-33,2.99486975e-35,6.02390184e-38
4.02346535e+01,6.99346302e-35,9.44599193e-35,4.47519978e-37,1.28919459e-39
4.12958107e+01,1.34446449e-36,1.97149358e-36,6.45858462e-39,9.80908925e-42
4.23842850e+01,2.77373018e-38,4.27269915e-38,5.18480432e-41,0.00000000e+00
4.35007744e+01,4.94658358e-40,8.39377780e-40,0.00000000e+00,0.00000000e+00
4.46459999e+01,2.80259693e-42,7.00649232e-42,0.00000000e+00,0.00000000e+00
4.58207016e+01,0.00000000e+00,0.00000000e+00,0.00000000e+00,0.00000000e+00
4.70256386e+01,0.00000000e+00,0.00000000e+00,0.00000000e+00,0.00000000e+00
4.82615852e+01,0.00000000e+00,0.00000000e+00,0.00000000e+00,0.00000000e+00
4.95293465e+01,0.00000000e+00,0.00000000e+00,0.00000000e+00,0.00000000e+00
5.08297386e+01,0.00000000e+00,0.00000000e+00,0.00000000e+00,0.00000000e+00
5.21635971e+01,0.00000000e+00,0.00000000e+00,0.00000000e+00,0.00000000e+00
5.35317917e+01,0.00000000e+00,0.00000000e+00,0.00000000e+00,0.00000000e+00
5.49351997e+01,0.00000000e+00,0.00000000e+00,0.00000000e+00,0.00000000e+00
5.63747253e+01,0.00000000e+00,0.00000000e+00,0.00000000e+00,0.00000000e+00
5.78513031e+01,0.00000000e+00,0.00000000e+00,0.00000000e+00,0.00000000e+00
5.93278885e+01,0.00000000e+00,0.00000000e+00,0.00000000e+00,0.00000000e+00
6.08044662e+01,0.00000000e+00,0.00000000e+00,0.00000000e+00,0.00000000e+00
6.22810478e+01,0.00000000e+00,0.00000000e+00,0.00000000e+00,0.00000000e+00
6.37576256e+01,0.00000000e+00,0.00000000e+00,0.00000000e+00,0.00000000e+00
6.52341995e+01,0.00000000e+00,0.00000000e+00,0.00000000e+00,0.00000000e+00
6.67107849e+01,0.00000000e+00,0.00000000e+00,0.00000000e+00,0.00000000e+00
6.81873703e+01,0.00000000e+00,0.00000000e+00,0.00000000e+00,0.00000000e+00
6.96639481e+01,0.00000000e+00,0.00000000e+00,0.00000000e+00,0.00000000e+00
7.11405258e+01,0.00000000e+00,0.00000000e+00,0.00000000e+00,0.00000000e+00
7.26171036e+01,0.00000000e+00,0.00000000e+00,0.00000000e+00,0.00000000e+00
7.40936813e+01,0.00000000e+00,0.00000000e+00,0.00000000e+00,0.00000000e+00
7.55702591e+01,0.00000000e+00,0.00000000e+00,0.00000000e+00,0.00000000e+00
7.70468445e+01,0.00000000e+00,0.00000000e+00,0.00000000e+00,0.00000000e+00
7.85234222e+01,0.00000000e+00,0.00000000e+00,0.00000000e+00,0.00000000e+00
8.00000000e+01,0.00000000e+00,0.00000000e+00,0.00000000e+00,0.00000000e+00
