Height (km), 7_8 um ash conc (g/kg), 15_6 um ash conc (g/kg), 125 um ash conc (g/kg), 1 mm ash conc (g/kg)
0.00000000e+00,0.00000000e+00,0.00000000e+00,0.00000000e+00,0.00000000e+00
3.99999991e-02,2.43597031e-09,3.41269901e-09,1.60998843e-05,2.96138052e-04
7.99999982e-02,1.34430858e-08,1.93408596e-08,7.65656659e-05,6.12755539e-04
1.19999997e-01,3.57359404e-08,5.20582262e-08,1.43914513e-04,6.36598794e-04
1.59999996e-01,6.51835137e-08,9.64305613e-08,2.59380904e-04,8.34731676e-04
2.00000003e-01,1.19529872e-07,1.78943736e-07,7.65821431e-04,8.70837888e-04
2.39999995e-01,1.93610703e-07,2.93472226e-07,1.69388810e-03,1.29163521e-03
2.80000001e-01,3.79443406e-07,5.76852926e-07,3.04920017e-03,1.90191763e-03
3.19999993e-01,7.88240641e-07,1.22650499e-06,5.93200885e-03,2.40122620e-03
3.60000014e-01,1.61222692e-06,2.48870447e-06,1.00436267e-02,4.04581288e-03
4.00000006e-01,3.25258611e-06,4.96192524e-06,1.55868335e-02,5.60986763e-03
4.39999998e-01,4.90808270e-06,7.47911054e-06,2.29415521e-02,9.10843350e-03
4.79999989e-01,9.92820969e-06,1.52547709e-05,3.38719785e-02,1.45159243e-02
5.19999981e-01,2.13607291e-05,3.20283943e-05,4.62574139e-02,1.84507892e-02
5.60000002e-01,4.01045945e-05,5.91793359e-05,5.97599372e-02,3.59032303e-02
6.00000024e-01,6.87972788e-05,1.00017445e-04,7.85635188e-02,4.23910655e-02
6.41029537e-01,1.15336981e-04,1.64940633e-04,9.52987149e-02,8.30257311e-02
6.83115125e-01,1.75267181e-04,2.49106146e-04,1.06514476e-01,9.56707373e-02
7.26283848e-01,2.60477362e-04,3.69065529e-04,1.09905824e-01,1.10148795e-01
7.70563781e-01,3.64017789e-04,5.15985535e-04,1.11400366e-01,1.86826780e-01
8.15983355e-01,5.05452219e-04,7.16741895e-04,1.15514129e-01,3.08580101e-01
8.62571895e-01,6.82327896e-04,9.70950001e-04,1.29985943e-01,3.29487264e-01
9.10359621e-01,9.26554319e-04,1.33638759e-03,1.41009048e-01,5.01219213e-01
9.59377348e-01,1.44999893e-03,2.13347189e-03,1.51054785e-01,5.37474632e-01
1.00965667e+00,2.40990892e-03,3.67447757e-03,1.64912716e-01,7.43642271e-01
1.06123006e+00,4.29436564e-03,7.09487312e-03,1.83564931e-01,9.66669500e-01
1.11413085e+00,1.02131274e-02,1.80985704e-02,2.05194533e-01,1.16342616e+00
1.16839325e+00,2.13255528e-02,3.62547599e-02,2.39692703e-01,1.32881641e+00
1.22405231e+00,3.09929010e-02,4.98692393e-02,2.90734768e-01,1.49563253e+00
1.28114390e+00,3.50880921e-02,5.34689799e-02,3.55191648e-01,1.78502202e+00
1.33970511e+00,3.28270756e-02,4.87532653e-02,4.19718325e-01,2.02042317e+00
1.39977336e+00,2.01355273e+04,2.82065000e+04,1.99862754e+04,2.12381787e+03
1.46138775e+00,2.53542930e+04,3.54984219e+04,2.39899863e+04,2.07034448e+03
1.52458799e+00,1.57039414e+04,2.19861387e+04,1.49293662e+04,1.42606030e+03
1.58941495e+00,1.57648867e+04,2.20793633e+04,1.53803525e+04,1.72899353e+03
1.65591037e+00,1.68789570e+04,2.36428359e+04,1.66264980e+04,1.94468481e+03
1.72411728e+00,1.74446172e+04,2.44345664e+04,1.71513555e+04,1.95155444e+03
1.79407966e+00,1.64380234e+04,2.30223164e+04,1.60399473e+04,1.74082422e+03
1.86584306e+00,1.42895273e+04,2.00114648e+04,1.38489072e+04,1.46070117e+03
1.93945324e+00,1.21314531e+04,1.69889648e+04,1.17345078e+04,1.25322900e+03
2.01495814e+00,1.07770664e+04,1.50935938e+04,1.04766631e+04,1.18551917e+03
2.09240627e+00,1.05853496e+04,1.48273691e+04,1.03908115e+04,1.27934204e+03
2.17184782e+00,1.13816172e+04,1.59456074e+04,1.13166191e+04,1.52737036e+03
2.25333428e+00,1.32272119e+04,1.85343262e+04,1.33214697e+04,1.94857312e+03
2.33691788e+00,1.63045352e+04,2.28489492e+04,1.65962344e+04,2.59385254e+03
2.42265272e+00,1.98125742e+04,2.77665195e+04,2.03041562e+04,3.27161060e+03
2.51059437e+00,2.23379883e+04,3.13055918e+04,2.29274473e+04,3.68973462e+03
2.60079956e+00,2.34592773e+04,3.28761250e+04,2.40575898e+04,3.81646606e+03
2.69332647e+00,2.35404141e+04,3.29884766e+04,2.40818984e+04,3.71712891e+03
2.78823495e+00,2.27401660e+04,3.18646602e+04,2.31327539e+04,3.40949683e+03
2.88558602e+00,2.10287500e+04,2.94641113e+04,2.12511914e+04,2.98586157e+03
2.98544264e+00,1.92508984e+04,2.69714062e+04,1.93477578e+04,2.61286060e+03
3.08786964e+00,1.78876250e+04,2.50602930e+04,1.78965098e+04,2.34848218e+03
3.19293284e+00,1.68617793e+04,2.36224453e+04,1.68104746e+04,2.16693994e+03
3.30070019e+00,1.61169014e+04,2.25783320e+04,1.60182793e+04,2.05218555e+03
3.41124129e+00,1.62700107e+04,2.27934844e+04,1.61828086e+04,2.11059277e+03
3.52462745e+00,1.71190938e+04,2.39830840e+04,1.70193359e+04,2.23930225e+03
3.64093208e+00,1.71884238e+04,2.40796055e+04,1.70648223e+04,2.26601953e+03
3.76023054e+00,1.70644863e+04,2.39055117e+04,1.69227637e+04,2.26098608e+03
3.88259912e+00,1.66112285e+04,2.32696191e+04,1.64291133e+04,2.19828711e+03
4.00811720e+00,1.55209951e+04,2.17419883e+04,1.53320293e+04,2.08406738e+03
4.13686609e+00,1.41497988e+04,1.98214141e+04,1.39881328e+04,1.96227686e+03
4.26892853e+00,1.29346016e+04,1.81201758e+04,1.28371270e+04,1.88954846e+03
4.40439081e+00,1.22839375e+04,1.72098184e+04,1.22485586e+04,1.88412756e+03
4.54333878e+00,1.23009727e+04,1.72345430e+04,1.23100557e+04,1.95847400e+03
4.68586397e+00,1.28388135e+04,1.79891465e+04,1.29068594e+04,2.12903833e+03
4.83205652e+00,1.41628398e+04,1.98463301e+04,1.43448438e+04,2.45695728e+03
4.98201227e+00,1.69200098e+04,2.37116914e+04,1.72377988e+04,2.98556885e+03
5.13582754e+00,1.95516641e+04,2.73988926e+04,1.99080332e+04,3.40520166e+03
5.29360199e+00,2.04009395e+04,2.85877812e+04,2.07493867e+04,3.54702661e+03
5.45543718e+00,2.08669395e+04,2.92402305e+04,2.12240195e+04,3.61642944e+03
5.62143755e+00,2.10283828e+04,2.94650000e+04,2.13240723e+04,3.56410986e+03
5.79171038e+00,2.02703457e+04,2.84010898e+04,2.04594902e+04,3.34700757e+03
5.96636629e+00,1.89126914e+04,2.64969609e+04,1.89771777e+04,3.04707031e+03
6.14551687e+00,1.70636973e+04,2.39049141e+04,1.70268730e+04,2.72717407e+03
6.32927942e+00,1.53942236e+04,2.15656680e+04,1.53207559e+04,2.49444312e+03
6.51777077e+00,1.45702773e+04,2.04111914e+04,1.44754795e+04,2.39350586e+03
6.71111441e+00,1.39472988e+04,1.95379902e+04,1.38291357e+04,2.32005078e+03
6.90943432e+00,1.32871123e+04,1.86133770e+04,1.31835205e+04,2.27835059e+03
7.11285782e+00,1.30550342e+04,1.82888691e+04,1.29766602e+04,2.29864990e+03
7.32151794e+00,1.30595781e+04,1.82955684e+04,1.29917480e+04,2.33327881e+03
7.53554821e+00,1.31204141e+04,1.83808066e+04,1.30532910e+04,2.38613037e+03
7.75508738e+00,1.30439863e+04,1.82749062e+04,1.30386621e+04,2.46040991e+03
7.98027754e+00,1.38667344e+04,1.94293086e+04,1.39457910e+04,2.65953223e+03
8.21126270e+00,1.39090830e+04,1.94881250e+04,1.39756680e+04,2.65951880e+03
8.44819450e+00,1.41814404e+04,1.98717031e+04,1.43485508e+04,2.78869824e+03
8.69122219e+00,1.72472734e+04,2.41683223e+04,1.74884453e+04,3.25729858e+03
8.94050789e+00,1.96509922e+04,2.75352852e+04,1.98794258e+04,3.55224170e+03
9.19620800e+00,1.85945508e+04,2.60533242e+04,1.87503359e+04,3.29834277e+03
9.45849037e+00,1.54304453e+04,2.16196426e+04,1.55464902e+04,2.80546362e+03
9.72752285e+00,1.37443945e+04,1.92573145e+04,1.38444238e+04,2.55511938e+03
1.00034800e+01,1.37792383e+04,1.93065898e+04,1.38958594e+04,2.58648193e+03
1.02865391e+01,1.51465459e+04,2.12224668e+04,1.52678740e+04,2.75819946e+03
1.05768833e+01,1.65957148e+04,2.32506758e+04,1.66283906e+04,2.88932764e+03
1.08747025e+01,1.66770801e+04,2.33651914e+04,1.67397441e+04,2.95400708e+03
1.11801853e+01,1.81380762e+04,2.54139609e+04,1.82841523e+04,3.21614990e+03
1.14935322e+01,2.04029688e+04,2.85848594e+04,2.04698770e+04,3.45750928e+03
1.18149433e+01,2.05970195e+04,2.88584629e+04,2.07580938e+04,3.55614624e+03
1.21446266e+01,2.04163535e+04,2.86070762e+04,2.06877715e+04,3.56380981e+03
1.24827967e+01,2.02716094e+04,2.84008984e+04,2.04740430e+04,3.42238770e+03
1.28296700e+01,1.87532402e+04,2.62702715e+04,1.89143066e+04,3.15060156e+03
1.31854706e+01,1.65534648e+04,2.31897578e+04,1.68884609e+04,2.90839795e+03
1.35504293e+01,1.60894404e+04,2.25392109e+04,1.65487461e+04,2.77413525e+03
1.39247818e+01,1.31526895e+04,1.84269668e+04,1.37641445e+04,2.39925781e+03
1.43087692e+01,1.03950752e+04,1.45687070e+04,1.12530918e+04,2.19264893e+03
1.47026405e+01,9.46062500e+03,1.32643750e+04,1.06657314e+04,2.15287817e+03
1.51066484e+01,9.11423633e+03,1.27835430e+04,1.06560684e+04,2.15927856e+03
1.55210552e+01,9.49339648e+03,1.33230400e+04,1.15555303e+04,2.35523364e+03
1.59461288e+01,1.18050029e+04,1.65719414e+04,1.44940518e+04,2.69949243e+03
1.63821430e+01,1.47931064e+04,2.07653320e+04,1.79208320e+04,2.98186377e+03
1.68293781e+01,1.51416006e+04,2.12625586e+04,1.87260605e+04,2.96923511e+03
1.72881241e+01,1.56861660e+04,2.20358438e+04,1.95498418e+04,2.92496704e+03
1.77586803e+01,1.82649766e+04,2.56565352e+04,2.20160684e+04,3.10845996e+03
1.82413464e+01,2.04865586e+04,2.87749688e+04,2.40568828e+04,3.36769360e+03
1.87364349e+01,2.42437734e+04,3.40411562e+04,2.74600137e+04,3.78862158e+03
1.92442665e+01,3.22229668e+04,4.52144023e+04,3.44829961e+04,4.50368506e+03
1.97651691e+01,3.83660000e+04,5.38013438e+04,3.91768203e+04,4.71381787e+03
2.02994785e+01,3.52978867e+04,4.94731641e+04,3.47662773e+04,3.81287231e+03
2.08475418e+01,3.26004531e+04,4.56645547e+04,3.11077129e+04,3.25705029e+03
2.14097099e+01,3.33343086e+04,4.66592617e+04,2.98608555e+04,3.29165161e+03
2.19863453e+01,3.27855742e+04,4.58574609e+04,2.86677871e+04,3.35297876e+03
2.25778236e+01,3.08597148e+04,4.31526133e+04,2.68019707e+04,3.04364722e+03
2.31845264e+01,2.94758730e+04,4.11872578e+04,2.48614785e+04,2.80103467e+03
2.38068466e+01,2.66521504e+04,3.72328242e+04,2.28927910e+04,2.73791846e+03
2.44451809e+01,2.54713672e+04,3.56047344e+04,2.29088125e+04,2.80876904e+03
2.50999470e+01,2.58102129e+04,3.60988086e+04,2.37740547e+04,2.87665015e+03
2.57715645e+01,2.55812715e+04,3.57900078e+04,2.37897812e+04,2.77455933e+03
2.64604683e+01,2.41321719e+04,3.37694844e+04,2.27565254e+04,2.75203198e+03
2.71671047e+01,2.20576621e+04,3.08800234e+04,2.14239023e+04,2.86467285e+03
2.78919277e+01,2.18241465e+04,3.05582246e+04,2.12251895e+04,2.71193506e+03
2.86354065e+01,1.92216504e+04,2.69016270e+04,1.81111973e+04,1.85047583e+03
2.93980217e+01,9.50155371e+03,1.32863613e+04,8.46418848e+03,5.96766113e+02
3.01802654e+01,2.11374243e+03,2.94846094e+03,1.63894873e+03,5.24797363e+01
3.09826431e+01,2.99309692e+02,4.14017090e+02,1.40161926e+02,5.32243960e-02
3.18056717e+01,1.05314934e+02,1.44944458e+02,3.40107613e+01,3.14341451e-04
3.26498833e+01,5.76490860e+01,7.94996948e+01,1.78265438e+01,1.56904745e-04
3.35158234e+01,4.18170166e+01,5.76709747e+01,9.67347050e+00,9.55759751e-05
3.44040565e+01,2.37939358e+01,3.25848579e+01,2.72324920e+00,9.31497289e-06
3.53151436e+01,1.01173229e+01,1.37515726e+01,6.80939496e-01,6.84893212e-06
3.62496834e+01,2.76847553e+00,3.73143506e+00,1.40833929e-01,4.17341380e-06
3.72082787e+01,6.79036617e-01,9.13710117e-01,4.43532392e-02,3.11760186e-06
3.81915474e+01,3.33180219e-01,4.50259209e-01,1.63486600e-02,1.48527636e-06
3.92001228e+01,1.49761662e-01,2.01665834e-01,4.47882758e-03,5.91640514e-07
4.02346535e+01,5.49979173e-02,7.37848058e-02,1.01218594e-03,1.44855051e-07
4.12958107e+01,1.41980704e-02,1.88502967e-02,1.19277254e-04,2.92782545e-08
4.23842850e+01,3.19178379e-03,4.18509822e-03,1.97643330e-05,3.68799569e-09
4.35007744e+01,3.49653419e-04,4.51589527e-04,1.84616647e-06,1.87247148e-10
4.46459999e+01,2.87165676e-05,3.66589520e-05,1.82274277e-07,8.80469222e-12
4.58207016e+01,2.99137218e-06,3.80622737e-06,4.01073983e-08,8.33269651e-13
4.70256386e+01,4.16644099e-07,5.34073308e-07,7.85465737e-09,6.45164057e-14
4.82615852e+01,7.63775958e-08,9.87498439e-08,1.26674549e-09,8.05238055e-15
4.95293465e+01,7.41028705e-09,9.60614877e-09,1.19219329e-10,7.86165424e-16
5.08297386e+01,3.89720450e-10,5.06314934e-10,6.86990742e-12,3.37974385e-17
5.21635971e+01,9.84926116e-12,1.28793495e-11,2.54273057e-13,6.20852144e-19
5.35317917e+01,6.18526023e-14,8.16708693e-14,4.35925760e-15,6.53329654e-22
5.49351997e+01,7.12583341e-17,9.05092953e-17,5.55879392e-18,2.33410610e-23
5.63747253e+01,2.09481670e-18,2.75923960e-18,4.07868078e-19,3.66089959e-25
5.78513031e+01,6.09304858e-20,6.58490568e-20,1.02326879e-20,1.54511012e-26
5.93278885e+01,2.60690041e-20,4.16485051e-20,3.95148303e-22,4.38075954e-27
6.08044662e+01,5.22531966e-23,5.94292781e-23,2.11759423e-23,5.46353148e-30
6.22810478e+01,1.16763144e-23,1.45951148e-23,2.35018895e-25,1.59202485e-30
6.37576256e+01,6.16339860e-26,2.33248898e-26,1.37504341e-26,9.75616230e-33
6.52341995e+01,4.34647144e-27,5.26014917e-27,1.88958283e-28,7.10762567e-34
6.67107849e+01,4.67438154e-29,7.12017805e-29,8.57394370e-30,1.51220217e-35
6.81873703e+01,2.25828677e-30,2.65017195e-30,1.46386028e-31,3.70416456e-37
6.96639481e+01,1.64815240e-31,2.11406852e-31,7.60154360e-33,2.64060683e-38
7.11405258e+01,1.49772204e-32,1.99067191e-32,4.78099588e-34,2.30793857e-39
7.26171036e+01,1.43205885e-33,1.80682151e-33,3.84662446e-35,1.90576591e-40
7.40936813e+01,1.24326803e-34,1.57976454e-34,3.16826005e-36,0.00000000e+00
7.55702591e+01,9.59829594e-36,1.23012370e-35,2.41796853e-37,0.00000000e+00
7.70468445e+01,6.10985681e-37,7.88548447e-37,1.51970818e-38,0.00000000e+00
7.85234222e+01,2.80343771e-38,3.63230575e-38,6.53005084e-40,0.00000000e+00
8.00000000e+01,6.79629755e-40,8.94028420e-40,0.00000000e+00,0.00000000e+00
