Height (km), 7_8 um ash conc (g/kg), 15_6 um ash conc (g/kg), 125 um ash conc (g/kg), 1 mm ash conc (g/kg)
0.00000000e+00,0.00000000e+00,0.00000000e+00,0.00000000e+00,0.00000000e+00
3.99999991e-02,1.96983407e-09,4.18175361e-09,3.61901584e-08,2.16444988e+01
7.99999982e-02,7.09204917e-09,1.56522830e-08,2.66109100e-06,2.23692455e+01
1.19999997e-01,1.72298265e-08,3.88655685e-08,1.82746480e-05,2.26004791e+01
1.59999996e-01,3.02425924e-08,7.06548846e-08,6.17839614e-05,2.31904812e+01
2.00000003e-01,4.36563710e-08,1.04889267e-07,1.75430076e-04,2.34479656e+01
2.39999995e-01,6.00111818e-08,1.46748590e-07,3.49311769e-04,2.38462944e+01
2.80000001e-01,8.26262792e-08,2.05069142e-07,6.96593197e-04,2.40777779e+01
3.19999993e-01,1.16393942e-07,2.93026318e-07,1.24896236e-03,2.44209671e+01
3.60000014e-01,1.69543725e-07,4.35715123e-07,2.30664387e-03,2.47059174e+01
4.00000006e-01,2.55330377e-07,6.87765009e-07,3.86276073e-03,2.50380325e+01
4.39999998e-01,4.56638134e-07,1.30336787e-06,5.46096824e-03,2.53813934e+01
4.79999989e-01,7.96993902e-07,2.45022738e-06,7.79880071e-03,2.57300987e+01
5.19999981e-01,2.07233916e-06,6.53499501e-06,1.14292111e-02,2.60553074e+01
5.60000002e-01,3.22376400e-06,1.06733332e-05,1.64940488e-02,2.64145241e+01
6.00000024e-01,7.74522869e-06,2.34727777e-05,2.57861800e-02,2.67858105e+01
6.41029537e-01,2.53357921e-05,6.20998107e-05,3.48098502e-02,2.72023621e+01
6.83115125e-01,4.89044032e-05,1.17312054e-04,4.73666191e-02,2.76312561e+01
7.26283848e-01,9.33865376e-05,2.16227141e-04,6.66075051e-02,2.81314354e+01
7.70563781e-01,1.42779769e-04,3.50487651e-04,8.98094550e-02,2.86747875e+01
8.15983355e-01,2.42007547e-04,5.90378244e-04,1.18352160e-01,2.92407265e+01
8.62571895e-01,5.56627579e-04,1.37588172e-03,1.64427444e-01,2.99028721e+01
9.10359621e-01,1.78114069e-03,4.24566679e-03,2.29243696e-01,3.05607300e+01
9.59377348e-01,5.05385455e-03,9.42857563e-03,3.22046340e-01,3.11729603e+01
1.00965667e+00,8.73917621e-03,1.41452299e-02,4.42195088e-01,3.19954033e+01
1.06123006e+00,1.47959674e-02,2.12948844e-02,6.51771665e-01,3.26658173e+01
1.11413085e+00,1.76955406e-02,2.28102431e-02,9.48739052e-01,3.35440063e+01
1.16839325e+00,1.77947246e-02,2.07776818e-02,1.24843991e+00,3.41008987e+01
1.22405231e+00,1.58819705e-02,1.76047478e-02,1.53260398e+00,3.44057045e+01
1.28114390e+00,1.49640366e-02,1.62199996e-02,1.84922552e+00,3.43485718e+01
1.33970511e+00,1.52233616e-02,1.64787099e-02,2.13361979e+00,3.54618301e+01
1.39977336e+00,2.07098242e+04,2.89956426e+04,1.95159648e+04,1.27845837e+03
1.46138775e+00,2.67863184e+04,3.74597812e+04,2.27349160e+04,1.43045508e+03
1.52458799e+00,1.73544648e+04,2.42657109e+04,1.48932432e+04,1.06734326e+03
1.58941495e+00,1.66598027e+04,2.33064277e+04,1.48093770e+04,1.24412244e+03
1.65591037e+00,1.53717773e+04,2.15059062e+04,1.37213086e+04,1.17893848e+03
1.72411728e+00,1.35869248e+04,1.90094512e+04,1.21629668e+04,1.10404944e+03
1.79407966e+00,1.21740010e+04,1.70351934e+04,1.10241055e+04,1.10345312e+03
1.86584306e+00,1.16666191e+04,1.63300508e+04,1.07925420e+04,1.22967798e+03
1.93945324e+00,1.22830781e+04,1.72001523e+04,1.17157842e+04,1.54614783e+03
2.01495814e+00,1.42976641e+04,2.00296289e+04,1.40871465e+04,2.08351611e+03
2.09240627e+00,1.74895059e+04,2.45086094e+04,1.76761758e+04,2.78148389e+03
2.17184782e+00,2.10938633e+04,2.95639570e+04,2.16134180e+04,3.38545117e+03
2.25333428e+00,2.42492422e+04,3.39861055e+04,2.48663691e+04,3.68050537e+03
2.33691788e+00,2.61111445e+04,3.65903281e+04,2.64827480e+04,3.55399609e+03
2.42265272e+00,2.60989648e+04,3.65639922e+04,2.59240938e+04,3.06901367e+03
2.51059437e+00,2.43133516e+04,3.40519961e+04,2.35347090e+04,2.45350244e+03
2.60079956e+00,2.17139551e+04,3.04025234e+04,2.04900234e+04,1.94951074e+03
2.69332647e+00,1.91439648e+04,2.67975117e+04,1.76661152e+04,1.59608972e+03
2.78823495e+00,1.68516289e+04,2.35844414e+04,1.52994600e+04,1.38279175e+03
2.88558602e+00,1.50199287e+04,2.10192324e+04,1.35417324e+04,1.28394763e+03
2.98544264e+00,1.38073984e+04,1.93233379e+04,1.24985332e+04,1.27181641e+03
3.08786964e+00,1.32189336e+04,1.85025898e+04,1.21024883e+04,1.34550537e+03
3.19293284e+00,1.30097246e+04,1.82122852e+04,1.20247588e+04,1.39221326e+03
3.30070019e+00,1.27784863e+04,1.78898418e+04,1.18745615e+04,1.45109241e+03
3.41124129e+00,1.23901416e+04,1.73478359e+04,1.16092783e+04,1.50350989e+03
3.52462745e+00,1.21438398e+04,1.70057363e+04,1.15221934e+04,1.59777869e+03
3.64093208e+00,1.21509932e+04,1.70185664e+04,1.16745156e+04,1.71823645e+03
3.76023054e+00,1.23703770e+04,1.73289102e+04,1.20562969e+04,1.88049536e+03
3.88259912e+00,1.31051064e+04,1.83614531e+04,1.29582734e+04,2.06304053e+03
4.00811720e+00,1.44141816e+04,2.01979258e+04,1.43843457e+04,2.32859033e+03
4.13686609e+00,1.61012793e+04,2.25637285e+04,1.61974365e+04,2.66995874e+03
4.26892853e+00,1.85346934e+04,2.59763418e+04,1.88696504e+04,3.19568652e+03
4.40439081e+00,2.19554102e+04,3.07726172e+04,2.25900703e+04,3.79665381e+03
4.54333878e+00,2.53408027e+04,3.55165391e+04,2.61120312e+04,4.14477686e+03
4.68586397e+00,2.73553164e+04,3.83346328e+04,2.79164688e+04,4.01034790e+03
4.83205652e+00,2.76484961e+04,3.87367500e+04,2.76938359e+04,3.52648633e+03
4.98201227e+00,2.64720234e+04,3.70787734e+04,2.59073242e+04,2.94880664e+03
5.13582754e+00,2.44222070e+04,3.41989453e+04,2.33495352e+04,2.43959448e+03
5.29360199e+00,2.20836797e+04,3.09177773e+04,2.07031113e+04,2.06753638e+03
5.45543718e+00,1.99403574e+04,2.79129219e+04,1.84303594e+04,1.81883289e+03
5.62143755e+00,1.80820117e+04,2.53091680e+04,1.65670117e+04,1.66309766e+03
5.79171038e+00,1.64909375e+04,2.30818516e+04,1.50852842e+04,1.57850122e+03
5.96636629e+00,1.54358809e+04,2.16060723e+04,1.41623525e+04,1.56067834e+03
6.14551687e+00,1.45743838e+04,2.04017637e+04,1.34522764e+04,1.55075879e+03
6.32927942e+00,1.40851055e+04,1.97193203e+04,1.31298271e+04,1.61221228e+03
6.51777077e+00,1.39451738e+04,1.95254375e+04,1.31132988e+04,1.66806665e+03
6.71111441e+00,1.39076562e+04,1.94754180e+04,1.32220000e+04,1.76708887e+03
6.90943432e+00,1.45740020e+04,2.04110137e+04,1.40047031e+04,1.92641711e+03
7.11285782e+00,1.50109326e+04,2.10250391e+04,1.45595938e+04,2.05759009e+03
7.32151794e+00,1.60132129e+04,2.24312441e+04,1.56620322e+04,2.24184131e+03
7.53554821e+00,1.71198008e+04,2.39805352e+04,1.67395586e+04,2.42366138e+03
7.75508738e+00,1.55976807e+04,2.18512734e+04,1.54209775e+04,2.35866357e+03
7.98027754e+00,1.70065801e+04,2.38295938e+04,1.70276484e+04,2.64274609e+03
8.21126270e+00,1.87297695e+04,2.62430078e+04,1.87344414e+04,2.83907520e+03
8.44819450e+00,1.71682168e+04,2.40569258e+04,1.72854688e+04,2.65702710e+03
8.69122219e+00,2.11086074e+04,2.95784531e+04,2.12187422e+04,3.05256348e+03
8.94050789e+00,2.75470020e+04,3.85917031e+04,2.72128672e+04,3.45584888e+03
9.19620800e+00,2.57252031e+04,3.60310391e+04,2.49629902e+04,2.92303784e+03
9.45849037e+00,2.49077539e+04,3.48807969e+04,2.37992344e+04,2.68123999e+03
9.72752285e+00,2.53307012e+04,3.54606680e+04,2.36255625e+04,2.56822632e+03
1.00034800e+01,2.11189023e+04,2.95600898e+04,1.95391758e+04,2.19730054e+03
1.02865391e+01,1.61798408e+04,2.26442363e+04,1.49262715e+04,1.77381641e+03
1.05768833e+01,1.15509033e+04,1.61723877e+04,1.10158965e+04,1.55532373e+03
1.08747025e+01,1.28127598e+04,1.79520039e+04,1.27833613e+04,1.95982678e+03
1.11801853e+01,1.63374629e+04,2.28872285e+04,1.61543594e+04,2.29080591e+03
1.14935322e+01,1.52946934e+04,2.14223359e+04,1.50237881e+04,2.10489917e+03
1.18149433e+01,1.60146426e+04,2.24405664e+04,1.61601318e+04,2.32449487e+03
1.21446266e+01,1.95845664e+04,2.74375391e+04,1.95144121e+04,2.56648022e+03
1.24827967e+01,1.82122090e+04,2.55046016e+04,1.77647344e+04,2.14509839e+03
1.28296700e+01,1.31945566e+04,1.84747734e+04,1.29076953e+04,1.59318970e+03
1.31854706e+01,1.07048936e+04,1.49916895e+04,1.07639785e+04,1.37857166e+03
1.35504293e+01,1.08539365e+04,1.52022324e+04,1.11149619e+04,1.42841064e+03
1.39247818e+01,1.24198633e+04,1.74017656e+04,1.30420576e+04,1.75896912e+03
1.43087692e+01,1.51534375e+04,2.12358535e+04,1.60660527e+04,2.18524585e+03
1.47026405e+01,1.76895547e+04,2.47831855e+04,1.85112070e+04,2.39519702e+03
1.51066484e+01,1.85849785e+04,2.60363516e+04,1.95532988e+04,2.49306665e+03
1.55210552e+01,2.10647930e+04,2.95054199e+04,2.20047949e+04,2.67059546e+03
1.59461288e+01,2.13001445e+04,2.98274160e+04,2.21280938e+04,2.50743774e+03
1.63821430e+01,1.77865254e+04,2.49078633e+04,1.90557637e+04,2.08731860e+03
1.68293781e+01,1.56187393e+04,2.18772422e+04,1.74446660e+04,1.90804980e+03
1.72881241e+01,1.33463535e+04,1.87046270e+04,1.56220889e+04,1.74026721e+03
1.77586803e+01,1.10798262e+04,1.55478047e+04,1.38415879e+04,1.60884155e+03
1.82413464e+01,1.11422041e+04,1.56563389e+04,1.43647910e+04,1.72043372e+03
1.87364349e+01,1.48688066e+04,2.09021445e+04,1.83452676e+04,2.10476538e+03
1.92442665e+01,2.17570879e+04,3.05862949e+04,2.44018359e+04,2.46712280e+03
1.97651691e+01,3.02151016e+04,4.24846445e+04,3.04081973e+04,2.72648535e+03
2.02994785e+01,3.43459609e+04,4.82286562e+04,3.10218691e+04,2.61529297e+03
2.08475418e+01,3.09642637e+04,4.33727695e+04,2.59278008e+04,2.14173022e+03
2.14097099e+01,2.61946621e+04,3.66748789e+04,2.07088438e+04,1.74600659e+03
2.19863453e+01,2.33152285e+04,3.26399102e+04,1.75458438e+04,1.58856787e+03
2.25778236e+01,2.31492559e+04,3.23375273e+04,1.66980293e+04,1.50624902e+03
2.31845264e+01,2.35205078e+04,3.27854219e+04,1.68125137e+04,1.52437219e+03
2.38068466e+01,2.36123711e+04,3.28773594e+04,1.68341016e+04,1.63932373e+03
2.44451809e+01,2.20271426e+04,3.06433086e+04,1.58338906e+04,1.46476135e+03
2.50999470e+01,1.81695391e+04,2.52572578e+04,1.30290908e+04,1.04259338e+03
2.57715645e+01,1.43409355e+04,1.99257051e+04,1.01823193e+04,6.94429626e+02
2.64604683e+01,1.10635850e+04,1.53768105e+04,7.67469287e+03,4.40468872e+02
2.71671047e+01,8.93905273e+03,1.24274238e+04,5.99752148e+03,2.80175476e+02
2.78919277e+01,6.58812207e+03,9.16168848e+03,4.48868701e+03,2.09048447e+02
2.86354065e+01,5.34720312e+03,7.44230127e+03,3.76658154e+03,1.87295410e+02
2.93980217e+01,4.67755420e+03,6.51558740e+03,3.39993066e+03,1.83731140e+02
3.01802654e+01,3.65977539e+03,5.09424561e+03,2.48002173e+03,8.29272461e+01
3.09826431e+01,1.72382031e+03,2.38696069e+03,8.06780029e+02,5.72684145e+00
3.18056717e+01,4.30971130e+02,5.88873596e+02,7.94153366e+01,1.31343445e-02
3.26498833e+01,2.12966095e+02,2.88694275e+02,1.52580881e+01,2.22621625e-03
3.35158234e+01,1.31289581e+02,1.77011322e+02,8.09238625e+00,2.53689504e-05
3.44040565e+01,8.57136612e+01,1.15343948e+02,5.47276020e+00,2.28066765e-05
3.53151436e+01,6.05335808e+01,8.15125198e+01,3.70272279e+00,1.17329655e-05
3.62496834e+01,3.31787720e+01,4.46708832e+01,1.95254064e+00,6.21980962e-06
3.72082787e+01,1.14399681e+01,1.53202105e+01,6.24867022e-01,3.65310530e-06
3.81915474e+01,2.12726426e+00,2.83902168e+00,1.20681159e-01,1.41671148e-06
3.92001228e+01,1.91908762e-01,2.43517995e-01,6.30047347e-04,3.18751830e-07
4.02346535e+01,1.08179212e-01,1.39272034e-01,2.43039758e-04,9.26698505e-08
4.12958107e+01,4.02935408e-02,5.17595634e-02,3.60791673e-05,2.72791780e-08
4.23842850e+01,8.57337937e-03,1.08353216e-02,2.48186498e-05,1.93272793e-08
4.35007744e+01,2.00680760e-03,2.53282092e-03,6.16939769e-06,1.17552448e-08
4.46459999e+01,7.36529124e-04,9.22987179e-04,3.13659075e-06,4.45760362e-09
4.58207016e+01,1.48417821e-04,1.83434458e-04,1.12062344e-06,1.25742172e-09
4.70256386e+01,1.04063793e-05,1.26550294e-05,1.15990268e-07,4.63460693e-11
4.82615852e+01,5.70088446e-07,6.88461398e-07,7.89898102e-09,1.78848635e-12
4.95293465e+01,5.20377803e-08,6.56659012e-08,8.61940408e-10,1.37166062e-13
5.08297386e+01,3.15053872e-09,4.00070821e-09,5.49000775e-11,5.48104348e-15
5.21635971e+01,2.03214195e-10,2.61392075e-10,3.82015600e-12,3.33478301e-16
5.35317917e+01,1.03895677e-11,1.34623085e-11,2.26140368e-13,1.94402863e-17
5.49351997e+01,3.71794392e-13,4.81517007e-13,9.05642206e-15,7.43266500e-19
5.63747253e+01,7.91918462e-15,1.01488608e-14,2.07443094e-16,2.47321769e-20
5.78513031e+01,1.07447440e-16,1.34888951e-16,1.92859145e-18,7.98766726e-22
5.93278885e+01,2.43313978e-18,3.21296327e-18,1.14790996e-20,1.59124226e-23
6.08044662e+01,4.76523564e-20,6.15640803e-20,5.15167470e-22,2.27229066e-25
6.22810478e+01,2.26436856e-21,2.82244304e-21,3.34104050e-23,8.32550318e-27
6.37576256e+01,7.46933895e-23,9.47260704e-23,8.35470949e-25,2.99720922e-28
6.52341995e+01,2.50709856e-24,3.16381304e-24,2.26441876e-26,9.43925199e-30
6.67107849e+01,8.73163142e-26,1.10929830e-25,7.46466806e-28,3.30628099e-31
6.81873703e+01,3.08638748e-27,3.88775576e-27,2.72051929e-29,1.14783019e-32
6.96639481e+01,1.30305327e-28,1.64056081e-28,1.10611169e-30,4.89258014e-34
7.11405258e+01,6.71566129e-30,8.45208048e-30,6.01840354e-32,2.54038162e-35
7.26171036e+01,3.77163240e-31,4.75405651e-31,3.48686448e-33,1.41856677e-36
7.40936813e+01,2.21576424e-32,2.80081042e-32,2.06493491e-34,8.19381251e-38
7.55702591e+01,1.24278791e-33,1.58149320e-33,1.15507315e-35,4.49536547e-39
7.70468445e+01,6.11472244e-35,7.75556160e-35,5.58984953e-37,1.94780487e-40
7.85234222e+01,2.24548245e-36,2.83964574e-36,2.01170408e-38,0.00000000e+00
8.00000000e+01,4.93341137e-38,6.22877167e-38,3.53127213e-40,0.00000000e+00
