Height (km), 7_8 um ash conc (g/kg), 15_6 um ash conc (g/kg), 125 um ash conc (g/kg), 1 mm ash conc (g/kg)
0.00000000e+00,0.00000000e+00,0.00000000e+00,0.00000000e+00,0.00000000e+00
3.99999991e-02,8.01450106e-09,1.57530913e-08,1.86356664e-01,3.52855453e+01
7.99999982e-02,1.38675542e-08,3.04525472e-08,2.75730312e-01,4.15040588e+01
1.19999997e-01,1.97370760e-08,4.59073490e-08,3.21008325e-01,4.63673019e+01
1.59999996e-01,2.96947000e-08,7.09355987e-08,3.82916033e-01,5.11640396e+01
2.00000003e-01,4.43985471e-08,1.08821880e-07,4.54095364e-01,5.24020805e+01
2.39999995e-01,7.10283672e-08,1.77840349e-07,5.37162185e-01,5.56410065e+01
2.80000001e-01,1.22594727e-07,3.11808208e-07,6.50250137e-01,5.69654846e+01
3.19999993e-01,2.20425989e-07,5.70417910e-07,7.86220789e-01,5.96553383e+01
3.60000014e-01,3.93570872e-07,1.00987961e-06,9.89425898e-01,6.12770920e+01
4.00000006e-01,6.53591769e-07,1.66541668e-06,1.24359989e+00,6.42294464e+01
4.39999998e-01,1.10554492e-06,2.77844333e-06,1.58196056e+00,6.70119781e+01
4.79999989e-01,1.94285667e-06,4.73741375e-06,1.98631215e+00,6.86376495e+01
5.19999981e-01,3.48653475e-06,8.34566163e-06,2.28183794e+00,7.28137970e+01
5.60000002e-01,5.81000040e-06,1.32820942e-05,2.56041908e+00,7.33334656e+01
6.00000024e-01,1.15221583e-05,2.66084317e-05,2.51213932e+00,7.37648468e+01
6.41029537e-01,2.46029886e-05,6.39881036e-05,2.41004610e+00,7.54825592e+01
6.83115125e-01,6.55806725e-05,1.65283127e-04,2.17506075e+00,7.74257660e+01
7.26283848e-01,1.68605882e-04,4.03261889e-04,2.12439990e+00,7.78369751e+01
7.70563781e-01,3.32493073e-04,7.73570442e-04,2.16860723e+00,8.08246460e+01
8.15983355e-01,6.41735154e-04,1.59300235e-03,2.03807116e+00,7.89874802e+01
8.62571895e-01,1.14071323e-03,2.69781030e-03,2.15398836e+00,8.56371307e+01
9.10359621e-01,2.18254793e-03,5.26886014e-03,2.24685311e+00,8.29447632e+01
9.59377348e-01,3.99452401e-03,8.99098068e-03,2.45161748e+00,9.25931168e+01
1.00965667e+00,7.84038566e-03,1.74729824e-02,2.69618177e+00,8.76654739e+01
1.06123006e+00,1.27357505e-02,2.94969827e-02,3.12610817e+00,9.96990967e+01
1.11413085e+00,2.58667395e-02,5.99129647e-02,3.48817301e+00,9.47732849e+01
1.16839325e+00,5.09146303e-02,1.03234760e-01,3.93522739e+00,1.06086205e+02
1.22405231e+00,7.06205666e-02,1.33749783e-01,4.39033699e+00,1.03390778e+02
1.28114390e+00,8.36625844e-02,1.47315651e-01,4.66757917e+00,1.11658516e+02
1.33970511e+00,9.24506634e-02,1.51624694e-01,4.51819801e+00,1.11783340e+02
1.39977336e+00,2.06492734e+04,2.89102070e+04,1.94137852e+04,1.33881519e+03
1.46138775e+00,2.60007461e+04,3.63607891e+04,2.20855938e+04,1.46533765e+03
1.52458799e+00,1.62493047e+04,2.27229727e+04,1.40622959e+04,1.13135657e+03
1.58941495e+00,1.63372617e+04,2.28620234e+04,1.48441250e+04,1.43453809e+03
1.65591037e+00,1.70205332e+04,2.38221055e+04,1.56326348e+04,1.52585925e+03
1.72411728e+00,1.67363242e+04,2.34224121e+04,1.52505879e+04,1.44549573e+03
1.79407966e+00,1.51271045e+04,2.11670078e+04,1.36211230e+04,1.28746606e+03
1.86584306e+00,1.29568721e+04,1.81291133e+04,1.16126680e+04,1.14526331e+03
1.93945324e+00,1.14139629e+04,1.59727520e+04,1.03296006e+04,1.13267944e+03
2.01495814e+00,1.10831367e+04,1.55147891e+04,1.02491289e+04,1.25533276e+03
2.09240627e+00,1.19357715e+04,1.67150820e+04,1.13663164e+04,1.55105835e+03
2.17184782e+00,1.39698789e+04,1.95703359e+04,1.36603750e+04,2.01121655e+03
2.25333428e+00,1.72241934e+04,2.41346328e+04,1.72131758e+04,2.69406396e+03
2.33691788e+00,2.09130742e+04,2.93061680e+04,2.11521387e+04,3.31096240e+03
2.42265272e+00,2.31943086e+04,3.25008555e+04,2.34119609e+04,3.53237012e+03
2.51059437e+00,2.33734570e+04,3.27485996e+04,2.34419199e+04,3.38750732e+03
2.60079956e+00,2.24884570e+04,3.15055723e+04,2.23852695e+04,3.09184595e+03
2.69332647e+00,2.11956953e+04,2.96905684e+04,2.08592344e+04,2.70169263e+03
2.78823495e+00,1.93249570e+04,2.70663125e+04,1.87738359e+04,2.31233203e+03
2.88558602e+00,1.77915000e+04,2.49164883e+04,1.71263066e+04,2.04694836e+03
2.98544264e+00,1.69477988e+04,2.37337773e+04,1.62108584e+04,1.92615503e+03
3.08786964e+00,1.63821875e+04,2.29409531e+04,1.56020381e+04,1.86017700e+03
3.19293284e+00,1.69677871e+04,2.37635020e+04,1.62283535e+04,2.00584570e+03
3.30070019e+00,1.86136934e+04,2.60682734e+04,1.77478203e+04,2.15852148e+03
3.41124129e+00,1.86878320e+04,2.61696484e+04,1.77364297e+04,2.20805371e+03
3.52462745e+00,1.87645059e+04,2.62755020e+04,1.77486055e+04,2.20116797e+03
3.64093208e+00,1.84361523e+04,2.58122090e+04,1.72872285e+04,2.16070508e+03
3.76023054e+00,1.69689766e+04,2.37562305e+04,1.58430781e+04,2.00966321e+03
3.88259912e+00,1.49198486e+04,2.08871992e+04,1.39330791e+04,1.84737781e+03
4.00811720e+00,1.31565605e+04,1.84216133e+04,1.24282373e+04,1.75697620e+03
4.13686609e+00,1.26047930e+04,1.76526562e+04,1.20689922e+04,1.77221765e+03
4.26892853e+00,1.26165781e+04,1.76701309e+04,1.21358320e+04,1.79181055e+03
4.40439081e+00,1.28010742e+04,1.79310742e+04,1.24498242e+04,1.90998560e+03
4.54333878e+00,1.38254277e+04,1.93713281e+04,1.37030547e+04,2.18055518e+03
4.68586397e+00,1.66048457e+04,2.32704531e+04,1.66805879e+04,2.63867651e+03
4.83205652e+00,1.94459141e+04,2.72493691e+04,1.94455117e+04,2.93118848e+03
4.98201227e+00,1.95894922e+04,2.74479414e+04,1.95307461e+04,2.94674219e+03
5.13582754e+00,1.99415781e+04,2.79402988e+04,1.98773711e+04,2.93137305e+03
5.29360199e+00,2.03197578e+04,2.84669453e+04,2.01075957e+04,2.85076855e+03
5.45543718e+00,1.98073828e+04,2.77457148e+04,1.94141699e+04,2.59802588e+03
5.62143755e+00,1.89979004e+04,2.66072891e+04,1.83763242e+04,2.36684131e+03
5.79171038e+00,1.77156660e+04,2.48077539e+04,1.69502441e+04,2.11974634e+03
5.96636629e+00,1.63272188e+04,2.28631270e+04,1.55956191e+04,2.02015747e+03
6.14551687e+00,1.57347734e+04,2.20338516e+04,1.50231396e+04,1.93035669e+03
6.32927942e+00,1.54545957e+04,2.16399883e+04,1.46753682e+04,1.92984460e+03
6.51777077e+00,1.45928076e+04,2.04329238e+04,1.38410752e+04,1.81374194e+03
6.71111441e+00,1.37278379e+04,1.92234551e+04,1.30787949e+04,1.79608594e+03
6.90943432e+00,1.34399541e+04,1.88202324e+04,1.28000439e+04,1.72112415e+03
7.11285782e+00,1.31011367e+04,1.83452852e+04,1.24834902e+04,1.74242432e+03
7.32151794e+00,1.29150107e+04,1.80859570e+04,1.23879766e+04,1.75083691e+03
7.53554821e+00,1.32156914e+04,1.85083008e+04,1.27562705e+04,1.87034045e+03
7.75508738e+00,1.35590459e+04,1.89900273e+04,1.31378066e+04,1.91864624e+03
7.98027754e+00,1.35726045e+04,1.90094727e+04,1.31742656e+04,1.94736304e+03
8.21126270e+00,1.27662051e+04,1.78810234e+04,1.24299893e+04,1.83617993e+03
8.44819450e+00,1.18511357e+04,1.66000703e+04,1.15681367e+04,1.73175684e+03
8.69122219e+00,1.13649531e+04,1.59185264e+04,1.10844277e+04,1.63693481e+03
8.94050789e+00,1.11412803e+04,1.56057334e+04,1.09218672e+04,1.64438586e+03
9.19620800e+00,1.24074287e+04,1.73791973e+04,1.21797744e+04,1.78680164e+03
9.45849037e+00,1.40707090e+04,1.97056387e+04,1.36801338e+04,1.89670422e+03
9.72752285e+00,1.42014395e+04,1.98878203e+04,1.37897881e+04,1.88003625e+03
1.00034800e+01,1.43025283e+04,2.00274043e+04,1.38929707e+04,1.87758484e+03
1.02865391e+01,1.31635371e+04,1.84316094e+04,1.28950205e+04,1.76595483e+03
1.05768833e+01,1.13852812e+04,1.59445020e+04,1.14505518e+04,1.63263904e+03
1.08747025e+01,1.01239160e+04,1.41814033e+04,1.04831914e+04,1.55205139e+03
1.11801853e+01,9.77807910e+03,1.36997646e+04,1.03323711e+04,1.57282031e+03
1.14935322e+01,1.08964512e+04,1.52684961e+04,1.15430000e+04,1.74539575e+03
1.18149433e+01,1.20222061e+04,1.68463223e+04,1.26982402e+04,1.87449915e+03
1.21446266e+01,1.25857871e+04,1.76351621e+04,1.32997158e+04,1.89204895e+03
1.24827967e+01,1.32137422e+04,1.85129336e+04,1.39777100e+04,1.90790540e+03
1.28296700e+01,1.35128760e+04,1.89341582e+04,1.45099434e+04,1.96288306e+03
1.31854706e+01,1.48161240e+04,2.07626914e+04,1.60000586e+04,2.08778027e+03
1.35504293e+01,1.58700918e+04,2.22378730e+04,1.70814551e+04,2.11777417e+03
1.39247818e+01,1.62785195e+04,2.28135508e+04,1.76853750e+04,2.15447070e+03
1.43087692e+01,1.74248965e+04,2.44230039e+04,1.89082539e+04,2.24276025e+03
1.47026405e+01,1.86552891e+04,2.61480820e+04,2.02440000e+04,2.40144214e+03
1.51066484e+01,2.07076992e+04,2.90251836e+04,2.22122500e+04,2.51514160e+03
1.55210552e+01,2.06765586e+04,2.89836465e+04,2.21501816e+04,2.45098877e+03
1.59461288e+01,2.20413027e+04,3.08996465e+04,2.39083828e+04,2.69216797e+03
1.63821430e+01,2.51286289e+04,3.52312969e+04,2.69415000e+04,2.84126636e+03
1.68293781e+01,2.38909863e+04,3.35017930e+04,2.54516094e+04,2.45369824e+03
1.72881241e+01,1.90745449e+04,2.67662930e+04,2.07347988e+04,1.94143494e+03
1.77586803e+01,1.51200332e+04,2.12476250e+04,1.69811973e+04,1.75606934e+03
1.82413464e+01,1.33454336e+04,1.87868984e+04,1.54341250e+04,1.78560095e+03
1.87364349e+01,1.52038711e+04,2.14089453e+04,1.69218320e+04,1.81800562e+03
1.92442665e+01,1.87598047e+04,2.63864160e+04,1.89136719e+04,1.95372217e+03
1.97651691e+01,2.11276250e+04,2.96656016e+04,1.92502148e+04,1.96803174e+03
2.02994785e+01,2.28132988e+04,3.19503242e+04,1.93109238e+04,2.05182959e+03
2.08475418e+01,2.16202812e+04,3.02245371e+04,1.74736152e+04,1.88913208e+03
2.14097099e+01,2.23158184e+04,3.11973008e+04,1.79886562e+04,2.01178516e+03
2.19863453e+01,2.47706562e+04,3.46143945e+04,1.95453398e+04,2.11545264e+03
2.25778236e+01,2.57562422e+04,3.59633594e+04,2.02900566e+04,2.32071191e+03
2.31845264e+01,2.56427773e+04,3.57791992e+04,2.05207559e+04,2.30388135e+03
2.38068466e+01,2.48783262e+04,3.47071914e+04,2.03810254e+04,2.19786597e+03
2.44451809e+01,2.57549746e+04,3.59503359e+04,2.17619609e+04,2.17699170e+03
2.50999470e+01,3.04614551e+04,4.25322617e+04,2.57454668e+04,2.17761743e+03
2.57715645e+01,2.84604102e+04,3.97262656e+04,2.32357148e+04,2.06664209e+03
2.64604683e+01,2.95205215e+04,4.12697188e+04,2.65857188e+04,2.59466602e+03
2.71671047e+01,3.59533945e+04,5.02511016e+04,3.04290586e+04,1.69044080e+03
2.78919277e+01,1.96119961e+04,2.73368984e+04,1.34335762e+04,2.39595612e+02
2.86354065e+01,4.41428320e+03,6.11579736e+03,1.94515613e+03,4.00589228e+00
2.93980217e+01,9.97661011e+02,1.37400916e+03,3.35437897e+02,2.29852390e+00
3.01802654e+01,8.15044983e+02,1.12263391e+03,2.81638123e+02,5.92111647e-01
3.09826431e+01,4.93120178e+02,6.75389343e+02,1.15135139e+02,1.29638230e-02
3.18056717e+01,1.72874481e+02,2.33321838e+02,1.13655167e+01,5.27557125e-03
3.26498833e+01,8.84294281e+01,1.18582298e+02,4.64457607e+00,2.75128346e-04
3.35158234e+01,4.34133186e+01,5.77778854e+01,1.27012157e+00,3.49552793e-05
3.44040565e+01,2.34812298e+01,3.11844864e+01,5.78809798e-01,1.13493052e-05
3.53151436e+01,1.19700422e+01,1.58558750e+01,1.97999939e-01,8.82463519e-06
3.62496834e+01,4.33485937e+00,5.67061520e+00,3.06147318e-02,3.67596476e-06
3.72082787e+01,1.82951844e+00,2.37846398e+00,8.61909892e-03,1.59031856e-06
3.81915474e+01,7.84995258e-01,1.01263690e+00,1.43706251e-03,5.66409994e-07
3.92001228e+01,2.57648170e-01,3.27456951e-01,3.14216421e-04,2.08906613e-07
4.02346535e+01,6.24450669e-02,7.80740753e-02,7.82386196e-05,8.18289507e-08
4.12958107e+01,1.17342966e-02,1.44116040e-02,1.62197939e-05,2.22127081e-08
4.23842850e+01,1.57120591e-03,1.89529255e-03,2.24201017e-06,2.46169818e-09
4.35007744e+01,2.28377481e-04,2.71731114e-04,5.11758799e-07,1.81347257e-10
4.46459999e+01,3.51506060e-05,4.11333931e-05,1.35326772e-07,3.42096733e-11
4.58207016e+01,3.71707893e-06,4.33446849e-06,2.12756532e-08,3.75730697e-12
4.70256386e+01,2.21202441e-07,2.66451167e-07,1.43743983e-09,3.57782922e-13
4.82615852e+01,1.40138914e-08,1.67008700e-08,1.13155464e-10,1.82301260e-14
4.95293465e+01,7.95486454e-10,9.58426671e-10,7.63632040e-12,9.70335957e-16
5.08297386e+01,4.91975766e-11,6.01325170e-11,4.04932923e-13,4.73252726e-17
5.21635971e+01,2.16137394e-12,2.66329949e-12,1.36483266e-14,4.06614527e-18
5.35317917e+01,1.13902594e-13,1.41151644e-13,2.83065388e-16,7.79568613e-20
5.49351997e+01,4.93255280e-15,6.06529758e-15,3.07264345e-17,6.08211041e-21
5.63747253e+01,1.47411036e-16,1.74243505e-16,1.14527219e-18,8.73870891e-23
5.78513031e+01,1.32648453e-17,1.60050416e-17,1.73135817e-20,2.75936859e-24
5.93278885e+01,2.39434036e-20,2.73842181e-20,1.76426154e-21,4.16927749e-26
6.08044662e+01,1.20251689e-20,1.45638702e-20,1.62261415e-23,2.25622982e-27
6.22810478e+01,3.80762522e-23,5.27711910e-23,2.15355556e-24,1.08399294e-28
6.37576256e+01,1.35105462e-23,1.66844665e-23,3.09787619e-26,4.26371813e-30
6.52341995e+01,8.40924246e-26,1.17590466e-25,2.62390333e-27,1.66838959e-31
6.67107849e+01,1.52753377e-26,1.95735989e-26,7.85722181e-29,8.77259238e-33
6.81873703e+01,3.16325712e-28,4.20607018e-28,4.83128705e-30,3.55635347e-34
6.96639481e+01,2.98226099e-29,3.93560775e-29,2.52742429e-31,2.57459723e-35
7.11405258e+01,1.29911310e-30,1.76133553e-30,1.84228279e-32,1.45090586e-36
7.26171036e+01,1.11782436e-31,1.48112770e-31,1.13403549e-33,1.08034506e-37
7.40936813e+01,5.64796420e-33,7.50343758e-33,6.93617374e-35,6.09424702e-39
7.55702591e+01,3.02586664e-34,4.01135014e-34,3.56878729e-36,2.57838917e-40
7.70468445e+01,1.15050067e-35,1.52932533e-35,1.49853456e-37,0.00000000e+00
7.85234222e+01,3.22046413e-37,4.29154672e-37,4.33982134e-39,0.00000000e+00
8.00000000e+01,9.85953599e-39,1.32983224e-38,2.80259693e-42,0.00000000e+00
