Height (km), 7_8 um ash conc (g/kg), 15_6 um ash conc (g/kg), 125 um ash conc (g/kg), 1 mm ash conc (g/kg)
0.00000000e+00,0.00000000e+00,0.00000000e+00,0.00000000e+00,0.00000000e+00
3.99999991e-02,1.31635752e-27,1.82089589e-27,2.70310277e-27,6.21748924e+01
7.99999982e-02,7.86033270e-26,1.11546239e-25,2.76029136e-25,6.81511612e+01
1.19999997e-01,1.92564300e-25,2.78953591e-25,1.15295690e-24,7.08625336e+01
1.59999996e-01,3.36654403e-25,4.88304309e-25,2.07089536e-24,7.58893280e+01
2.00000003e-01,5.61278725e-25,8.14473148e-25,3.49804276e-24,7.68293076e+01
2.39999995e-01,9.18821894e-25,1.33375790e-24,5.81654440e-24,8.10942993e+01
2.80000001e-01,1.44656944e-24,2.10046049e-24,9.27805580e-24,8.27395935e+01
3.19999993e-01,2.18989207e-24,3.18073174e-24,1.42147466e-23,8.61711426e+01
3.60000014e-01,3.21836258e-24,4.67712278e-24,2.41112464e-23,8.76851349e+01
4.00000006e-01,4.63714607e-24,6.74881391e-24,6.03818812e-23,9.07025146e+01
4.39999998e-01,6.64538635e-24,9.70730499e-24,3.01585210e-22,9.19821625e+01
4.79999989e-01,1.26103123e-23,1.91291323e-23,1.62684148e-20,9.45831757e+01
5.19999981e-01,2.63520558e-21,4.82292220e-21,5.92254867e-18,9.57575989e+01
5.60000002e-01,1.55630969e-19,2.91455874e-19,4.46736505e-16,9.77534943e+01
6.00000024e-01,5.08299178e-18,8.73922107e-18,5.70693192e-14,9.89673309e+01
6.41029537e-01,5.61961510e-15,9.64997278e-15,2.15477757e-11,1.03530182e+02
6.83115125e-01,3.36956076e-13,5.88462113e-13,1.75060322e-09,1.01710091e+02
7.26283848e-01,1.65961425e-10,2.93606833e-10,9.69087992e-08,1.06029526e+02
7.70563781e-01,2.83082691e-09,5.10747800e-09,2.29509214e-06,1.04403503e+02
8.15983355e-01,2.37760830e-07,4.24216211e-07,1.56373262e-05,1.12988762e+02
8.62571895e-01,9.01232852e-07,1.65737674e-06,2.24339819e-05,1.06189507e+02
9.10359621e-01,4.32852266e-06,7.99853024e-06,2.30981332e-05,1.11313644e+02
9.59377348e-01,8.19313027e-06,1.50402684e-05,2.63154470e-05,1.10727020e+02
1.00965667e+00,1.59732481e-05,2.89416694e-05,2.74088234e-05,1.22280693e+02
1.06123006e+00,3.03808774e-05,5.32996746e-05,3.77628967e-05,1.10222565e+02
1.11413085e+00,4.18298805e-05,7.17014627e-05,5.35229556e-05,1.23202271e+02
1.16839325e+00,4.61998097e-05,7.84919321e-05,1.17707314e-04,1.11891800e+02
1.22405231e+00,4.52145941e-05,7.60597322e-05,3.17434664e-04,1.17254578e+02
1.28114390e+00,4.50925691e-05,7.53895074e-05,2.01743632e-03,1.15078918e+02
1.33970511e+00,8.17210239e-05,1.43769183e-04,7.73179624e-03,1.18619003e+02
1.39977336e+00,2.07011641e+04,2.89836133e+04,1.95080234e+04,1.40855396e+03
1.46138775e+00,2.63136992e+04,3.67974531e+04,2.23098516e+04,1.49104956e+03
1.52458799e+00,1.65227500e+04,2.31027773e+04,1.41833516e+04,1.13081360e+03
1.58941495e+00,1.56836270e+04,2.19440078e+04,1.41159121e+04,1.37714380e+03
1.65591037e+00,1.56584180e+04,2.19154492e+04,1.44028047e+04,1.51339050e+03
1.72411728e+00,1.58419395e+04,2.21761895e+04,1.47528662e+04,1.61618848e+03
1.79407966e+00,1.59795186e+04,2.23710488e+04,1.49876367e+04,1.68146509e+03
1.86584306e+00,1.59828115e+04,2.23767930e+04,1.50427979e+04,1.70950549e+03
1.93945324e+00,1.57337324e+04,2.20284785e+04,1.48242676e+04,1.70016492e+03
2.01495814e+00,1.53214727e+04,2.14518008e+04,1.44571807e+04,1.68453467e+03
2.09240627e+00,1.50537812e+04,2.10782344e+04,1.42591787e+04,1.70201477e+03
2.17184782e+00,1.51706309e+04,2.12437324e+04,1.44568672e+04,1.77338770e+03
2.25333428e+00,1.56994473e+04,2.19861797e+04,1.50553965e+04,1.89047119e+03
2.33691788e+00,1.64662344e+04,2.30615391e+04,1.58747129e+04,2.02856396e+03
2.42265272e+00,1.72697656e+04,2.41878789e+04,1.67143105e+04,2.15608960e+03
2.51059437e+00,1.78543945e+04,2.50068828e+04,1.73041914e+04,2.22920142e+03
2.60079956e+00,1.80000977e+04,2.52103691e+04,1.74239258e+04,2.22581543e+03
2.69332647e+00,1.77395938e+04,2.48447891e+04,1.71382305e+04,2.17184204e+03
2.78823495e+00,1.72794824e+04,2.41998359e+04,1.66609688e+04,2.09343701e+03
2.88558602e+00,1.66934141e+04,2.33783320e+04,1.60477891e+04,1.99372644e+03
2.98544264e+00,1.60652002e+04,2.24980703e+04,1.54067412e+04,1.90411121e+03
3.08786964e+00,1.57751504e+04,2.20921641e+04,1.51311943e+04,1.87863367e+03
3.19293284e+00,1.59709463e+04,2.23669238e+04,1.53368379e+04,1.91543188e+03
3.30070019e+00,1.63378574e+04,2.28810645e+04,1.57002422e+04,1.96810645e+03
3.41124129e+00,1.67568008e+04,2.34677773e+04,1.61076035e+04,2.02436987e+03
3.52462745e+00,1.71313359e+04,2.39921934e+04,1.64732812e+04,2.07701025e+03
3.64093208e+00,1.72391367e+04,2.41429316e+04,1.65763730e+04,2.09444727e+03
3.76023054e+00,1.69989668e+04,2.38061816e+04,1.63347715e+04,2.06645361e+03
3.88259912e+00,1.65338379e+04,2.31548652e+04,1.58966797e+04,2.02695178e+03
4.00811720e+00,1.61637803e+04,2.26372988e+04,1.55754365e+04,2.00523767e+03
4.13686609e+00,1.59649385e+04,2.23589980e+04,1.53901523e+04,1.97983252e+03
4.26892853e+00,1.58314893e+04,2.21721836e+04,1.52646807e+04,1.96628967e+03
4.40439081e+00,1.61118652e+04,2.25658281e+04,1.55832314e+04,2.02659717e+03
4.54333878e+00,1.68539199e+04,2.36058770e+04,1.63398594e+04,2.13264307e+03
4.68586397e+00,1.75870664e+04,2.46329512e+04,1.70687852e+04,2.22811499e+03
4.83205652e+00,1.81500117e+04,2.54211211e+04,1.76063730e+04,2.28392627e+03
4.98201227e+00,1.84153652e+04,2.57916719e+04,1.78175098e+04,2.28516479e+03
5.13582754e+00,1.82689453e+04,2.55854922e+04,1.76293867e+04,2.24009009e+03
5.29360199e+00,1.78669707e+04,2.50214980e+04,1.71903906e+04,2.16367065e+03
5.45543718e+00,1.72171016e+04,2.41103125e+04,1.65081250e+04,2.06078662e+03
5.62143755e+00,1.66918750e+04,2.33740391e+04,1.59633057e+04,1.98557434e+03
5.79171038e+00,1.64152305e+04,2.29862598e+04,1.56710566e+04,1.94422510e+03
5.96636629e+00,1.61392295e+04,2.25992578e+04,1.53790371e+04,1.90700330e+03
6.14551687e+00,1.62915996e+04,2.28126445e+04,1.55288633e+04,1.94153296e+03
6.32927942e+00,1.69901387e+04,2.37913594e+04,1.62189414e+04,2.03961157e+03
6.51777077e+00,1.74852441e+04,2.44843125e+04,1.66786738e+04,2.09658398e+03
6.71111441e+00,1.73458496e+04,2.42885156e+04,1.65303242e+04,2.09016187e+03
6.90943432e+00,1.69171660e+04,2.36882246e+04,1.61275029e+04,2.06181006e+03
7.11285782e+00,1.60440801e+04,2.24657383e+04,1.53017109e+04,1.97502808e+03
7.32151794e+00,1.47370664e+04,2.06355781e+04,1.40570781e+04,1.83471851e+03
7.53554821e+00,1.32824902e+04,1.85991738e+04,1.26889131e+04,1.68406958e+03
7.75508738e+00,1.26018096e+04,1.76471074e+04,1.20874639e+04,1.63825806e+03
7.98027754e+00,1.27766631e+04,1.78922383e+04,1.22667861e+04,1.65338562e+03
8.21126270e+00,1.30632598e+04,1.82936934e+04,1.25483350e+04,1.69562598e+03
8.44819450e+00,1.35754854e+04,1.90114414e+04,1.30619346e+04,1.75060791e+03
8.69122219e+00,1.43924512e+04,2.01552480e+04,1.38344434e+04,1.84891577e+03
8.94050789e+00,1.47617910e+04,2.06722500e+04,1.41804600e+04,1.85747009e+03
9.19620800e+00,1.52900234e+04,2.14127871e+04,1.47187207e+04,1.95343311e+03
9.45849037e+00,1.63053691e+04,2.28337188e+04,1.56494258e+04,2.02115417e+03
9.72752285e+00,1.67808711e+04,2.35004434e+04,1.61544570e+04,2.14578345e+03
1.00034800e+01,1.82306621e+04,2.55294902e+04,1.74936328e+04,2.27038135e+03
1.02865391e+01,1.80625488e+04,2.52938223e+04,1.73383711e+04,2.31035498e+03
1.05768833e+01,1.92487539e+04,2.69557227e+04,1.85342930e+04,2.45901123e+03
1.08747025e+01,2.05799727e+04,2.88168945e+04,1.96966016e+04,2.60262646e+03
1.11801853e+01,1.79358867e+04,2.51130801e+04,1.71251055e+04,2.26660303e+03
1.14935322e+01,1.39605674e+04,1.95488613e+04,1.34251797e+04,1.91405688e+03
1.18149433e+01,1.23149844e+04,1.72481055e+04,1.20233359e+04,1.76958337e+03
1.21446266e+01,1.37730488e+04,1.92916426e+04,1.35566963e+04,1.95628125e+03
1.24827967e+01,1.56652832e+04,2.19406602e+04,1.54188965e+04,2.07389038e+03
1.28296700e+01,1.63745781e+04,2.29319219e+04,1.61078838e+04,2.09242798e+03
1.31854706e+01,1.59430342e+04,2.23273809e+04,1.58047676e+04,2.01891089e+03
1.35504293e+01,1.59161211e+04,2.22889902e+04,1.59161094e+04,1.99795447e+03
1.39247818e+01,1.55549688e+04,2.17839688e+04,1.58097510e+04,1.97164246e+03
1.43087692e+01,1.56725967e+04,2.19517695e+04,1.63051680e+04,2.02632104e+03
1.47026405e+01,1.62491016e+04,2.27620469e+04,1.72449590e+04,2.10019287e+03
1.51066484e+01,1.68371133e+04,2.35874785e+04,1.81274062e+04,2.17949561e+03
1.55210552e+01,1.73259824e+04,2.42756387e+04,1.88503164e+04,2.24899658e+03
1.59461288e+01,1.72298906e+04,2.41428516e+04,1.88800332e+04,2.26369849e+03
1.63821430e+01,1.60984346e+04,2.25584141e+04,1.79165391e+04,2.15727905e+03
1.68293781e+01,1.50618848e+04,2.11104160e+04,1.72373008e+04,2.07460254e+03
1.72881241e+01,1.49169346e+04,2.09187148e+04,1.76742109e+04,2.13627466e+03
1.77586803e+01,1.57719277e+04,2.21414219e+04,1.93698281e+04,2.28776929e+03
1.82413464e+01,1.93681895e+04,2.72136016e+04,2.29900898e+04,2.65255688e+03
1.87364349e+01,2.44605684e+04,3.43838633e+04,2.77316914e+04,3.21501416e+03
1.92442665e+01,3.23698535e+04,4.54781484e+04,3.50553477e+04,3.88933447e+03
1.97651691e+01,4.01276094e+04,5.62937656e+04,4.11342539e+04,4.16473730e+03
2.02994785e+01,3.62874180e+04,5.08793086e+04,3.62563984e+04,3.32885986e+03
2.08475418e+01,3.42217188e+04,4.79564141e+04,3.28968398e+04,2.74143042e+03
2.14097099e+01,3.67186133e+04,5.14279531e+04,3.32948008e+04,2.58352612e+03
2.19863453e+01,2.99088379e+04,4.18891758e+04,2.54677344e+04,1.79228638e+03
2.25778236e+01,2.04144727e+04,2.85994805e+04,1.55398105e+04,9.97253357e+02
2.31845264e+01,1.93725762e+04,2.70942559e+04,1.35764531e+04,9.62252319e+02
2.38068466e+01,1.85557520e+04,2.58889023e+04,1.27333945e+04,1.02600073e+03
2.44451809e+01,1.67453398e+04,2.33442344e+04,1.10053613e+04,8.32517578e+02
2.50999470e+01,1.57233516e+04,2.19072207e+04,9.58488281e+03,6.21528564e+02
2.57715645e+01,1.41241719e+04,1.96585977e+04,8.07399902e+03,5.39852051e+02
2.64604683e+01,1.38523008e+04,1.92773477e+04,8.22335156e+03,5.61754089e+02
2.71671047e+01,1.48028252e+04,2.06093848e+04,8.63997168e+03,5.71015076e+02
2.78919277e+01,1.26387168e+04,1.75848750e+04,6.81602002e+03,5.72553833e+02
2.86354065e+01,1.17492305e+04,1.63356113e+04,6.63472900e+03,4.98371124e+02
2.93980217e+01,8.96764551e+03,1.24166729e+04,4.44886865e+03,2.40630264e+02
3.01802654e+01,6.25370557e+03,8.62627051e+03,3.01278857e+03,1.68578354e+02
3.09826431e+01,5.51755420e+03,7.62060596e+03,3.18667383e+03,1.92075653e+02
3.18056717e+01,4.80774902e+03,6.66137500e+03,3.25003491e+03,1.63472046e+02
3.26498833e+01,3.31428687e+03,4.59152344e+03,2.01479919e+03,2.65491028e+01
3.35158234e+01,1.10211304e+03,1.51149707e+03,3.08589752e+02,2.14619073e-03
3.44040565e+01,5.98657837e+02,8.15480835e+02,7.30203400e+01,1.50564907e-03
3.53151436e+01,3.67901093e+02,4.98819885e+02,2.98329124e+01,9.92692221e-05
3.62496834e+01,2.17154770e+02,2.93587219e+02,1.56980467e+01,3.51142371e-05
3.72082787e+01,1.23701019e+02,1.66596252e+02,7.58769131e+00,1.61194512e-05
3.81915474e+01,7.01101074e+01,9.42733154e+01,4.04198551e+00,1.11543641e-05
3.92001228e+01,3.75166512e+01,5.03582191e+01,1.88689697e+00,6.77307116e-06
4.02346535e+01,1.57033930e+01,2.09870644e+01,4.16855901e-01,3.60739227e-06
4.12958107e+01,5.37387657e+00,7.11362219e+00,7.84134492e-02,1.63461732e-06
4.23842850e+01,1.61260843e+00,2.12236166e+00,2.95135975e-02,5.71596445e-07
4.35007744e+01,6.41239882e-01,8.54244769e-01,1.62747055e-02,1.86783609e-07
4.46459999e+01,3.79538745e-01,5.04606783e-01,5.81307104e-03,9.74865415e-08
4.58207016e+01,1.07518189e-01,1.41408592e-01,8.73902754e-04,3.20361870e-08
4.70256386e+01,5.67612657e-03,7.23241922e-03,1.57611466e-05,2.57522270e-09
4.82615852e+01,1.27669424e-03,1.62696501e-03,1.36397985e-05,1.59628602e-10
4.95293465e+01,3.94333183e-04,4.99218761e-04,1.95806160e-06,2.58643332e-11
5.08297386e+01,3.09366806e-05,3.82533799e-05,1.72571518e-07,2.89047779e-12
5.21635971e+01,8.63114565e-07,1.06411267e-06,3.76972542e-09,1.86955283e-13
5.35317917e+01,6.42093809e-08,7.94102419e-08,2.57937671e-10,1.69175604e-14
5.49351997e+01,2.09004769e-09,2.60210231e-09,8.51869009e-12,8.92251589e-16
5.63747253e+01,7.84552805e-12,9.96646168e-12,1.15803715e-13,2.53309690e-18
5.78513031e+01,3.02070760e-13,3.70810696e-13,3.55733551e-15,8.79916065e-19
5.93278885e+01,1.17346603e-13,1.35035470e-13,3.35934432e-16,2.45310540e-20
6.08044662e+01,1.21771013e-15,1.64622812e-15,1.25225905e-17,3.95114149e-22
6.22810478e+01,6.25367337e-17,7.35753464e-17,2.51604121e-19,2.81102379e-23
6.37576256e+01,1.99961649e-18,2.49819422e-18,1.04591269e-20,7.28882036e-25
6.52341995e+01,7.57253090e-20,9.31624185e-20,3.76693477e-22,4.17187056e-26
6.67107849e+01,3.71138896e-21,4.56703865e-21,1.78669580e-23,1.78198170e-27
6.81873703e+01,1.62153186e-22,1.99853922e-22,9.68082017e-25,9.63238033e-29
6.96639481e+01,7.55335894e-24,9.38744241e-24,5.33254318e-26,4.62817855e-30
7.11405258e+01,3.56059173e-25,4.38732782e-25,3.20892092e-27,2.70749545e-31
7.26171036e+01,1.76480973e-26,2.18690300e-26,2.01310307e-28,1.35394703e-32
7.40936813e+01,7.24463634e-28,9.00063137e-28,1.15826593e-29,6.42564518e-34
7.55702591e+01,3.28108437e-29,4.04032357e-29,6.38523641e-31,2.80774431e-35
7.70468445e+01,1.01815848e-30,1.25864882e-30,2.96974601e-32,1.00422375e-36
7.85234222e+01,2.44553019e-32,3.00735977e-32,9.26781787e-34,2.66653085e-38
8.00000000e+01,8.89868417e-34,1.07406416e-33,4.57747774e-35,9.16449196e-40
