Height (km), 7_8 um ash conc (g/kg), 15_6 um ash conc (g/kg), 125 um ash conc (g/kg), 1 mm ash conc (g/kg)
0.00000000e+00,0.00000000e+00,0.00000000e+00,0.00000000e+00,0.00000000e+00
3.99999991e-02,1.38794538e-04,2.28961944e-04,1.71487732e-03,1.54549748e-01
7.99999982e-02,1.16992346e-03,1.80591037e-03,3.97814019e-03,2.58867592e-01
1.19999997e-01,3.03599867e-03,4.52536717e-03,5.19923121e-03,3.89006913e-01
1.59999996e-01,4.58028819e-03,6.62263017e-03,6.10918179e-03,5.24814367e-01
2.00000003e-01,4.97125834e-03,7.10304361e-03,7.28875818e-03,6.42205954e-01
2.39999995e-01,5.61737083e-03,7.97642395e-03,8.46889429e-03,7.28555202e-01
2.80000001e-01,6.20540138e-03,8.84778239e-03,9.79510043e-03,8.15974593e-01
3.19999993e-01,7.43346661e-03,1.06220376e-02,1.09904315e-02,9.00156736e-01
3.60000014e-01,8.21859576e-03,1.17729884e-02,1.22448066e-02,9.79837954e-01
4.00000006e-01,9.25453845e-03,1.32015515e-02,1.31581835e-02,1.04830146e+00
4.39999998e-01,9.20412317e-03,1.31169148e-02,1.38070965e-02,1.13536787e+00
4.79999989e-01,9.69829410e-03,1.37904994e-02,1.46827679e-02,1.20737553e+00
5.19999981e-01,1.02785118e-02,1.46725457e-02,1.56826396e-02,1.28206563e+00
5.60000002e-01,1.16044935e-02,1.64918676e-02,1.66751966e-02,1.35147917e+00
6.00000024e-01,1.18501820e-02,1.69079080e-02,1.80077441e-02,1.45176363e+00
6.41029537e-01,1.27539588e-02,1.81671754e-02,1.89019591e-02,1.53416038e+00
6.83115125e-01,1.23294247e-02,1.76457837e-02,1.95846353e-02,1.63561010e+00
7.26283848e-01,1.22062974e-02,1.75383873e-02,1.99335981e-02,1.75744033e+00
7.70563781e-01,1.20216552e-02,1.73265710e-02,1.99297406e-02,1.87007642e+00
8.15983355e-01,1.19777620e-02,1.73026361e-02,1.99018419e-02,2.03961468e+00
8.62571895e-01,1.16486009e-02,1.68621670e-02,1.99271701e-02,2.16601562e+00
9.10359621e-01,1.16224345e-02,1.68335624e-02,2.00505145e-02,2.34142351e+00
9.59377348e-01,1.14831114e-02,1.66397355e-02,2.02532392e-02,2.50016236e+00
1.00965667e+00,1.15570640e-02,1.67421009e-02,2.03716606e-02,2.67396712e+00
1.06123006e+00,1.17718838e-02,1.70494486e-02,2.08389014e-02,2.90817809e+00
1.11413085e+00,1.21492669e-02,1.75951868e-02,2.13546436e-02,3.16562128e+00
1.16839325e+00,1.26472618e-02,1.83085762e-02,2.16440130e-02,3.43622470e+00
1.22405231e+00,1.31795853e-02,1.90634672e-02,2.19753385e-02,3.73498154e+00
1.28114390e+00,1.39391944e-02,2.01470237e-02,2.27019396e-02,4.08479881e+00
1.33970511e+00,1.49444025e-02,2.15773433e-02,2.35757604e-02,4.52081728e+00
1.39977336e+00,2.02083027e+04,2.83084395e+04,2.00534609e+04,2.10019141e+03
1.46138775e+00,2.59685781e+04,3.63565234e+04,2.44108984e+04,2.02526880e+03
1.52458799e+00,1.56359043e+04,2.18882168e+04,1.47435410e+04,1.34307117e+03
1.58941495e+00,1.47263105e+04,2.06216621e+04,1.42150752e+04,1.50708105e+03
1.65591037e+00,1.45583828e+04,2.03895410e+04,1.42067305e+04,1.61372400e+03
1.72411728e+00,1.45700117e+04,2.04076836e+04,1.43133066e+04,1.69687830e+03
1.79407966e+00,1.46548848e+04,2.05278555e+04,1.44627715e+04,1.76803662e+03
1.86584306e+00,1.47695840e+04,2.06894844e+04,1.46253564e+04,1.82997021e+03
1.93945324e+00,1.49000918e+04,2.08730352e+04,1.47928965e+04,1.88487378e+03
2.01495814e+00,1.50322783e+04,2.10588008e+04,1.49545586e+04,1.93333496e+03
2.09240627e+00,1.51997949e+04,2.12939648e+04,1.51470254e+04,1.98308362e+03
2.17184782e+00,1.54191562e+04,2.16016836e+04,1.53871602e+04,2.03453687e+03
2.25333428e+00,1.56418164e+04,2.19138984e+04,1.56249463e+04,2.08139355e+03
2.33691788e+00,1.57959893e+04,2.21300117e+04,1.57872676e+04,2.11308276e+03
2.42265272e+00,1.58255156e+04,2.21713770e+04,1.58187051e+04,2.12092041e+03
2.51059437e+00,1.57083105e+04,2.20071250e+04,1.56996504e+04,2.10671704e+03
2.60079956e+00,1.54695068e+04,2.16725039e+04,1.54575273e+04,2.07398193e+03
2.69332647e+00,1.51783877e+04,2.12646348e+04,1.51644395e+04,2.03636475e+03
2.78823495e+00,1.49354961e+04,2.09244355e+04,1.49241484e+04,2.00999707e+03
2.88558602e+00,1.48502988e+04,2.08052812e+04,1.48479795e+04,2.01154761e+03
2.98544264e+00,1.49546270e+04,2.09517070e+04,1.49649639e+04,2.04167847e+03
3.08786964e+00,1.51814893e+04,2.12697812e+04,1.52048066e+04,2.08854639e+03
3.19293284e+00,1.54731494e+04,2.16785977e+04,1.55091104e+04,2.14415210e+03
3.30070019e+00,1.57890293e+04,2.21212930e+04,1.58362021e+04,2.20203662e+03
3.41124129e+00,1.60509219e+04,2.24882832e+04,1.61058848e+04,2.24848511e+03
3.52462745e+00,1.62094561e+04,2.27103984e+04,1.62683145e+04,2.27811108e+03
3.64093208e+00,1.62980146e+04,2.28344375e+04,1.63584199e+04,2.29630273e+03
3.76023054e+00,1.63329092e+04,2.28832461e+04,1.63915469e+04,2.30426514e+03
3.88259912e+00,1.62851670e+04,2.28162344e+04,1.63383389e+04,2.29817627e+03
4.00811720e+00,1.62335391e+04,2.27438008e+04,1.62813057e+04,2.29243750e+03
4.13686609e+00,1.62386006e+04,2.27507930e+04,1.62810000e+04,2.29554150e+03
4.26892853e+00,1.62365820e+04,2.27478242e+04,1.62717070e+04,2.29711157e+03
4.40439081e+00,1.61717715e+04,2.26568672e+04,1.61986680e+04,2.29079077e+03
4.54333878e+00,1.60517236e+04,2.24885195e+04,1.60697031e+04,2.27733081e+03
4.68586397e+00,1.58837080e+04,2.22529746e+04,1.58931230e+04,2.25878076e+03
4.83205652e+00,1.56575928e+04,2.19360703e+04,1.56600957e+04,2.23416382e+03
4.98201227e+00,1.54018691e+04,2.15777383e+04,1.53998057e+04,2.20893994e+03
5.13582754e+00,1.51989473e+04,2.12934531e+04,1.51961035e+04,2.19244531e+03
5.29360199e+00,1.51024814e+04,2.11583555e+04,1.51016875e+04,2.19299902e+03
5.45543718e+00,1.51125566e+04,2.11725703e+04,1.51167598e+04,2.20972607e+03
5.62143755e+00,1.52650254e+04,2.13863047e+04,1.52770459e+04,2.24691064e+03
5.79171038e+00,1.54810020e+04,2.16889707e+04,1.54989766e+04,2.29012988e+03
5.96636629e+00,1.56963613e+04,2.19907910e+04,1.57218037e+04,2.33310791e+03
6.14551687e+00,1.59991934e+04,2.24151152e+04,1.60314072e+04,2.38499634e+03
6.32927942e+00,1.61203730e+04,2.25848086e+04,1.61532930e+04,2.40627222e+03
6.51777077e+00,1.60242119e+04,2.24501875e+04,1.60634141e+04,2.40454907e+03
6.71111441e+00,1.61406309e+04,2.26132969e+04,1.61810898e+04,2.42282593e+03
6.90943432e+00,1.60814492e+04,2.25302812e+04,1.61184434e+04,2.41660913e+03
7.11285782e+00,1.60424014e+04,2.24758359e+04,1.60908652e+04,2.42549976e+03
7.32151794e+00,1.64357363e+04,2.30267949e+04,1.64786523e+04,2.47436597e+03
7.53554821e+00,1.67314844e+04,2.34411602e+04,1.67788223e+04,2.52598267e+03
7.75508738e+00,1.77247207e+04,2.48331250e+04,1.77941758e+04,2.67794775e+03
7.98027754e+00,1.84064512e+04,2.57873867e+04,1.84383418e+04,2.73391675e+03
8.21126270e+00,1.80635977e+04,2.53065820e+04,1.80813008e+04,2.68053003e+03
8.44819450e+00,1.82465430e+04,2.55627207e+04,1.82616680e+04,2.70428418e+03
8.69122219e+00,1.81833320e+04,2.54736504e+04,1.81668887e+04,2.67931860e+03
8.94050789e+00,1.71672910e+04,2.40498516e+04,1.71080645e+04,2.52667700e+03
9.19620800e+00,1.53679707e+04,2.15287969e+04,1.52951846e+04,2.29792432e+03
9.45849037e+00,1.37793418e+04,1.93034551e+04,1.37245098e+04,2.11836108e+03
9.72752285e+00,1.30605137e+04,1.82964199e+04,1.30128262e+04,2.05118237e+03
1.00034800e+01,1.31928721e+04,1.84820801e+04,1.31670020e+04,2.11157178e+03
1.02865391e+01,1.38977793e+04,1.94701426e+04,1.39016543e+04,2.24240332e+03
1.05768833e+01,1.49916514e+04,2.10030586e+04,1.50248818e+04,2.41619116e+03
1.08747025e+01,1.65557324e+04,2.31946055e+04,1.66147812e+04,2.63196460e+03
1.11801853e+01,1.72924453e+04,2.42262676e+04,1.73401875e+04,2.68648340e+03
1.14935322e+01,1.63159219e+04,2.28577812e+04,1.63490635e+04,2.53306592e+03
1.18149433e+01,1.56639824e+04,2.19442891e+04,1.56976895e+04,2.45446118e+03
1.21446266e+01,1.51279102e+04,2.11932500e+04,1.51760322e+04,2.37118091e+03
1.24827967e+01,1.40660410e+04,1.97059219e+04,1.41458447e+04,2.24021069e+03
1.28296700e+01,1.34484756e+04,1.88414238e+04,1.35863516e+04,2.17847314e+03
1.31854706e+01,1.33386523e+04,1.86886191e+04,1.35721963e+04,2.18543042e+03
1.35504293e+01,1.39873271e+04,1.95983340e+04,1.43282549e+04,2.28449341e+03
1.39247818e+01,1.42307939e+04,1.99403652e+04,1.47196738e+04,2.33358032e+03
1.43087692e+01,1.31920479e+04,1.84883555e+04,1.40089238e+04,2.27686670e+03
1.47026405e+01,1.56580732e+04,2.19476074e+04,1.69775703e+04,2.64837061e+03
1.51066484e+01,1.80089844e+04,2.52462793e+04,1.99173047e+04,2.91012866e+03
1.55210552e+01,1.89098457e+04,2.65166348e+04,2.15081426e+04,3.00605640e+03
1.59461288e+01,2.25411973e+04,3.16141660e+04,2.56919688e+04,3.39193506e+03
1.63821430e+01,2.35091797e+04,3.29846055e+04,2.70168828e+04,3.38947681e+03
1.68293781e+01,2.51027363e+04,3.52399297e+04,2.86992129e+04,3.41534229e+03
1.72881241e+01,2.99757637e+04,4.20802656e+04,3.28794141e+04,3.72065503e+03
1.77586803e+01,2.69103262e+04,3.77670703e+04,2.86392383e+04,2.96812769e+03
1.82413464e+01,1.72515527e+04,2.42133184e+04,1.81894102e+04,1.63680225e+03
1.87364349e+01,1.46203477e+04,2.05122227e+04,1.52185605e+04,1.37571313e+03
1.92442665e+01,1.89326992e+04,2.65391133e+04,1.90324551e+04,1.91969604e+03
1.97651691e+01,2.39568438e+04,3.35646953e+04,2.32498340e+04,2.45234033e+03
2.02994785e+01,2.64356816e+04,3.70201680e+04,2.44881230e+04,2.67156128e+03
2.08475418e+01,2.66902500e+04,3.73523477e+04,2.37720430e+04,2.79948438e+03
2.14097099e+01,2.89882852e+04,4.05593945e+04,2.56358672e+04,2.99817236e+03
2.19863453e+01,2.63963750e+04,3.68989258e+04,2.24886348e+04,2.35651294e+03
2.25778236e+01,2.31834434e+04,3.23973828e+04,1.98280762e+04,2.12048657e+03
2.31845264e+01,2.28306816e+04,3.19186602e+04,1.97816836e+04,2.23789087e+03
2.38068466e+01,2.07452656e+04,2.89932578e+04,1.77275000e+04,2.01485181e+03
2.44451809e+01,1.78008047e+04,2.48737793e+04,1.54846875e+04,1.70415515e+03
2.50999470e+01,1.76205117e+04,2.46366270e+04,1.58967988e+04,1.63303979e+03
2.57715645e+01,1.44809893e+04,2.02525840e+04,1.31674229e+04,1.31885962e+03
2.64604683e+01,1.46102852e+04,2.04353398e+04,1.32263711e+04,1.23957251e+03
2.71671047e+01,1.24755996e+04,1.74439805e+04,1.10665293e+04,1.03346240e+03
2.78919277e+01,1.11966064e+04,1.56588135e+04,1.01032031e+04,1.04091443e+03
2.86354065e+01,9.80625684e+03,1.37160449e+04,8.91077539e+03,8.30216248e+02
2.93980217e+01,6.49395898e+03,9.07815137e+03,5.66665527e+03,3.86366730e+02
3.01802654e+01,2.48599316e+03,3.46972461e+03,1.95602087e+03,7.26348190e+01
3.09826431e+01,6.16612000e+02,8.56964355e+02,3.64774506e+02,1.20471752e+00
3.18056717e+01,3.00006531e+02,4.16049744e+02,1.50438324e+02,4.33424488e-02
3.26498833e+01,1.98013153e+02,2.74634705e+02,9.83493423e+01,5.03951944e-02
3.35158234e+01,1.28081970e+02,1.77637695e+02,6.24839821e+01,1.77263953e-02
3.44040565e+01,8.79206543e+01,1.21985466e+02,4.35522346e+01,8.90446827e-03
3.53151436e+01,5.27912369e+01,7.32720184e+01,2.64467678e+01,2.44097598e-03
3.62496834e+01,2.57079697e+01,3.56591873e+01,1.24087181e+01,1.15619485e-04
3.72082787e+01,9.93018627e+00,1.37546415e+01,4.68081284e+00,7.78907861e-07
3.81915474e+01,1.09610760e+00,1.50529861e+00,3.48421246e-01,3.18066299e-07
3.92001228e+01,3.70815694e-02,4.94597927e-02,1.11887779e-03,3.70945230e-08
4.02346535e+01,1.02234073e-02,1.36405854e-02,2.75347906e-04,9.39848466e-09
4.12958107e+01,2.24622176e-03,2.98721762e-03,3.68304463e-05,1.98915195e-09
4.23842850e+01,4.94863663e-04,6.56267104e-04,6.89800527e-06,3.94475119e-10
4.35007744e+01,8.92367534e-05,1.17964744e-04,1.97842223e-06,7.16450579e-11
4.46459999e+01,1.24799744e-05,1.64833909e-05,2.32278779e-07,1.05840284e-11
4.58207016e+01,1.66595896e-06,2.19538310e-06,2.97742808e-08,1.44794951e-12
4.70256386e+01,1.75619036e-07,2.32993912e-07,2.91094149e-09,1.64148724e-13
4.82615852e+01,9.94778215e-09,1.30036524e-08,1.51684859e-10,1.34043760e-14
4.95293465e+01,1.76251874e-10,2.36965642e-10,2.44329166e-12,3.15896914e-16
5.08297386e+01,3.21894898e-12,4.19742279e-12,1.81285244e-14,2.12261361e-17
5.21635971e+01,1.74101442e-13,2.26811164e-13,2.09818404e-15,9.01693456e-19
5.35317917e+01,8.35767409e-15,1.04350893e-14,2.54511695e-16,8.26340507e-20
5.49351997e+01,6.01041411e-17,8.22776438e-17,4.42705409e-18,1.38330428e-21
5.63747253e+01,4.17149830e-18,5.02744370e-18,2.59169464e-19,4.00018270e-23
5.78513031e+01,1.24040050e-19,1.59509593e-19,7.99496558e-21,4.25485195e-25
5.93278885e+01,3.03137097e-21,3.63197397e-21,1.00902428e-22,7.45497745e-27
6.08044662e+01,9.16541766e-23,1.28637516e-22,2.79912580e-24,1.45320286e-28
6.22810478e+01,2.49992190e-24,3.51454257e-24,1.21766425e-25,4.38142216e-30
6.37576256e+01,9.39786020e-26,1.33930019e-25,3.98962012e-27,1.59877788e-31
6.52341995e+01,3.51320090e-27,5.25412216e-27,1.68153786e-28,5.94051939e-33
6.67107849e+01,1.43135523e-28,2.12288734e-28,6.92139199e-30,2.43046406e-34
6.81873703e+01,6.45015906e-30,1.01158921e-29,3.11180203e-31,1.09032066e-35
6.96639481e+01,3.03347767e-31,4.73490864e-31,1.49373579e-32,5.14486709e-37
7.11405258e+01,1.54082756e-32,2.49190990e-32,7.29512116e-34,2.45353348e-38
7.26171036e+01,7.77893948e-34,1.27949906e-33,4.02031179e-35,1.26537251e-39
7.40936813e+01,3.95880669e-35,6.84940354e-35,1.98811742e-36,8.40779079e-42
7.55702591e+01,1.70036219e-36,3.15781053e-36,1.02746006e-37,0.00000000e+00
7.70468445e+01,6.55008941e-38,1.17623592e-37,4.12121878e-39,0.00000000e+00
7.85234222e+01,1.84831267e-39,3.37012281e-39,8.68805048e-41,0.00000000e+00
8.00000000e+01,1.96181785e-41,5.74532370e-41,0.00000000e+00,0.00000000e+00
