Height (km), 7_8 um ash conc (g/kg), 15_6 um ash conc (g/kg), 125 um ash conc (g/kg), 1 mm ash conc (g/kg)
0.00000000e+00,0.00000000e+00,0.00000000e+00,0.00000000e+00,0.00000000e+00
3.99999991e-02,5.41997451e-07,9.80363893e-07,7.38527817e-09,2.27001686e+01
7.99999982e-02,5.45843204e-06,1.00360903e-05,8.33714537e-08,2.57136192e+01
1.19999997e-01,2.97237966e-05,5.05324897e-05,3.73484170e-07,2.70451546e+01
1.59999996e-01,9.89534747e-05,1.54768175e-04,1.07948597e-06,2.91439266e+01
2.00000003e-01,1.57792078e-04,2.34611085e-04,2.06530967e-06,3.01921902e+01
2.39999995e-01,2.66531162e-04,3.84841405e-04,2.88683850e-06,3.18585796e+01
2.80000001e-01,3.72141891e-04,5.16570290e-04,3.94930385e-06,3.30374908e+01
3.19999993e-01,4.56357491e-04,6.14083721e-04,4.57874557e-06,3.44691849e+01
3.60000014e-01,5.06263692e-04,6.59450539e-04,4.79989740e-06,3.55397339e+01
4.00000006e-01,5.15269581e-04,6.62816281e-04,4.43035105e-06,3.67456665e+01
4.39999998e-01,4.90840001e-04,6.31487230e-04,4.10199664e-06,3.77860336e+01
4.79999989e-01,5.48348064e-04,7.12500711e-04,3.92076072e-06,3.90294876e+01
5.19999981e-01,5.35521365e-04,6.88983942e-04,4.07701737e-06,4.01964378e+01
5.60000002e-01,6.41080318e-04,8.22533737e-04,4.06828576e-06,4.14625626e+01
6.00000024e-01,6.00759406e-04,7.58818700e-04,4.46842341e-06,4.26634369e+01
6.41029537e-01,7.42042088e-04,9.31181363e-04,4.92276604e-06,4.39563675e+01
6.83115125e-01,6.51789189e-04,7.96864915e-04,1.76729845e-05,4.53005219e+01
7.26283848e-01,6.80827012e-04,8.20365676e-04,6.09207236e-05,4.68132210e+01
7.70563781e-01,6.43663225e-04,7.39231938e-04,2.55460240e-04,4.84111862e+01
8.15983355e-01,6.85941544e-04,7.68409227e-04,1.05202873e-03,4.97676468e+01
8.62571895e-01,4.05170460e-04,4.33547655e-04,3.24199372e-03,5.17391129e+01
9.10359621e-01,4.48379666e-04,4.85064491e-04,6.62456546e-03,5.33445129e+01
9.59377348e-01,3.14209406e-04,3.49642971e-04,1.28501281e-02,5.59382744e+01
1.00965667e+00,3.67887871e-04,4.18948039e-04,2.15639472e-02,5.92964478e+01
1.06123006e+00,4.38973017e-04,5.12731320e-04,3.38346027e-02,5.96460228e+01
1.11413085e+00,5.28538367e-04,6.38058991e-04,5.26349694e-02,6.19473495e+01
1.16839325e+00,7.15872506e-04,9.01587075e-04,8.30124170e-02,6.31996918e+01
1.22405231e+00,1.02411839e-03,1.31549791e-03,1.27199203e-01,6.70018234e+01
1.28114390e+00,1.48582831e-03,1.91824988e-03,1.98258162e-01,6.73624954e+01
1.33970511e+00,2.08223797e-03,2.70214491e-03,3.04143280e-01,7.10955200e+01
1.39977336e+00,2.07538516e+04,2.90583496e+04,1.96125020e+04,1.38185205e+03
1.46138775e+00,2.72191953e+04,3.80639609e+04,2.30151016e+04,1.49608386e+03
1.52458799e+00,1.69454316e+04,2.36925156e+04,1.45525332e+04,1.12975562e+03
1.58941495e+00,1.60999639e+04,2.25259922e+04,1.45112773e+04,1.39837817e+03
1.65591037e+00,1.59484941e+04,2.23210547e+04,1.46880918e+04,1.52707117e+03
1.72411728e+00,1.59682646e+04,2.23528691e+04,1.48956738e+04,1.62746387e+03
1.79407966e+00,1.60285244e+04,2.24399902e+04,1.50793564e+04,1.69916113e+03
1.86584306e+00,1.61289092e+04,2.25825605e+04,1.52689434e+04,1.77752539e+03
1.93945324e+00,1.62379893e+04,2.27368438e+04,1.54452969e+04,1.82458484e+03
2.01495814e+00,1.63526689e+04,2.28986562e+04,1.56131504e+04,1.88914343e+03
2.09240627e+00,1.64894004e+04,2.30911816e+04,1.57936348e+04,1.92684314e+03
2.17184782e+00,1.66810625e+04,2.33605566e+04,1.60236885e+04,1.99012268e+03
2.25333428e+00,1.69373281e+04,2.37202754e+04,1.63100586e+04,2.03526196e+03
2.33691788e+00,1.72103945e+04,2.41032031e+04,1.65979395e+04,2.09430029e+03
2.42265272e+00,1.73936270e+04,2.43598867e+04,1.67794902e+04,2.10881006e+03
2.51059437e+00,1.73755957e+04,2.43344062e+04,1.67535020e+04,2.11256763e+03
2.60079956e+00,1.71557656e+04,2.40262031e+04,1.65240059e+04,2.06697241e+03
2.69332647e+00,1.67675977e+04,2.34822090e+04,1.61264131e+04,2.01782483e+03
2.78823495e+00,1.63680166e+04,2.29225859e+04,1.57333047e+04,1.96721667e+03
2.88558602e+00,1.62597266e+04,2.27715312e+04,1.56504102e+04,1.97932068e+03
2.98544264e+00,1.65092500e+04,2.31217930e+04,1.59260352e+04,2.02496191e+03
3.08786964e+00,1.68870898e+04,2.36516055e+04,1.63240078e+04,2.09747266e+03
3.19293284e+00,1.72467930e+04,2.41557676e+04,1.66949473e+04,2.14460205e+03
3.30070019e+00,1.74630000e+04,2.44586211e+04,1.69133047e+04,2.18142627e+03
3.41124129e+00,1.74665938e+04,2.44637031e+04,1.69248691e+04,2.17969019e+03
3.52462745e+00,1.73936836e+04,2.43618320e+04,1.68676602e+04,2.18293872e+03
3.64093208e+00,1.72731309e+04,2.41931367e+04,1.67546504e+04,2.16042212e+03
3.76023054e+00,1.71773789e+04,2.40589863e+04,1.66563906e+04,2.14303564e+03
3.88259912e+00,1.74336309e+04,2.44184727e+04,1.69314199e+04,2.18242236e+03
4.00811720e+00,1.81427969e+04,2.54120898e+04,1.76382910e+04,2.27289893e+03
4.13686609e+00,1.87768477e+04,2.62998789e+04,1.82473477e+04,2.33817163e+03
4.26892853e+00,1.91285664e+04,2.67917598e+04,1.85555488e+04,2.35175781e+03
4.40439081e+00,1.92176094e+04,2.69150879e+04,1.85798105e+04,2.32292749e+03
4.54333878e+00,1.88162812e+04,2.63517734e+04,1.81337344e+04,2.24144800e+03
4.68586397e+00,1.81124141e+04,2.53657227e+04,1.74307617e+04,2.15137012e+03
4.83205652e+00,1.74271074e+04,2.44058965e+04,1.67496719e+04,2.06068335e+03
4.98201227e+00,1.66397812e+04,2.33026758e+04,1.59546885e+04,1.95735083e+03
5.13582754e+00,1.62205801e+04,2.27166855e+04,1.55969355e+04,1.94132434e+03
5.29360199e+00,1.66493105e+04,2.33181758e+04,1.60526113e+04,2.01793152e+03
5.45543718e+00,1.73280859e+04,2.42697500e+04,1.67524043e+04,2.13288623e+03
5.62143755e+00,1.78818203e+04,2.50453398e+04,1.72940254e+04,2.19868994e+03
5.79171038e+00,1.80067598e+04,2.52191797e+04,1.73745586e+04,2.19740308e+03
5.96636629e+00,1.80126660e+04,2.52271328e+04,1.73823496e+04,2.21320142e+03
6.14551687e+00,1.80889648e+04,2.53348613e+04,1.75026680e+04,2.25777856e+03
6.32927942e+00,1.83452988e+04,2.56944805e+04,1.77721367e+04,2.29232446e+03
6.51777077e+00,1.79437188e+04,2.51305820e+04,1.73171172e+04,2.21313721e+03
6.71111441e+00,1.71778789e+04,2.40585977e+04,1.66100137e+04,2.14852417e+03
6.90943432e+00,1.75990527e+04,2.46498086e+04,1.70696602e+04,2.21907910e+03
7.11285782e+00,1.84698457e+04,2.58694219e+04,1.79003086e+04,2.30717773e+03
7.32151794e+00,1.89432891e+04,2.65311445e+04,1.82896328e+04,2.32307861e+03
7.53554821e+00,1.89579512e+04,2.65498398e+04,1.82224688e+04,2.28890747e+03
7.75508738e+00,1.89212266e+04,2.64969941e+04,1.81276797e+04,2.26965674e+03
7.98027754e+00,1.85699980e+04,2.60043906e+04,1.77573945e+04,2.23287866e+03
8.21126270e+00,1.80111875e+04,2.52220664e+04,1.72260508e+04,2.19111523e+03
8.44819450e+00,1.73465957e+04,2.42922188e+04,1.66205020e+04,2.14688892e+03
8.69122219e+00,1.67399355e+04,2.34439883e+04,1.60959258e+04,2.12367578e+03
8.94050789e+00,1.64230312e+04,2.30021230e+04,1.58776133e+04,2.14582422e+03
9.19620800e+00,1.64751797e+04,2.30771367e+04,1.60144453e+04,2.20122388e+03
9.45849037e+00,1.67970312e+04,2.35288984e+04,1.63702910e+04,2.25835229e+03
9.72752285e+00,1.67931445e+04,2.35244141e+04,1.64170527e+04,2.28187378e+03
1.00034800e+01,1.71777109e+04,2.40639805e+04,1.68461992e+04,2.34860229e+03
1.02865391e+01,1.79820957e+04,2.51905469e+04,1.76435566e+04,2.44578931e+03
1.05768833e+01,1.91921113e+04,2.68851387e+04,1.88268594e+04,2.58848608e+03
1.08747025e+01,2.04357754e+04,2.86258047e+04,1.99936172e+04,2.70772168e+03
1.11801853e+01,2.06925430e+04,2.89844219e+04,2.02054473e+04,2.71700830e+03
1.14935322e+01,2.16553750e+04,3.03325234e+04,2.11313008e+04,2.81600171e+03
1.18149433e+01,2.33903047e+04,3.27593984e+04,2.26892285e+04,2.92758276e+03
1.21446266e+01,2.35513477e+04,3.29800898e+04,2.26551816e+04,2.85357397e+03
1.24827967e+01,2.24233516e+04,3.13981172e+04,2.15252461e+04,2.71634766e+03
1.28296700e+01,2.12146562e+04,2.97057539e+04,2.04623594e+04,2.59363696e+03
1.31854706e+01,2.04005312e+04,2.85664492e+04,1.98450352e+04,2.52987378e+03
1.35504293e+01,2.10625371e+04,2.94932363e+04,2.06110371e+04,2.60103247e+03
1.39247818e+01,2.05439922e+04,2.87668262e+04,2.02336152e+04,2.53000684e+03
1.43087692e+01,1.95604844e+04,2.73913262e+04,1.95290098e+04,2.46011914e+03
1.47026405e+01,1.96535547e+04,2.75219902e+04,1.97873145e+04,2.45270532e+03
1.51066484e+01,1.80796504e+04,2.53180918e+04,1.84492891e+04,2.27714917e+03
1.55210552e+01,1.58705742e+04,2.22296367e+04,1.67140273e+04,2.14392090e+03
1.59461288e+01,1.66261934e+04,2.32901445e+04,1.76784121e+04,2.26889355e+03
1.63821430e+01,1.62174346e+04,2.27167461e+04,1.74497070e+04,2.19852612e+03
1.68293781e+01,1.57896729e+04,2.21232441e+04,1.74726387e+04,2.24018066e+03
1.72881241e+01,1.85723086e+04,2.60276875e+04,2.06560703e+04,2.63983960e+03
1.77586803e+01,2.21791680e+04,3.10848652e+04,2.43893516e+04,2.93816113e+03
1.82413464e+01,2.35252617e+04,3.29813047e+04,2.57500664e+04,2.96670728e+03
1.87364349e+01,2.67708359e+04,3.75492227e+04,2.87996387e+04,3.20937598e+03
1.92442665e+01,3.10888008e+04,4.36079961e+04,3.21640195e+04,3.23673657e+03
1.97651691e+01,2.49573652e+04,3.50355391e+04,2.59129297e+04,2.36230029e+03
2.02994785e+01,1.63374473e+04,2.29855371e+04,1.78411934e+04,1.60389502e+03
2.08475418e+01,1.47518701e+04,2.07590625e+04,1.59037021e+04,1.51469617e+03
2.14097099e+01,1.69287949e+04,2.37849551e+04,1.72466855e+04,1.76491870e+03
2.19863453e+01,1.92746855e+04,2.70433457e+04,1.83383574e+04,1.81065198e+03
2.25778236e+01,1.99947832e+04,2.80258828e+04,1.74973770e+04,1.61188281e+03
2.31845264e+01,2.23514707e+04,3.13062949e+04,1.84676152e+04,1.65453979e+03
2.38068466e+01,2.20568535e+04,3.08762812e+04,1.71530898e+04,1.53012781e+03
2.44451809e+01,2.35557344e+04,3.29399922e+04,1.79533828e+04,1.69647107e+03
2.50999470e+01,2.70343633e+04,3.77332109e+04,1.99676875e+04,1.75789807e+03
2.57715645e+01,2.51608516e+04,3.50665391e+04,1.81698613e+04,2.00339612e+03
2.64604683e+01,2.65882559e+04,3.70949961e+04,2.04047207e+04,2.13392041e+03
2.71671047e+01,2.51399844e+04,3.50434375e+04,1.71843008e+04,1.18071423e+03
2.78919277e+01,1.70332148e+04,2.36896934e+04,1.00942930e+04,7.24299194e+02
2.86354065e+01,1.47549668e+04,2.05001699e+04,9.18935547e+03,7.16002686e+02
2.93980217e+01,1.47089580e+04,2.04371504e+04,1.01224404e+04,7.65196228e+02
3.01802654e+01,1.29214824e+04,1.79671113e+04,9.40911719e+03,6.34804626e+02
3.09826431e+01,8.63977441e+03,1.20107344e+04,6.12125439e+03,3.78364960e+02
3.18056717e+01,5.08236816e+03,7.06437012e+03,3.54743408e+03,2.24833710e+02
3.26498833e+01,5.08876758e+03,7.08911621e+03,3.85439355e+03,2.73555420e+02
3.35158234e+01,7.02881982e+03,9.81115820e+03,5.75305518e+03,3.30927307e+02
3.44040565e+01,9.67158008e+03,1.35066768e+04,7.86772119e+03,2.78967621e+02
3.53151436e+01,8.53279688e+03,1.19047725e+04,6.31013867e+03,6.85982971e+01
3.62496834e+01,2.40936206e+03,3.34851221e+03,1.33184045e+03,1.86460510e-01
3.72082787e+01,2.04228943e+02,2.78855377e+02,3.12266598e+01,2.76241731e-02
3.81915474e+01,4.90306129e+01,6.56282654e+01,1.84487164e+00,5.31919475e-04
3.92001228e+01,2.32701263e+01,3.09391632e+01,4.93154287e-01,1.35325254e-05
4.02346535e+01,9.33208561e+00,1.23333349e+01,1.76807806e-01,6.90579827e-06
4.12958107e+01,4.10798597e+00,5.40270472e+00,9.99144688e-02,3.22582378e-06
4.23842850e+01,1.61041534e+00,2.10395145e+00,3.95519063e-02,1.50040171e-06
4.35007744e+01,6.05656207e-01,7.93422043e-01,1.46436682e-02,5.75135630e-07
4.46459999e+01,3.21771622e-01,4.30340648e-01,9.58330836e-03,2.45262584e-07
4.58207016e+01,1.96867734e-01,2.61749595e-01,1.52369565e-03,7.61097922e-08
4.70256386e+01,3.28742415e-02,4.31123748e-02,2.81069602e-04,8.06677924e-09
4.82615852e+01,5.00038732e-03,6.59666909e-03,8.16674292e-05,1.80629123e-09
4.95293465e+01,7.71068153e-04,9.76272218e-04,5.82695918e-07,1.30438868e-10
5.08297386e+01,2.62887752e-05,3.19136307e-05,7.69124924e-08,7.59675569e-12
5.21635971e+01,1.14208581e-06,1.34758659e-06,2.16149965e-09,1.85791134e-13
5.35317917e+01,1.10369790e-07,1.30753520e-07,7.63702018e-11,3.38596847e-15
5.49351997e+01,1.25981918e-08,1.47669006e-08,9.19041059e-12,5.57226257e-15
5.63747253e+01,1.23799703e-11,1.56438647e-11,5.07800291e-13,1.55673555e-17
5.78513031e+01,9.36068605e-13,1.14283030e-12,5.36623578e-15,1.03777128e-18
5.93278885e+01,1.35726848e-14,1.94163109e-14,2.31652658e-16,3.26485603e-20
6.08044662e+01,3.68858073e-16,4.63085830e-16,9.59257451e-18,1.40538259e-21
6.22810478e+01,2.53385324e-17,3.53284968e-17,3.12256468e-19,7.31034498e-23
6.37576256e+01,5.10436974e-19,6.28592125e-19,2.09806979e-20,3.98900848e-24
6.52341995e+01,4.50693557e-20,5.83048336e-20,8.27005170e-22,2.28644283e-25
6.67107849e+01,1.70725353e-21,1.88565716e-21,6.87204313e-23,1.42463673e-26
6.81873703e+01,9.32025465e-23,1.02593020e-22,5.45865438e-24,1.06304217e-27
6.96639481e+01,9.76454474e-24,1.04222733e-23,3.96296651e-25,7.69745990e-29
7.11405258e+01,1.18696686e-24,1.32100064e-24,2.60987543e-26,6.00341892e-30
7.26171036e+01,1.06061708e-25,1.21491211e-25,1.63329876e-27,4.31564037e-31
7.40936813e+01,8.08454315e-27,9.60316896e-27,9.75893138e-29,2.96913916e-32
7.55702591e+01,5.17801143e-28,6.33037813e-28,5.37682739e-30,1.79228046e-33
7.70468445e+01,2.68781038e-29,3.38739570e-29,2.52114880e-31,8.94542304e-35
7.85234222e+01,9.94241680e-31,1.29000358e-30,8.67235431e-33,3.20659527e-36
8.00000000e+01,3.10277141e-32,4.20070253e-32,2.01794199e-34,8.22085757e-38
