Height (km), 7_8 um ash conc (g/kg), 15_6 um ash conc (g/kg), 125 um ash conc (g/kg), 1 mm ash conc (g/kg)
0.00000000e+00,0.00000000e+00,0.00000000e+00,0.00000000e+00,0.00000000e+00
3.99999991e-02,1.95807650e-12,2.88395718e-12,6.11503296e-12,1.97782461e-02
7.99999982e-02,4.60268542e-12,6.83308271e-12,1.85010895e-11,5.41035086e-02
1.19999997e-01,9.60529312e-12,1.42565265e-11,3.92877397e-11,1.13467380e-01
1.59999996e-01,2.01776963e-11,2.99057515e-11,8.25646634e-11,1.91354573e-01
2.00000003e-01,3.46287686e-11,5.14223525e-11,1.58946176e-10,2.89463013e-01
2.39999995e-01,5.86153209e-11,8.67884653e-11,2.79212042e-10,3.87396872e-01
2.80000001e-01,1.08994688e-10,1.61178820e-10,5.65909042e-10,5.54638743e-01
3.19999993e-01,1.72752687e-10,2.55427929e-10,1.11274845e-09,6.62335277e-01
3.60000014e-01,2.90030583e-10,4.27589963e-10,2.31306441e-09,9.02059555e-01
4.00000006e-01,4.48299536e-10,6.61622368e-10,5.21249444e-09,1.06443787e+00
4.39999998e-01,7.26405713e-10,1.07116038e-09,1.27714852e-08,1.32084751e+00
4.79999989e-01,1.12736076e-09,1.66300840e-09,3.36126895e-08,1.43781102e+00
5.19999981e-01,1.63399561e-09,2.41269005e-09,9.04926196e-08,1.73801160e+00
5.60000002e-01,2.61800892e-09,3.87171006e-09,2.59000899e-07,1.88239920e+00
6.00000024e-01,4.22611546e-09,6.25268015e-09,7.32974286e-07,2.14588189e+00
6.41029537e-01,6.01290484e-09,8.90528096e-09,2.02563956e-06,2.33540964e+00
6.83115125e-01,8.94302765e-09,1.32643878e-08,4.47866796e-06,2.49320269e+00
7.26283848e-01,1.28978250e-08,1.91441867e-08,8.07731340e-06,2.66138864e+00
7.70563781e-01,1.99734433e-08,2.97105629e-08,1.28287484e-05,2.83400774e+00
8.15983355e-01,2.98453600e-08,4.44002310e-08,1.91448471e-05,2.93021727e+00
8.62571895e-01,4.10459364e-08,6.10835542e-08,2.77416329e-05,3.07584643e+00
9.10359621e-01,5.96820300e-08,8.88597427e-08,3.90842215e-05,3.16835785e+00
9.59377348e-01,8.35362570e-08,1.24371624e-07,5.36607949e-05,3.21303654e+00
1.00965667e+00,1.10028637e-07,1.63891741e-07,7.16910654e-05,3.28459620e+00
1.06123006e+00,1.47397316e-07,2.19944454e-07,9.60649340e-05,3.34040499e+00
1.11413085e+00,2.00838329e-07,3.00363553e-07,1.26214611e-04,3.39772463e+00
1.16839325e+00,2.74994960e-07,4.12207385e-07,1.65527425e-04,3.46166396e+00
1.22405231e+00,3.77802394e-07,5.67799930e-07,2.13553314e-04,3.54271221e+00
1.28114390e+00,5.12803695e-07,7.73008992e-07,2.77243729e-04,3.64086628e+00
1.33970511e+00,6.94379253e-07,1.05131357e-06,3.66874912e-04,3.73964787e+00
1.39977336e+00,2.01958594e+04,2.82913672e+04,2.00676055e+04,2.15452271e+03
1.46138775e+00,2.59341992e+04,3.63101367e+04,2.44860117e+04,2.09218408e+03
1.52458799e+00,1.60134648e+04,2.24179941e+04,1.51586611e+04,1.41431567e+03
1.58941495e+00,1.52187363e+04,2.13120137e+04,1.47354707e+04,1.59362354e+03
1.65591037e+00,1.50826934e+04,2.11245547e+04,1.47579707e+04,1.70479077e+03
1.72411728e+00,1.51022734e+04,2.11538008e+04,1.48711719e+04,1.78770752e+03
1.79407966e+00,1.51822119e+04,2.12669980e+04,1.50128369e+04,1.85503870e+03
1.86584306e+00,1.52519014e+04,2.13654531e+04,1.51250166e+04,1.90573352e+03
1.93945324e+00,1.52980645e+04,2.14307266e+04,1.52025938e+04,1.94430530e+03
2.01495814e+00,1.53407031e+04,2.14909531e+04,1.52707051e+04,1.97794116e+03
2.09240627e+00,1.53908047e+04,2.15615469e+04,1.53422363e+04,2.00896997e+03
2.17184782e+00,1.54417539e+04,2.16332578e+04,1.54114248e+04,2.03705762e+03
2.25333428e+00,1.55031309e+04,2.17195488e+04,1.54890273e+04,2.06449463e+03
2.33691788e+00,1.55864980e+04,2.18366172e+04,1.55871309e+04,2.09302856e+03
2.42265272e+00,1.56875801e+04,2.19784551e+04,1.57007617e+04,2.12134326e+03
2.51059437e+00,1.57997715e+04,2.21358086e+04,1.58232344e+04,2.14874365e+03
2.60079956e+00,1.59177266e+04,2.23011934e+04,1.59491357e+04,2.17447339e+03
2.69332647e+00,1.60343057e+04,2.24646055e+04,1.60711387e+04,2.19734351e+03
2.78823495e+00,1.61289473e+04,2.25972070e+04,1.61675938e+04,2.21367358e+03
2.88558602e+00,1.61769766e+04,2.26644395e+04,1.62143027e+04,2.22111328e+03
2.98544264e+00,1.61782422e+04,2.26661270e+04,1.62122715e+04,2.22076929e+03
3.08786964e+00,1.61367988e+04,2.26079648e+04,1.61661592e+04,2.21378833e+03
3.19293284e+00,1.60551973e+04,2.24935273e+04,1.60792549e+04,2.20151807e+03
3.30070019e+00,1.59367822e+04,2.23275332e+04,1.59560664e+04,2.18543896e+03
3.41124129e+00,1.57695303e+04,2.20931367e+04,1.57847354e+04,2.16381128e+03
3.52462745e+00,1.55820879e+04,2.18304922e+04,1.55947520e+04,2.14154614e+03
3.64093208e+00,1.54223691e+04,2.16067422e+04,1.54353770e+04,2.12635547e+03
3.76023054e+00,1.52638652e+04,2.13847227e+04,1.52787334e+04,2.11307324e+03
3.88259912e+00,1.50965625e+04,2.11504023e+04,1.51142910e+04,2.10007007e+03
4.00811720e+00,1.50394609e+04,2.10705508e+04,1.50643555e+04,2.10673657e+03
4.13686609e+00,1.52049717e+04,2.13026211e+04,1.52400488e+04,2.14658765e+03
4.26892853e+00,1.54333643e+04,2.16227246e+04,1.54761426e+04,2.19288965e+03
4.40439081e+00,1.56423633e+04,2.19155820e+04,1.56899307e+04,2.23478320e+03
4.54333878e+00,1.59234033e+04,2.23093594e+04,1.59759961e+04,2.28766162e+03
4.68586397e+00,1.62152324e+04,2.27182188e+04,1.62714150e+04,2.34118481e+03
4.83205652e+00,1.63966836e+04,2.29723164e+04,1.64501328e+04,2.37474536e+03
4.98201227e+00,1.63904375e+04,2.29633906e+04,1.64372461e+04,2.38050903e+03
5.13582754e+00,1.62793193e+04,2.28075703e+04,1.63200322e+04,2.37434180e+03
5.29360199e+00,1.61336152e+04,2.26033164e+04,1.61680234e+04,2.36448560e+03
5.45543718e+00,1.59510176e+04,2.23473184e+04,1.59757559e+04,2.34816113e+03
5.62143755e+00,1.57322617e+04,2.20407207e+04,1.57499482e+04,2.33171387e+03
5.79171038e+00,1.57035332e+04,2.20005000e+04,1.57217070e+04,2.34924414e+03
5.96636629e+00,1.59106484e+04,2.22906445e+04,1.59277363e+04,2.39889014e+03
6.14551687e+00,1.60352607e+04,2.24651094e+04,1.60472080e+04,2.43606641e+03
6.32927942e+00,1.61332188e+04,2.26021992e+04,1.61385146e+04,2.47019800e+03
6.51777077e+00,1.62808984e+04,2.28089316e+04,1.62798125e+04,2.51320947e+03
6.71111441e+00,1.62300127e+04,2.27373965e+04,1.62184238e+04,2.52626367e+03
6.90943432e+00,1.58434141e+04,2.21956621e+04,1.58255068e+04,2.50487646e+03
7.11285782e+00,1.54607090e+04,2.16595977e+04,1.54453115e+04,2.49591724e+03
7.32151794e+00,1.51097783e+04,2.11678223e+04,1.50857041e+04,2.49056372e+03
7.53554821e+00,1.46887148e+04,2.05780977e+04,1.46716299e+04,2.49624658e+03
7.75508738e+00,1.49786719e+04,2.09846934e+04,1.49784580e+04,2.61492505e+03
7.98027754e+00,1.54034922e+04,2.15797891e+04,1.54015137e+04,2.74364111e+03
8.21126270e+00,1.54884980e+04,2.16991777e+04,1.55044434e+04,2.81425293e+03
8.44819450e+00,1.60592070e+04,2.24987207e+04,1.60773818e+04,2.92740234e+03
8.69122219e+00,1.57861387e+04,2.21157383e+04,1.57856562e+04,2.93636157e+03
8.94050789e+00,1.53654854e+04,2.15269688e+04,1.53940498e+04,2.97414160e+03
9.19620800e+00,1.61321064e+04,2.26010352e+04,1.61637520e+04,3.14151270e+03
9.45849037e+00,1.59973203e+04,2.24115625e+04,1.59998789e+04,3.19301343e+03
9.72752285e+00,1.60061016e+04,2.24244062e+04,1.60370479e+04,3.37496875e+03
1.00034800e+01,1.71366250e+04,2.40092500e+04,1.72148164e+04,3.72637402e+03
1.02865391e+01,1.93116133e+04,2.70556445e+04,1.93555762e+04,4.13180469e+03
1.05768833e+01,1.87538516e+04,2.62731465e+04,1.87513848e+04,4.18346289e+03
1.08747025e+01,1.77315742e+04,2.48412812e+04,1.77563691e+04,4.24475439e+03
1.11801853e+01,1.90101797e+04,2.66319688e+04,1.90088516e+04,4.55417676e+03
1.14935322e+01,1.91456113e+04,2.68207578e+04,1.90857070e+04,4.64409473e+03
1.18149433e+01,1.72805137e+04,2.42070547e+04,1.71802480e+04,4.43935938e+03
1.21446266e+01,1.54574590e+04,2.16524688e+04,1.53365674e+04,4.22295703e+03
1.24827967e+01,1.40054600e+04,1.96192305e+04,1.39295312e+04,4.07369092e+03
1.28296700e+01,1.39302949e+04,1.95152090e+04,1.39160977e+04,4.09939600e+03
1.31854706e+01,1.40986289e+04,1.97503691e+04,1.40654219e+04,4.09358008e+03
1.35504293e+01,1.37944336e+04,1.93248789e+04,1.38223477e+04,4.15942969e+03
1.39247818e+01,1.41891055e+04,1.98792793e+04,1.43329854e+04,4.45943359e+03
1.43087692e+01,1.49981533e+04,2.10124609e+04,1.52051191e+04,4.78573193e+03
1.47026405e+01,1.46335166e+04,2.05025234e+04,1.49889609e+04,4.98515820e+03
1.51066484e+01,1.34921914e+04,1.89047383e+04,1.41563955e+04,4.93459668e+03
1.55210552e+01,1.38672256e+04,1.94297930e+04,1.49497285e+04,4.88530957e+03
1.59461288e+01,1.53982246e+04,2.15767246e+04,1.73774238e+04,5.07171875e+03
1.63821430e+01,1.89225879e+04,2.65197402e+04,2.25290547e+04,5.56304736e+03
1.68293781e+01,2.18748574e+04,3.06646289e+04,2.70830781e+04,5.86604297e+03
1.72881241e+01,2.14982598e+04,3.01575117e+04,2.84188477e+04,5.90075000e+03
1.77586803e+01,2.40015508e+04,3.36838008e+04,3.20961680e+04,6.02574512e+03
1.82413464e+01,2.17083281e+04,3.04995820e+04,3.14448691e+04,5.71790771e+03
1.87364349e+01,2.58687930e+04,3.63698828e+04,3.76931758e+04,6.35282520e+03
1.92442665e+01,3.55054688e+04,4.99377344e+04,4.78365664e+04,7.03296582e+03
1.97651691e+01,4.10036797e+04,5.76674141e+04,5.14846328e+04,6.68620117e+03
2.02994785e+01,4.26904258e+04,6.00106172e+04,5.09865820e+04,6.20750684e+03
2.08475418e+01,4.78078008e+04,6.71450391e+04,5.29342305e+04,6.01772461e+03
2.14097099e+01,5.15424375e+04,7.23001797e+04,5.30005039e+04,5.72304492e+03
2.19863453e+01,5.08307227e+04,7.12209062e+04,4.92290156e+04,5.14354980e+03
2.25778236e+01,4.79210312e+04,6.70723594e+04,4.44708320e+04,4.91706152e+03
2.31845264e+01,5.10324102e+04,7.14027188e+04,4.64547812e+04,5.57755322e+03
2.38068466e+01,5.30501211e+04,7.42245781e+04,4.79561953e+04,5.47570215e+03
2.44451809e+01,5.38232031e+04,7.52796719e+04,4.71502422e+04,5.27976660e+03
2.50999470e+01,5.13399609e+04,7.17849609e+04,4.40279883e+04,5.44140283e+03
2.57715645e+01,5.06464297e+04,7.07966250e+04,4.34619219e+04,5.49643457e+03
2.64604683e+01,4.90703008e+04,6.85721719e+04,4.22974844e+04,5.48987793e+03
2.71671047e+01,4.52289609e+04,6.31991953e+04,4.01631953e+04,5.63247900e+03
2.78919277e+01,4.30653438e+04,6.02132500e+04,4.01276289e+04,5.72862988e+03
2.86354065e+01,4.14092656e+04,5.79388203e+04,3.98625391e+04,5.60370068e+03
2.93980217e+01,4.92477656e+04,6.89517188e+04,4.79887773e+04,6.36506885e+03
3.01802654e+01,4.48808750e+04,6.28090664e+04,4.20219844e+04,4.18459131e+03
3.09826431e+01,3.69493203e+04,5.16776484e+04,3.33856836e+04,3.08192432e+03
3.18056717e+01,3.02766016e+04,4.23412539e+04,2.70224219e+04,1.94726770e+03
3.26498833e+01,1.74187969e+04,2.43333418e+04,1.43761191e+04,5.07024292e+02
3.35158234e+01,8.06067920e+03,1.12220117e+04,5.23083203e+03,2.06190872e+01
3.44040565e+01,2.47002441e+03,3.41584570e+03,9.46068848e+02,3.93824354e-02
3.53151436e+01,8.27964478e+02,1.13904785e+03,1.82136932e+02,8.53770040e-03
3.62496834e+01,7.99789368e+02,1.10282092e+03,2.37893570e+02,7.35970121e-03
3.72082787e+01,5.19272705e+02,7.15109375e+02,1.44611740e+02,4.23792005e-03
3.81915474e+01,3.35976379e+02,4.61741699e+02,7.47344818e+01,5.92977158e-04
3.92001228e+01,2.48275391e+02,3.40200317e+02,4.43871765e+01,4.65076519e-05
4.02346535e+01,1.04855080e+02,1.42494247e+02,8.19958687e+00,3.89185188e-05
4.12958107e+01,2.21948586e+01,2.97657719e+01,1.01655006e+00,1.91506697e-05
4.23842850e+01,2.00574341e+01,2.71060276e+01,1.29466307e+00,1.03840948e-05
4.35007744e+01,2.25553417e+00,3.01391315e+00,8.36838484e-02,2.96205940e-06
4.46459999e+01,7.03143835e-01,9.38659310e-01,2.00545173e-02,9.24214476e-07
4.58207016e+01,1.19378634e-01,1.58350706e-01,1.84215058e-03,1.80582006e-07
4.70256386e+01,3.48103531e-02,4.65103239e-02,6.63151324e-04,7.01761351e-08
4.82615852e+01,1.15194102e-03,1.51337136e-03,1.03126586e-05,1.36836609e-09
4.95293465e+01,1.88598491e-03,2.52077193e-03,3.89572888e-05,2.99899217e-09
5.08297386e+01,3.54857359e-04,4.70652187e-04,5.12175257e-06,5.91784621e-10
5.21635971e+01,2.20381182e-07,2.80619446e-07,2.55587040e-09,2.59967693e-13
5.35317917e+01,3.93728169e-06,5.02671674e-06,3.61158037e-08,7.00716091e-12
5.49351997e+01,1.99204280e-07,2.59863356e-07,1.42991385e-09,2.91771625e-13
5.63747253e+01,2.79101942e-09,3.80099818e-09,3.30454830e-11,5.37018762e-15
5.78513031e+01,2.13299961e-10,2.72182943e-10,1.69410048e-12,2.30696279e-16
5.93278885e+01,1.55662668e-12,2.15968693e-12,1.83081733e-14,3.92251569e-18
6.08044662e+01,8.13831966e-14,1.03816830e-13,8.03313606e-16,3.35724254e-19
6.22810478e+01,7.62149076e-16,1.14944880e-15,1.00987511e-17,2.80679669e-21
6.37576256e+01,1.69880547e-17,1.82657659e-17,2.32498488e-18,2.55258021e-22
6.52341995e+01,4.78399659e-18,6.62914785e-18,1.08871347e-20,3.07950984e-24
6.67107849e+01,1.93261186e-20,1.88772035e-20,2.60917463e-21,1.94395246e-25
6.81873703e+01,9.83269029e-21,1.32514988e-20,1.93563132e-23,4.76736802e-27
6.96639481e+01,5.98644137e-23,7.40584953e-23,4.99977162e-24,4.30810066e-28
7.11405258e+01,8.64690554e-24,1.12643058e-23,6.77393257e-26,7.58524499e-30
7.26171036e+01,3.00351246e-25,3.79973023e-25,5.74288004e-27,6.20979106e-31
7.40936813e+01,2.13175947e-26,2.78646503e-26,2.64672728e-28,3.36859095e-32
7.55702591e+01,9.28014736e-28,1.20363939e-27,1.14443715e-29,1.44565298e-33
7.70468445e+01,3.03827817e-29,4.04447876e-29,4.27987008e-31,5.67907379e-35
7.85234222e+01,6.67143590e-31,8.99025415e-31,1.03680453e-32,1.42309800e-36
8.00000000e+01,2.34380937e-32,3.11227969e-32,3.33128992e-34,4.36728679e-38
