Height (km), 7_8 um ash conc (g/kg), 15_6 um ash conc (g/kg), 125 um ash conc (g/kg), 1 mm ash conc (g/kg)
0.00000000e+00,0.00000000e+00,0.00000000e+00,0.00000000e+00,0.00000000e+00
3.99999991e-02,4.27052574e-20,6.86633579e-20,7.86696080e-14,6.22071981e-01
7.99999982e-02,3.11263598e-18,4.97682811e-18,7.27449915e-12,6.93801343e-01
1.19999997e-01,5.46304421e-17,9.30177437e-17,2.08010248e-10,6.91201746e-01
1.59999996e-01,5.73934067e-16,9.94134724e-16,2.65068145e-09,7.09390342e-01
2.00000003e-01,5.33707710e-15,9.28784417e-15,2.37837146e-08,7.29705811e-01
2.39999995e-01,3.33733590e-14,5.83283964e-14,2.16512689e-07,7.63315320e-01
2.80000001e-01,2.18051705e-13,3.83014529e-13,2.86916975e-06,7.96124399e-01
3.19999993e-01,1.07934993e-12,1.91491614e-12,2.32677266e-05,8.37662458e-01
3.60000014e-01,5.78539300e-12,1.02567434e-11,1.26792569e-04,8.91470671e-01
4.00000006e-01,2.51362767e-11,4.47909244e-11,4.98125679e-04,9.48320627e-01
4.39999998e-01,6.20010918e-11,1.11170836e-10,1.56042224e-03,9.66031730e-01
4.79999989e-01,1.49260354e-10,2.66278000e-10,4.13422612e-03,1.00598216e+00
5.19999981e-01,3.73597348e-10,6.64569011e-10,9.05339047e-03,1.09061408e+00
5.60000002e-01,9.27171728e-10,1.65313863e-09,1.78212151e-02,1.06212664e+00
6.00000024e-01,2.41208564e-09,4.29696900e-09,3.00778635e-02,1.12756085e+00
6.41029537e-01,4.45536186e-09,7.97876609e-09,4.85913679e-02,1.12004483e+00
6.83115125e-01,8.00252842e-09,1.43245389e-08,6.88402057e-02,1.19354415e+00
7.26283848e-01,1.60108513e-08,2.85606170e-08,9.36079770e-02,1.13574409e+00
7.70563781e-01,2.84712929e-08,5.06938456e-08,1.16027959e-01,1.22058475e+00
8.15983355e-01,4.60890348e-08,8.20781736e-08,1.34127259e-01,1.17880428e+00
8.62571895e-01,8.62203891e-08,1.55691623e-07,1.44989461e-01,1.32442069e+00
9.10359621e-01,1.87640083e-07,3.44167489e-07,1.47599354e-01,1.24236941e+00
9.59377348e-01,3.43993918e-07,6.35626520e-07,1.43328041e-01,1.40970457e+00
1.00965667e+00,8.34269144e-07,1.58277066e-06,1.36652172e-01,1.32399321e+00
1.06123006e+00,2.33262153e-06,4.36873688e-06,1.27009884e-01,1.48778629e+00
1.11413085e+00,1.35347564e-05,2.58337950e-05,1.22164600e-01,1.37967718e+00
1.16839325e+00,9.10859744e-05,1.66560581e-04,1.19657449e-01,1.63143134e+00
1.22405231e+00,2.18626781e-04,3.83887033e-04,1.18310452e-01,1.52588212e+00
1.28114390e+00,6.10695046e-04,1.03260879e-03,1.34529099e-01,1.81214297e+00
1.33970511e+00,1.41890906e-03,2.31892872e-03,1.42103508e-01,1.84021187e+00
1.39977336e+00,2.02321797e+04,2.83414590e+04,2.00483750e+04,2.04403979e+03
1.46138775e+00,2.58295742e+04,3.61601797e+04,2.41803672e+04,1.94032336e+03
1.52458799e+00,1.54866230e+04,2.16774277e+04,1.45064980e+04,1.26127954e+03
1.58941495e+00,1.36181641e+04,1.90676250e+04,1.30274941e+04,1.31073083e+03
1.65591037e+00,1.26514043e+04,1.77172891e+04,1.22729785e+04,1.36977832e+03
1.72411728e+00,1.27174434e+04,1.78132051e+04,1.25119541e+04,1.54756592e+03
1.79407966e+00,1.38287812e+04,1.93735664e+04,1.38000977e+04,1.87440015e+03
1.86584306e+00,1.59217422e+04,2.23091992e+04,1.60795645e+04,2.32899463e+03
1.93945324e+00,1.85052812e+04,2.59313750e+04,1.88156406e+04,2.78130127e+03
2.01495814e+00,2.07893984e+04,2.91320664e+04,2.11439609e+04,3.06201270e+03
2.09240627e+00,2.20497227e+04,3.08962051e+04,2.23234727e+04,3.09520020e+03
2.17184782e+00,2.21517715e+04,3.10364023e+04,2.22756562e+04,2.93547778e+03
2.25333428e+00,2.13613516e+04,2.99259043e+04,2.13119375e+04,2.65717773e+03
2.33691788e+00,1.98025684e+04,2.77391348e+04,1.95875664e+04,2.31158496e+03
2.42265272e+00,1.78214570e+04,2.49615117e+04,1.74854062e+04,1.97259277e+03
2.51059437e+00,1.57757598e+04,2.20945000e+04,1.53801562e+04,1.68879443e+03
2.60079956e+00,1.38909336e+04,1.94538691e+04,1.34907305e+04,1.46937207e+03
2.69332647e+00,1.23076953e+04,1.72364180e+04,1.19379229e+04,1.31450049e+03
2.78823495e+00,1.10146367e+04,1.54259785e+04,1.06994756e+04,1.20850513e+03
2.88558602e+00,1.00982988e+04,1.41435723e+04,9.84861523e+03,1.15855396e+03
2.98544264e+00,9.56426953e+03,1.33967617e+04,9.37833203e+03,1.15260693e+03
3.08786964e+00,9.36172070e+03,1.31143398e+04,9.23991797e+03,1.19689893e+03
3.19293284e+00,9.47308984e+03,1.32718252e+04,9.42264648e+03,1.28707080e+03
3.30070019e+00,9.95814062e+03,1.39529062e+04,9.98518945e+03,1.43665698e+03
3.41124129e+00,1.08904111e+04,1.52606084e+04,1.10020273e+04,1.65212073e+03
3.52462745e+00,1.22561836e+04,1.71757383e+04,1.24628789e+04,1.94019934e+03
3.64093208e+00,1.40448203e+04,1.96833867e+04,1.43588184e+04,2.29886108e+03
3.76023054e+00,1.63186602e+04,2.28708379e+04,1.67530137e+04,2.73900781e+03
3.88259912e+00,1.90484258e+04,2.66968867e+04,1.96103086e+04,3.24651538e+03
4.00811720e+00,2.20051289e+04,3.08406094e+04,2.26940859e+04,3.76846313e+03
4.13686609e+00,2.47019492e+04,3.46192500e+04,2.54653867e+04,4.15328711e+03
4.26892853e+00,2.64486367e+04,3.70649023e+04,2.71591914e+04,4.23368604e+03
4.40439081e+00,2.70825645e+04,3.79498164e+04,2.76065586e+04,4.02774536e+03
4.54333878e+00,2.67858906e+04,3.75297031e+04,2.70357832e+04,3.65810547e+03
4.68586397e+00,2.53411133e+04,3.55007812e+04,2.52999082e+04,3.18539844e+03
4.83205652e+00,2.34999727e+04,3.29180938e+04,2.32539395e+04,2.77338623e+03
4.98201227e+00,2.12236719e+04,2.97265215e+04,2.08185547e+04,2.37022998e+03
5.13582754e+00,1.79973672e+04,2.52062051e+04,1.75502559e+04,1.95776318e+03
5.29360199e+00,1.55767939e+04,2.18158164e+04,1.51499785e+04,1.69469324e+03
5.45543718e+00,1.34388086e+04,1.88222715e+04,1.31063242e+04,1.52715979e+03
5.62143755e+00,1.33082715e+04,1.86414180e+04,1.30849189e+04,1.62224219e+03
5.79171038e+00,1.43946895e+04,2.01633320e+04,1.41793477e+04,1.79253418e+03
5.96636629e+00,1.36746553e+04,1.91548340e+04,1.35005703e+04,1.76680603e+03
6.14551687e+00,1.32477383e+04,1.85600781e+04,1.32349375e+04,1.88498413e+03
6.32927942e+00,1.48696348e+04,2.08342812e+04,1.49455479e+04,2.21535449e+03
6.51777077e+00,1.48535381e+04,2.08137617e+04,1.50257969e+04,2.27902295e+03
6.71111441e+00,1.38345479e+04,1.93857422e+04,1.39846172e+04,2.06487695e+03
6.90943432e+00,1.17655430e+04,1.64856680e+04,1.18676748e+04,1.77743323e+03
7.11285782e+00,1.34315996e+04,1.88253613e+04,1.37442549e+04,2.11544604e+03
7.32151794e+00,2.04909570e+04,2.87124023e+04,2.06386660e+04,2.79806470e+03
7.53554821e+00,2.43091602e+04,3.40561328e+04,2.42744316e+04,3.27972925e+03
7.75508738e+00,2.61998125e+04,3.67127422e+04,2.64677871e+04,3.86715381e+03
7.98027754e+00,3.00443633e+04,4.20909141e+04,2.99101758e+04,3.95878613e+03
8.21126270e+00,2.33674883e+04,3.27189609e+04,2.25587109e+04,2.52891479e+03
8.44819450e+00,1.02766279e+04,1.43825283e+04,9.69486621e+03,9.84695435e+02
8.69122219e+00,3.25734155e+03,4.55909912e+03,3.09716602e+03,3.58622498e+02
8.94050789e+00,1.86197815e+03,2.60896313e+03,1.87500134e+03,2.93707245e+02
9.19620800e+00,2.76628125e+03,3.87679272e+03,2.81074463e+03,4.37398254e+02
9.45849037e+00,4.91892432e+03,6.89178076e+03,4.93284570e+03,7.03576355e+02
9.72752285e+00,7.60978955e+03,1.06605918e+04,7.58909863e+03,1.04206628e+03
1.00034800e+01,1.05273096e+04,1.47479336e+04,1.05055225e+04,1.42741553e+03
1.02865391e+01,1.23230947e+04,1.72634863e+04,1.22907080e+04,1.64802588e+03
1.05768833e+01,1.33488096e+04,1.87009590e+04,1.33375215e+04,1.78057617e+03
1.08747025e+01,1.46503369e+04,2.05230723e+04,1.45845898e+04,1.88670508e+03
1.11801853e+01,1.35762881e+04,1.90172715e+04,1.34661660e+04,1.70999097e+03
1.14935322e+01,1.29584473e+04,1.81515293e+04,1.28390918e+04,1.63206592e+03
1.18149433e+01,1.29701592e+04,1.81658086e+04,1.27596182e+04,1.58027258e+03
1.21446266e+01,8.58560547e+03,1.20245371e+04,8.44027344e+03,1.06811658e+03
1.24827967e+01,6.11383984e+03,8.56420605e+03,6.08529492e+03,8.37701050e+02
1.28296700e+01,7.52252539e+03,1.05376748e+04,7.50524219e+03,1.03998669e+03
1.31854706e+01,8.79554199e+03,1.23208057e+04,8.77554297e+03,1.21057825e+03
1.35504293e+01,8.66126660e+03,1.21325000e+04,8.64140527e+03,1.19118481e+03
1.39247818e+01,7.37620166e+03,1.03324492e+04,7.37943652e+03,1.03088696e+03
1.43087692e+01,4.99998877e+03,7.00589990e+03,5.11169141e+03,7.72882324e+02
1.47026405e+01,3.39644214e+03,4.76156250e+03,3.61567017e+03,6.11306885e+02
1.51066484e+01,3.34495703e+03,4.69116357e+03,3.66360718e+03,6.45950623e+02
1.55210552e+01,4.20262793e+03,5.89449316e+03,4.63701367e+03,7.82393738e+02
1.59461288e+01,4.98337354e+03,6.99108105e+03,5.59772461e+03,9.08063049e+02
1.63821430e+01,6.34714307e+03,8.90770801e+03,7.31655957e+03,1.09661401e+03
1.68293781e+01,8.85612402e+03,1.24279639e+04,1.01510420e+04,1.32325977e+03
1.72881241e+01,1.11195205e+04,1.56092334e+04,1.28693887e+04,1.49585376e+03
1.77586803e+01,1.38840352e+04,1.94998105e+04,1.56827363e+04,1.52354895e+03
1.82413464e+01,1.73973711e+04,2.44130781e+04,1.80504727e+04,1.42397009e+03
1.87364349e+01,2.07828789e+04,2.91149492e+04,1.91508809e+04,1.32723047e+03
1.92442665e+01,2.18545176e+04,3.05724883e+04,1.87578984e+04,1.56511426e+03
1.97651691e+01,2.18457148e+04,3.05180801e+04,1.77712031e+04,1.75998938e+03
2.02994785e+01,1.95588691e+04,2.73052363e+04,1.66914219e+04,1.91448938e+03
2.08475418e+01,1.79918730e+04,2.51571211e+04,1.66080078e+04,1.98308447e+03
2.14097099e+01,2.00411992e+04,2.80477363e+04,1.92260840e+04,1.79124231e+03
2.19863453e+01,1.91712285e+04,2.68232344e+04,1.74553418e+04,1.17670508e+03
2.25778236e+01,1.53175762e+04,2.14099785e+04,1.28770645e+04,9.99824646e+02
2.31845264e+01,1.21384902e+04,1.69637305e+04,1.01763564e+04,8.49698303e+02
2.38068466e+01,8.03131494e+03,1.12192383e+04,6.57875781e+03,4.98766449e+02
2.44451809e+01,3.67280664e+03,5.12533594e+03,2.81447876e+03,1.70909637e+02
2.50999470e+01,1.08604895e+03,1.51250037e+03,7.25607483e+02,2.66944752e+01
2.57715645e+01,2.88608215e+02,4.00308807e+02,1.37517853e+02,1.30733359e+00
2.64604683e+01,1.06026413e+02,1.46576996e+02,3.92833405e+01,5.97855821e-02
2.71671047e+01,7.16361237e+01,9.89928741e+01,2.46592388e+01,3.00565432e-03
2.78919277e+01,5.23552094e+01,7.23728409e+01,1.84919300e+01,7.79678021e-03
2.86354065e+01,7.30392303e+01,1.00995491e+02,2.49839745e+01,2.01821350e-03
2.93980217e+01,1.00372093e+02,1.37828445e+02,2.40132313e+01,3.86079482e-04
3.01802654e+01,5.26890144e+01,7.16779556e+01,8.36083603e+00,4.50167790e-05
3.09826431e+01,1.84594707e+01,2.50343037e+01,2.51814628e+00,1.00548350e-05
3.18056717e+01,3.10151577e+00,4.16123152e+00,1.71722054e-01,2.23911093e-06
3.26498833e+01,4.02619094e-01,5.31599462e-01,9.39038955e-03,4.72710582e-07
3.35158234e+01,8.59634280e-02,1.13851428e-01,1.70182949e-03,1.46772933e-07
3.44040565e+01,2.33193617e-02,3.08755692e-02,2.60178233e-04,3.92281585e-08
3.53151436e+01,6.91442098e-03,9.12841782e-03,4.73448963e-05,1.03202265e-08
3.62496834e+01,1.73462683e-03,2.28217756e-03,9.46470300e-06,3.18542659e-09
3.72082787e+01,6.62111212e-04,8.66135117e-04,2.50574976e-06,1.20520283e-09
3.81915474e+01,1.77741895e-04,2.31194339e-04,3.26235238e-07,2.01890477e-10
3.92001228e+01,3.72492286e-06,4.70103259e-06,7.75048292e-09,4.34559550e-12
4.02346535e+01,1.64385312e-07,2.06182662e-07,5.51535539e-10,2.86655438e-13
4.12958107e+01,5.56921309e-09,7.04267000e-09,2.95540814e-11,1.50488718e-14
4.23842850e+01,1.33951461e-10,1.70234202e-10,1.25808934e-12,6.57112596e-16
4.35007744e+01,2.35010665e-12,2.99721142e-12,4.10506590e-14,2.06950663e-17
4.46459999e+01,3.17634645e-14,4.04131142e-14,9.87795106e-16,4.43477944e-19
4.58207016e+01,2.94808785e-16,3.92501462e-16,8.47366632e-18,4.41065829e-21
4.70256386e+01,2.07831274e-19,2.87850245e-19,1.38393423e-20,7.69343895e-25
4.82615852e+01,3.75943531e-21,6.87901573e-21,4.00579466e-23,6.57008043e-26
4.95293465e+01,1.37080975e-23,9.42759069e-24,9.47125138e-25,2.79718310e-27
5.08297386e+01,9.81798040e-25,1.09645266e-24,3.02485571e-26,1.69688090e-29
5.21635971e+01,9.28993301e-28,2.41848691e-27,3.45447987e-28,6.97053386e-31
5.35317917e+01,2.06840254e-28,2.53678918e-28,2.82427515e-29,2.22319300e-33
5.49351997e+01,7.91507479e-30,7.65710926e-30,4.29925163e-31,3.11769410e-34
5.63747253e+01,7.72463241e-32,1.11955634e-31,1.12982044e-32,8.54423609e-36
5.78513031e+01,3.10953998e-33,3.69081937e-33,2.11513471e-34,4.69280843e-38
5.93278885e+01,8.89234213e-35,1.31085034e-34,7.62060848e-36,6.28202102e-39
6.08044662e+01,3.20535118e-36,4.16657036e-36,3.14716210e-37,3.64337601e-41
6.22810478e+01,7.49344354e-38,9.09765002e-38,6.26100154e-39,0.00000000e+00
6.37576256e+01,1.84691138e-39,2.48450218e-39,1.82168800e-40,0.00000000e+00
6.52341995e+01,5.04467447e-41,6.02558340e-41,0.00000000e+00,0.00000000e+00
6.67107849e+01,0.00000000e+00,0.00000000e+00,0.00000000e+00,0.00000000e+00
6.81873703e+01,0.00000000e+00,0.00000000e+00,0.00000000e+00,0.00000000e+00
6.96639481e+01,0.00000000e+00,0.00000000e+00,0.00000000e+00,0.00000000e+00
7.11405258e+01,0.00000000e+00,0.00000000e+00,0.00000000e+00,0.00000000e+00
7.26171036e+01,0.00000000e+00,0.00000000e+00,0.00000000e+00,0.00000000e+00
7.40936813e+01,0.00000000e+00,0.00000000e+00,0.00000000e+00,0.00000000e+00
7.55702591e+01,0.00000000e+00,0.00000000e+00,0.00000000e+00,0.00000000e+00
7.70468445e+01,0.00000000e+00,0.00000000e+00,0.00000000e+00,0.00000000e+00
7.85234222e+01,0.00000000e+00,0.00000000e+00,0.00000000e+00,0.00000000e+00
8.00000000e+01,0.00000000e+00,0.00000000e+00,0.00000000e+00,0.00000000e+00
