Height (km), 7_8 um ash conc (g/kg), 15_6 um ash conc (g/kg), 125 um ash conc (g/kg), 1 mm ash conc (g/kg)
0.00000000e+00,0.00000000e+00,0.00000000e+00,0.00000000e+00,0.00000000e+00
3.99999991e-02,2.47935188e-19,4.44955548e-19,4.22705889e-05,4.15127869e+01
7.99999982e-02,6.81984855e-18,1.30405445e-17,3.43424239e-04,4.36220856e+01
1.19999997e-01,1.23285831e-16,2.42091995e-16,1.19913055e-03,4.61078415e+01
1.59999996e-01,6.67348884e-16,1.35826635e-15,2.87378696e-03,4.62906761e+01
2.00000003e-01,6.23259040e-15,1.10461601e-14,5.19577740e-03,4.76478767e+01
2.39999995e-01,2.73384966e-14,4.83896878e-14,7.97443371e-03,4.72992897e+01
2.80000001e-01,3.13127725e-13,4.71550045e-13,1.12295980e-02,4.84558334e+01
3.19999993e-01,1.70902572e-12,2.62557337e-12,1.47790182e-02,5.07685661e+01
3.60000014e-01,6.86448641e-12,1.04090061e-11,1.91089604e-02,5.11364670e+01
4.00000006e-01,3.44412276e-11,5.47259599e-11,2.31501907e-02,5.17709007e+01
4.39999998e-01,9.75412390e-11,1.64809777e-10,2.83431057e-02,5.35657425e+01
4.79999989e-01,4.10973977e-10,7.07593484e-10,3.28582972e-02,5.52286377e+01
5.19999981e-01,1.34243883e-09,2.63344568e-09,3.96006815e-02,5.19482765e+01
5.60000002e-01,4.14242862e-09,8.48132586e-09,4.44388539e-02,5.80160484e+01
6.00000024e-01,1.11586793e-08,2.74616845e-08,5.30645922e-02,5.61974907e+01
6.41029537e-01,5.23431751e-08,1.38487977e-07,6.08401671e-02,6.44870682e+01
6.83115125e-01,9.47489980e-08,3.05302734e-07,7.35227391e-02,6.72779770e+01
7.26283848e-01,1.99825379e-07,7.21641413e-07,8.08532089e-02,7.25344849e+01
7.70563781e-01,6.58372755e-07,2.58051841e-06,9.09660906e-02,6.63234863e+01
8.15983355e-01,1.58373393e-06,4.82797077e-06,1.01081438e-01,6.96256104e+01
8.62571895e-01,5.75625563e-06,1.75542227e-05,1.19814090e-01,7.13018341e+01
9.10359621e-01,1.13176520e-05,3.14992976e-05,1.29887849e-01,7.67939835e+01
9.59377348e-01,3.34842189e-05,9.28322479e-05,1.43786028e-01,7.45042648e+01
1.00965667e+00,5.94826270e-05,1.80641844e-04,1.54114485e-01,7.45445404e+01
1.06123006e+00,1.62834229e-04,5.03217510e-04,1.65094897e-01,7.16524353e+01
1.11413085e+00,5.11939346e-04,1.22441654e-03,1.85534149e-01,7.09993668e+01
1.16839325e+00,1.23950688e-03,2.20042560e-03,1.96881160e-01,8.40200043e+01
1.22405231e+00,1.97512237e-03,2.73825438e-03,2.22685397e-01,7.35546722e+01
1.28114390e+00,2.26877560e-03,2.82564270e-03,2.25712553e-01,8.37099533e+01
1.33970511e+00,2.58559803e-03,2.99993088e-03,3.01918477e-01,8.33450623e+01
1.39977336e+00,2.06986426e+04,2.89796016e+04,1.94591074e+04,1.27940503e+03
1.46138775e+00,2.62047383e+04,3.66442969e+04,2.20737227e+04,1.37926868e+03
1.52458799e+00,1.56146543e+04,2.18308223e+04,1.33271738e+04,9.90557983e+02
1.58941495e+00,1.47940566e+04,2.06981250e+04,1.32774082e+04,1.23487903e+03
1.65591037e+00,1.50050410e+04,2.10006406e+04,1.38082627e+04,1.40107495e+03
1.72411728e+00,1.56176211e+04,2.18623242e+04,1.45665059e+04,1.52554358e+03
1.79407966e+00,1.60150557e+04,2.24200273e+04,1.49895039e+04,1.57590649e+03
1.86584306e+00,1.58386982e+04,2.21724668e+04,1.47808174e+04,1.52648145e+03
1.93945324e+00,1.51569297e+04,2.12166465e+04,1.40648672e+04,1.43032971e+03
2.01495814e+00,1.41322539e+04,1.97810430e+04,1.30441582e+04,1.32449377e+03
2.09240627e+00,1.29769863e+04,1.81635508e+04,1.19497012e+04,1.23851343e+03
2.17184782e+00,1.19246934e+04,1.66911855e+04,1.09984609e+04,1.17019348e+03
2.25333428e+00,1.11217031e+04,1.55686230e+04,1.03172031e+04,1.16348120e+03
2.33691788e+00,1.07035430e+04,1.49857305e+04,1.00384727e+04,1.18737634e+03
2.42265272e+00,1.08914131e+04,1.52522715e+04,1.03771133e+04,1.32295337e+03
2.51059437e+00,1.18629141e+04,1.66167188e+04,1.15032393e+04,1.55397961e+03
2.60079956e+00,1.36320693e+04,1.90987344e+04,1.34414941e+04,1.91223901e+03
2.69332647e+00,1.61425498e+04,2.26192344e+04,1.61346670e+04,2.37070801e+03
2.78823495e+00,1.91708828e+04,2.68642812e+04,1.93195273e+04,2.87321753e+03
2.88558602e+00,2.20424102e+04,3.08876211e+04,2.22574902e+04,3.24752637e+03
2.98544264e+00,2.40068398e+04,3.36373633e+04,2.41319512e+04,3.35459912e+03
3.08786964e+00,2.46746543e+04,3.45678672e+04,2.45335586e+04,3.17076270e+03
3.19293284e+00,2.39755430e+04,3.35818281e+04,2.34603340e+04,2.78483960e+03
3.30070019e+00,2.22428027e+04,3.11481660e+04,2.13727266e+04,2.33358276e+03
3.41124129e+00,2.00136484e+04,2.80209688e+04,1.89023301e+04,1.94207764e+03
3.52462745e+00,1.77428828e+04,2.48377422e+04,1.65230840e+04,1.63009717e+03
3.64093208e+00,1.57036367e+04,2.19808223e+04,1.44864062e+04,1.42495239e+03
3.76023054e+00,1.40439121e+04,1.96569355e+04,1.29013076e+04,1.27386987e+03
3.88259912e+00,1.27803652e+04,1.78887734e+04,1.17488623e+04,1.20877722e+03
4.00811720e+00,1.18994824e+04,1.66571016e+04,1.09961416e+04,1.17496924e+03
4.13686609e+00,1.13648750e+04,1.59105020e+04,1.05849785e+04,1.19535791e+03
4.26892853e+00,1.10843789e+04,1.55198027e+04,1.04227725e+04,1.22849792e+03
4.40439081e+00,1.10975879e+04,1.55405342e+04,1.05497334e+04,1.31770679e+03
4.54333878e+00,1.13488672e+04,1.58945537e+04,1.09044922e+04,1.40886523e+03
4.68586397e+00,1.18746113e+04,1.66331680e+04,1.15387061e+04,1.56523120e+03
4.83205652e+00,1.27573633e+04,1.78717402e+04,1.25190215e+04,1.73243408e+03
4.98201227e+00,1.39087461e+04,1.94862812e+04,1.37564561e+04,1.96224915e+03
5.13582754e+00,1.55005791e+04,2.17178496e+04,1.54389648e+04,2.22321558e+03
5.29360199e+00,1.72704688e+04,2.41979492e+04,1.72726406e+04,2.52071118e+03
5.45543718e+00,1.90748984e+04,2.67262148e+04,1.91473203e+04,2.78719531e+03
5.62143755e+00,2.11845215e+04,2.96810391e+04,2.12723281e+04,3.03341309e+03
5.79171038e+00,2.22291113e+04,3.11413848e+04,2.22012070e+04,3.00939868e+03
5.96636629e+00,2.24353496e+04,3.14270957e+04,2.22293203e+04,2.83236548e+03
6.14551687e+00,2.26059863e+04,3.16603008e+04,2.20649160e+04,2.58135913e+03
6.32927942e+00,2.11031250e+04,2.95502754e+04,2.02993262e+04,2.22347437e+03
6.51777077e+00,1.96741113e+04,2.75462422e+04,1.87028691e+04,1.92623547e+03
6.71111441e+00,1.81980117e+04,2.54732676e+04,1.69952246e+04,1.68485986e+03
6.90943432e+00,1.60865020e+04,2.25178555e+04,1.50468848e+04,1.58419055e+03
7.11285782e+00,1.75833652e+04,2.46178535e+04,1.66283359e+04,1.91045544e+03
7.32151794e+00,2.15781309e+04,3.02115195e+04,2.03666914e+04,2.32387427e+03
7.53554821e+00,1.82714238e+04,2.55793984e+04,1.71381680e+04,1.89921216e+03
7.75508738e+00,1.11802969e+04,1.56548008e+04,1.06171289e+04,1.24797559e+03
7.98027754e+00,1.22255918e+04,1.71338594e+04,1.21745732e+04,1.54845801e+03
8.21126270e+00,1.93928379e+04,2.71704004e+04,1.89432988e+04,2.18104834e+03
8.44819450e+00,2.13400957e+04,2.98904375e+04,2.04978281e+04,2.33229858e+03
8.69122219e+00,2.25278301e+04,3.15572070e+04,2.16543457e+04,2.52309473e+03
8.94050789e+00,1.82586543e+04,2.55736934e+04,1.72701797e+04,1.92447644e+03
9.19620800e+00,1.00678584e+04,1.41039326e+04,9.42823535e+03,1.03426440e+03
9.45849037e+00,7.59531104e+03,1.06357148e+04,7.01432715e+03,7.55606750e+02
9.72752285e+00,7.67862988e+03,1.07406904e+04,7.10754785e+03,7.58055664e+02
1.00034800e+01,7.34958936e+03,1.02776465e+04,7.01492090e+03,7.78406067e+02
1.02865391e+01,6.92602686e+03,9.69194043e+03,6.78392725e+03,7.71789001e+02
1.05768833e+01,6.12523682e+03,8.57368555e+03,6.11655322e+03,7.04679749e+02
1.08747025e+01,6.04961963e+03,8.46856348e+03,6.18280078e+03,7.03517883e+02
1.11801853e+01,6.66793311e+03,9.33515527e+03,6.91483545e+03,7.46455994e+02
1.14935322e+01,5.69625488e+03,7.97744873e+03,6.18142480e+03,6.29321106e+02
1.18149433e+01,4.07896069e+03,5.71593750e+03,4.87985400e+03,4.70237946e+02
1.21446266e+01,3.89840723e+03,5.46420947e+03,4.81238184e+03,4.29719299e+02
1.24827967e+01,4.54307520e+03,6.36769824e+03,5.38965967e+03,4.61902985e+02
1.28296700e+01,4.97909717e+03,6.98013184e+03,5.74311768e+03,5.00443329e+02
1.31854706e+01,5.11716943e+03,7.17884473e+03,5.87320020e+03,5.38163513e+02
1.35504293e+01,5.80649854e+03,8.15320410e+03,6.45446094e+03,6.09790100e+02
1.39247818e+01,6.30270557e+03,8.86554297e+03,6.58808691e+03,5.93585144e+02
1.43087692e+01,4.92218311e+03,6.96154004e+03,4.76272217e+03,3.90162109e+02
1.47026405e+01,3.93504199e+03,5.61523828e+03,3.35498096e+03,2.79047180e+02
1.51066484e+01,4.64971484e+03,6.64943262e+03,3.33037012e+03,2.88087372e+02
1.55210552e+01,5.92263037e+03,8.41263184e+03,3.70416431e+03,2.89923065e+02
1.59461288e+01,7.01464551e+03,9.86688770e+03,4.06413281e+03,2.78165985e+02
1.63821430e+01,7.82105273e+03,1.08921807e+04,4.46294971e+03,2.81758301e+02
1.68293781e+01,7.97053076e+03,1.10421523e+04,4.66752246e+03,2.77006866e+02
1.72881241e+01,7.46202344e+03,1.02984863e+04,4.43075586e+03,2.30527374e+02
1.77586803e+01,6.43730908e+03,8.86269629e+03,3.89935986e+03,1.83488159e+02
1.82413464e+01,5.28070264e+03,7.28006885e+03,3.31761279e+03,1.67184662e+02
1.87364349e+01,4.71857227e+03,6.54139355e+03,3.12693286e+03,1.65975189e+02
1.92442665e+01,4.57432178e+03,6.35493799e+03,3.01085181e+03,1.65086456e+02
1.97651691e+01,4.10676465e+03,5.70898291e+03,2.77265161e+03,1.59380569e+02
2.02994785e+01,3.55007227e+03,4.94101855e+03,2.52667773e+03,1.49161652e+02
2.08475418e+01,3.21356299e+03,4.47690186e+03,2.36292383e+03,1.34309174e+02
2.14097099e+01,2.72065381e+03,3.79206348e+03,2.03640491e+03,1.10930519e+02
2.19863453e+01,2.11371338e+03,2.94639844e+03,1.55333276e+03,7.03670807e+01
2.25778236e+01,1.29137354e+03,1.79797290e+03,8.48412415e+02,2.34380989e+01
2.31845264e+01,4.31282593e+02,5.98473450e+02,2.18790253e+02,2.10949254e+00
2.38068466e+01,7.87486954e+01,1.08269485e+02,2.14665260e+01,2.54214462e-03
2.44451809e+01,2.00537128e+01,2.71326962e+01,2.05821300e+00,5.99038322e-05
2.50999470e+01,1.25397167e+01,1.68104839e+01,8.88638556e-01,8.69282849e-06
2.57715645e+01,8.78990173e+00,1.16985703e+01,4.44013715e-01,2.43654813e-06
2.64604683e+01,4.54796791e+00,6.01292467e+00,2.02068910e-01,2.32563002e-06
2.71671047e+01,1.60954559e+00,2.11451507e+00,4.10474502e-02,1.29090574e-06
2.78919277e+01,4.55961466e-01,5.94752848e-01,3.01044504e-03,3.64270960e-07
2.86354065e+01,8.25580657e-02,1.05140895e-01,5.02366929e-05,6.94102269e-08
2.93980217e+01,7.23118801e-03,8.57071858e-03,1.08446420e-06,6.22236263e-09
3.01802654e+01,6.93090900e-04,7.56192836e-04,3.09854130e-07,6.11214079e-10
3.09826431e+01,1.02181941e-04,1.05565254e-04,7.45907442e-08,9.69507391e-11
3.18056717e+01,1.86643301e-05,2.01697130e-05,1.87104270e-08,1.37971102e-11
3.26498833e+01,1.21772723e-06,1.23971677e-06,2.22773155e-09,1.11278478e-12
3.35158234e+01,1.21003850e-07,1.24825789e-07,3.30404981e-10,9.27671229e-14
3.44040565e+01,1.03285354e-08,1.10459792e-08,4.84905241e-11,7.36981937e-15
3.53151436e+01,6.89520774e-10,7.79412090e-10,4.02296686e-12,5.07466385e-16
3.62496834e+01,5.17843164e-11,6.31456970e-11,3.09507872e-13,3.79097073e-17
3.72082787e+01,3.16554812e-12,3.97497226e-12,1.68901622e-14,2.27647094e-18
3.81915474e+01,1.39033126e-13,1.77087173e-13,6.64256207e-16,9.87500106e-20
3.92001228e+01,4.10376663e-15,5.25447402e-15,1.72018578e-17,2.85015379e-21
4.02346535e+01,8.20563300e-17,1.05051441e-16,2.16721954e-19,5.13770813e-23
4.12958107e+01,1.52774753e-19,2.29592483e-19,8.53299305e-22,6.53735294e-25
4.23842850e+01,6.07512562e-22,8.76891825e-22,2.18511631e-23,8.64708186e-27
4.35007744e+01,4.19879169e-23,3.65442749e-23,2.34228639e-24,3.86269294e-29
4.46459999e+01,2.17764954e-24,2.82859311e-24,1.69029442e-26,8.17139914e-31
4.58207016e+01,2.02723713e-27,1.00742322e-26,3.35368561e-29,7.85614319e-32
4.70256386e+01,3.93871572e-29,1.14042196e-29,2.24426980e-31,3.22287894e-33
4.82615852e+01,4.50484794e-30,1.48560565e-30,2.83359856e-33,8.22427907e-36
4.95293465e+01,3.43514282e-30,4.51953805e-30,8.65711733e-34,1.17234325e-36
5.08297386e+01,2.66675330e-33,1.79364826e-33,1.24671129e-34,4.05675905e-39
5.21635971e+01,1.37545007e-33,1.63012046e-33,1.83864941e-36,2.20003859e-40
5.35317917e+01,5.68225137e-37,4.31777858e-37,1.13070773e-38,4.20389539e-42
5.49351997e+01,5.24632065e-37,6.09731598e-37,2.62323073e-39,0.00000000e+00
5.63747253e+01,3.64337601e-41,1.06498683e-40,0.00000000e+00,0.00000000e+00
5.78513031e+01,3.74146690e-40,4.24593435e-40,1.40129846e-42,0.00000000e+00
5.93278885e+01,0.00000000e+00,0.00000000e+00,0.00000000e+00,0.00000000e+00
6.08044662e+01,0.00000000e+00,0.00000000e+00,0.00000000e+00,0.00000000e+00
6.22810478e+01,0.00000000e+00,0.00000000e+00,0.00000000e+00,0.00000000e+00
6.37576256e+01,0.00000000e+00,0.00000000e+00,0.00000000e+00,0.00000000e+00
6.52341995e+01,0.00000000e+00,0.00000000e+00,0.00000000e+00,0.00000000e+00
6.67107849e+01,0.00000000e+00,0.00000000e+00,0.00000000e+00,0.00000000e+00
6.81873703e+01,0.00000000e+00,0.00000000e+00,0.00000000e+00,0.00000000e+00
6.96639481e+01,0.00000000e+00,0.00000000e+00,0.00000000e+00,0.00000000e+00
7.11405258e+01,0.00000000e+00,0.00000000e+00,0.00000000e+00,0.00000000e+00
7.26171036e+01,0.00000000e+00,0.00000000e+00,0.00000000e+00,0.00000000e+00
7.40936813e+01,0.00000000e+00,0.00000000e+00,0.00000000e+00,0.00000000e+00
7.55702591e+01,0.00000000e+00,0.00000000e+00,0.00000000e+00,0.00000000e+00
7.70468445e+01,0.00000000e+00,0.00000000e+00,0.00000000e+00,0.00000000e+00
7.85234222e+01,0.00000000e+00,0.00000000e+00,0.00000000e+00,0.00000000e+00
8.00000000e+01,0.00000000e+00,0.00000000e+00,0.00000000e+00,0.00000000e+00
