Height (km), 7_8 um ash conc (g/kg), 15_6 um ash conc (g/kg), 125 um ash conc (g/kg), 1 mm ash conc (g/kg)
0.00000000e+00,0.00000000e+00,0.00000000e+00,0.00000000e+00,0.00000000e+00
3.99999991e-02,3.95497605e-02,6.76482841e-02,4.99044918e-02,5.50300264e+00
7.99999982e-02,4.84080985e-02,8.10855106e-02,4.30730283e-02,5.76693821e+00
1.19999997e-01,4.94755097e-02,8.14441741e-02,4.11971733e-02,5.79989576e+00
1.59999996e-01,5.03982343e-02,8.16341639e-02,3.77235226e-02,6.01496220e+00
2.00000003e-01,5.13659418e-02,8.18522424e-02,3.56407054e-02,6.10535002e+00
2.39999995e-01,5.06282821e-02,7.95245022e-02,3.36381719e-02,6.29746342e+00
2.80000001e-01,5.10344207e-02,7.88595676e-02,3.21955681e-02,6.42626476e+00
3.19999993e-01,4.89120632e-02,7.45375901e-02,3.12440172e-02,6.61666346e+00
3.60000014e-01,4.78437729e-02,7.19734952e-02,3.06928828e-02,6.78427887e+00
4.00000006e-01,4.48131934e-02,6.67119101e-02,3.01948451e-02,6.96996450e+00
4.39999998e-01,4.33547758e-02,6.38697445e-02,3.03482320e-02,7.18014240e+00
4.79999989e-01,4.08712402e-02,5.97053319e-02,3.09094191e-02,7.39799356e+00
5.19999981e-01,3.89409102e-02,5.62941022e-02,3.20095718e-02,7.62678194e+00
5.60000002e-01,3.87859568e-02,5.51975295e-02,3.38419713e-02,7.86993265e+00
6.00000024e-01,3.60580310e-02,5.09346277e-02,4.05787341e-02,8.14969254e+00
6.41029537e-01,3.70604992e-02,5.09408675e-02,5.27208745e-02,8.42989635e+00
6.83115125e-01,3.39216329e-02,4.64815646e-02,7.06865937e-02,8.72245693e+00
7.26283848e-01,3.49377207e-02,4.68816012e-02,9.57541689e-02,9.03627396e+00
7.70563781e-01,3.29876617e-02,4.44876514e-02,1.25802726e-01,9.34912300e+00
8.15983355e-01,3.48988324e-02,4.66601737e-02,1.55685574e-01,9.66863155e+00
8.62571895e-01,3.53245251e-02,4.78034168e-02,1.89918458e-01,9.99757671e+00
9.10359621e-01,3.91824394e-02,5.30148707e-02,2.13633224e-01,1.03426447e+01
9.59377348e-01,4.21984792e-02,5.77822998e-02,2.32807413e-01,1.06828289e+01
1.00965667e+00,4.78991941e-02,6.57375902e-02,2.43715674e-01,1.10768852e+01
1.06123006e+00,5.58548942e-02,7.66333193e-02,2.54520893e-01,1.15032196e+01
1.11413085e+00,6.56433180e-02,9.00179744e-02,2.63131201e-01,1.19693871e+01
1.16839325e+00,7.60760009e-02,1.04383737e-01,2.68981308e-01,1.25009890e+01
1.22405231e+00,8.59962925e-02,1.18096717e-01,2.72333831e-01,1.31129866e+01
1.28114390e+00,9.84139889e-02,1.35318428e-01,2.79087543e-01,1.38381290e+01
1.33970511e+00,1.09195456e-01,1.50228709e-01,2.85318613e-01,1.43592730e+01
1.39977336e+00,2.06038516e+04,2.88472383e+04,1.94261992e+04,1.34449951e+03
1.46138775e+00,2.60178047e+04,3.63862891e+04,2.23214688e+04,1.47529688e+03
1.52458799e+00,1.85914258e+04,2.60032617e+04,1.62950518e+04,1.27429541e+03
1.58941495e+00,1.77400039e+04,2.48257266e+04,1.61638379e+04,1.52439380e+03
1.65591037e+00,1.75471172e+04,2.45619941e+04,1.62792686e+04,1.64685986e+03
1.72411728e+00,1.76412969e+04,2.46977031e+04,1.65518242e+04,1.75481396e+03
1.79407966e+00,1.79252852e+04,2.50981699e+04,1.69533281e+04,1.85957654e+03
1.86584306e+00,1.83174375e+04,2.56492891e+04,1.74193320e+04,1.95335132e+03
1.93945324e+00,1.86735859e+04,2.61491680e+04,1.78100312e+04,2.02150366e+03
2.01495814e+00,1.89148926e+04,2.64875957e+04,1.80599062e+04,2.06290674e+03
2.09240627e+00,1.90189336e+04,2.66334551e+04,1.81615898e+04,2.08384424e+03
2.17184782e+00,1.90502012e+04,2.66772773e+04,1.81885977e+04,2.09585962e+03
2.25333428e+00,1.90684238e+04,2.67028184e+04,1.82028203e+04,2.10648877e+03
2.33691788e+00,1.90624648e+04,2.66944121e+04,1.81915664e+04,2.11230640e+03
2.42265272e+00,1.89966719e+04,2.66021562e+04,1.81201094e+04,2.10917676e+03
2.51059437e+00,1.88308984e+04,2.63698359e+04,1.79496797e+04,2.09282007e+03
2.60079956e+00,1.85393125e+04,2.59614004e+04,1.76596133e+04,2.06274414e+03
2.69332647e+00,1.81576914e+04,2.54269414e+04,1.72865117e+04,2.02531689e+03
2.78823495e+00,1.78078164e+04,2.49370898e+04,1.69501641e+04,1.99503564e+03
2.88558602e+00,1.76119590e+04,2.46629336e+04,1.67631172e+04,1.98170752e+03
2.98544264e+00,1.75127227e+04,2.45237461e+04,1.66581621e+04,1.97557104e+03
3.08786964e+00,1.74881484e+04,2.44888711e+04,1.66215234e+04,1.97921558e+03
3.19293284e+00,1.76188320e+04,2.46714219e+04,1.67365117e+04,1.99879456e+03
3.30070019e+00,1.76620703e+04,2.47312090e+04,1.67538906e+04,1.99645190e+03
3.41124129e+00,1.73303438e+04,2.42656445e+04,1.63993926e+04,1.94287769e+03
3.52462745e+00,1.65133516e+04,2.31213828e+04,1.56093213e+04,1.84179407e+03
3.64093208e+00,1.48936211e+04,2.08534922e+04,1.40766885e+04,1.66754382e+03
3.76023054e+00,1.33637207e+04,1.87131602e+04,1.26968496e+04,1.54142700e+03
3.88259912e+00,1.40707715e+04,1.97036562e+04,1.33519668e+04,1.59088892e+03
4.00811720e+00,1.50564229e+04,2.10798125e+04,1.41339111e+04,1.63281641e+03
4.13686609e+00,1.56321602e+04,2.18847285e+04,1.46491709e+04,1.69826514e+03
4.26892853e+00,1.63322012e+04,2.28654160e+04,1.53177725e+04,1.76798193e+03
4.40439081e+00,1.49128809e+04,2.08771797e+04,1.39272656e+04,1.58160156e+03
4.54333878e+00,1.09340068e+04,1.53088711e+04,1.02915898e+04,1.25316467e+03
4.68586397e+00,1.07970898e+04,1.51227959e+04,1.03286875e+04,1.29216821e+03
4.83205652e+00,1.44759365e+04,2.02670918e+04,1.35081318e+04,1.50289282e+03
4.98201227e+00,1.49357363e+04,2.09058867e+04,1.38309658e+04,1.59751941e+03
5.13582754e+00,1.53657666e+04,2.15111602e+04,1.43820039e+04,1.77587476e+03
5.29360199e+00,1.46541865e+04,2.05166367e+04,1.37902285e+04,1.71272754e+03
5.45543718e+00,1.13322695e+04,1.58667832e+04,1.07035518e+04,1.35428406e+03
5.62143755e+00,9.61742383e+03,1.34664189e+04,9.10061621e+03,1.19290881e+03
5.79171038e+00,1.17531484e+04,1.64559883e+04,1.10484258e+04,1.36057983e+03
5.96636629e+00,1.51550986e+04,2.12114004e+04,1.39495391e+04,1.56610754e+03
6.14551687e+00,1.64208906e+04,2.29822891e+04,1.51096826e+04,1.73159265e+03
6.32927942e+00,1.75424219e+04,2.45566582e+04,1.63095576e+04,1.91560278e+03
6.51777077e+00,1.57335801e+04,2.20143301e+04,1.43445293e+04,1.61273486e+03
6.71111441e+00,9.48032617e+03,1.32566426e+04,8.45644922e+03,9.97624939e+02
6.90943432e+00,4.57243799e+03,6.39439648e+03,4.13220654e+03,6.31437195e+02
7.11285782e+00,2.79188916e+03,3.90867163e+03,2.65853906e+03,5.44404541e+02
7.32151794e+00,3.09221143e+03,4.33216504e+03,3.01527979e+03,6.13787964e+02
7.53554821e+00,5.01911377e+03,7.02790332e+03,4.73850195e+03,7.82828857e+02
7.75508738e+00,7.11213135e+03,9.95360352e+03,6.54566504e+03,9.58910339e+02
7.98027754e+00,8.23388184e+03,1.15230654e+04,7.57918604e+03,1.10298071e+03
8.21126270e+00,8.30727734e+03,1.16271855e+04,7.71693896e+03,1.16989160e+03
8.44819450e+00,7.45778418e+03,1.04399697e+04,7.01063379e+03,1.13730212e+03
8.69122219e+00,6.55240332e+03,9.17436719e+03,6.23569287e+03,1.08390283e+03
8.94050789e+00,6.13388379e+03,8.58798535e+03,5.83396973e+03,1.04844592e+03
9.19620800e+00,6.10247559e+03,8.54438867e+03,5.82422705e+03,1.08250366e+03
9.45849037e+00,6.74315820e+03,9.44267773e+03,6.46945020e+03,1.18187476e+03
9.72752285e+00,7.34329248e+03,1.02815508e+04,6.98284912e+03,1.22752393e+03
1.00034800e+01,7.17567871e+03,1.00430635e+04,6.69413623e+03,1.16559106e+03
1.02865391e+01,6.79122705e+03,9.50052344e+03,6.20528516e+03,1.09135596e+03
1.05768833e+01,6.74330566e+03,9.43239746e+03,6.15587842e+03,1.08280017e+03
1.08747025e+01,6.91947559e+03,9.68034180e+03,6.39389209e+03,1.10536743e+03
1.11801853e+01,6.25300049e+03,8.74803223e+03,5.82970068e+03,1.03067493e+03
1.14935322e+01,4.58402344e+03,6.41374951e+03,4.39922656e+03,9.04324158e+02
1.18149433e+01,3.36890576e+03,4.71514014e+03,3.44286401e+03,8.70096191e+02
1.21446266e+01,2.80697754e+03,3.92989868e+03,3.11754883e+03,9.30765259e+02
1.24827967e+01,2.52280005e+03,3.53305396e+03,3.11733105e+03,1.02776831e+03
1.28296700e+01,2.38305688e+03,3.33794165e+03,3.33413647e+03,1.10282056e+03
1.31854706e+01,2.49894385e+03,3.50017798e+03,3.88031445e+03,1.14160571e+03
1.35504293e+01,2.78188843e+03,3.89678101e+03,4.67089258e+03,1.15702527e+03
1.39247818e+01,3.07513232e+03,4.30908496e+03,5.57694531e+03,1.17499121e+03
1.43087692e+01,3.67357080e+03,5.14899072e+03,6.93257227e+03,1.24061279e+03
1.47026405e+01,4.64780078e+03,6.51618457e+03,8.77219922e+03,1.36073987e+03
1.51066484e+01,5.97865527e+03,8.38669336e+03,1.09849219e+04,1.50545129e+03
1.55210552e+01,7.81711621e+03,1.09742207e+04,1.35461035e+04,1.68992419e+03
1.59461288e+01,1.00813945e+04,1.41638770e+04,1.63362012e+04,1.89999683e+03
1.63821430e+01,1.16924492e+04,1.64345918e+04,1.85571973e+04,2.00292542e+03
1.68293781e+01,1.30416514e+04,1.83402812e+04,2.04102363e+04,2.04454553e+03
1.72881241e+01,1.46105859e+04,2.05701875e+04,2.27416484e+04,2.07561377e+03
1.77586803e+01,1.60620762e+04,2.26657793e+04,2.41911406e+04,2.05964893e+03
1.82413464e+01,1.71242363e+04,2.42054043e+04,2.39856406e+04,2.04465979e+03
1.87364349e+01,1.88195410e+04,2.66001797e+04,2.33509023e+04,1.99996167e+03
1.92442665e+01,2.15361660e+04,3.03310957e+04,2.24621133e+04,2.03297266e+03
1.97651691e+01,2.40287988e+04,3.37261562e+04,2.25094219e+04,2.07278857e+03
2.02994785e+01,2.62985605e+04,3.68414297e+04,2.27935859e+04,2.18118652e+03
2.08475418e+01,2.77340391e+04,3.88055781e+04,2.21571992e+04,2.18974414e+03
2.14097099e+01,2.84536855e+04,3.97615547e+04,2.06098867e+04,2.18534180e+03
2.19863453e+01,2.86245430e+04,3.99114141e+04,1.96026875e+04,2.20475439e+03
2.25778236e+01,2.76418105e+04,3.84756445e+04,1.88541367e+04,2.15235815e+03
2.31845264e+01,2.65352812e+04,3.68942969e+04,1.82607832e+04,2.09570190e+03
2.38068466e+01,2.58203105e+04,3.58790078e+04,1.88046445e+04,2.10387305e+03
2.44451809e+01,2.35632910e+04,3.27515391e+04,1.82954473e+04,2.16231787e+03
2.50999470e+01,2.12332383e+04,2.95741367e+04,1.80137578e+04,2.16403955e+03
2.57715645e+01,2.22140098e+04,3.10013262e+04,1.95234941e+04,1.95855591e+03
2.64604683e+01,1.92232090e+04,2.68301484e+04,1.63410156e+04,1.30918921e+03
2.71671047e+01,1.59480088e+04,2.22500312e+04,1.23967100e+04,3.63987610e+02
2.78919277e+01,1.02137656e+04,1.41865332e+04,5.56058496e+03,1.35984558e+02
2.86354065e+01,4.42930615e+03,6.13923486e+03,2.31289648e+03,5.34042788e+00
2.93980217e+01,2.01940283e+03,2.77692065e+03,5.15718872e+02,7.47306645e-02
3.01802654e+01,5.20305176e+02,7.01280823e+02,3.41873589e+01,1.01571813e-01
3.09826431e+01,2.86487152e+02,3.86230621e+02,2.72553139e+01,1.68066612e-03
3.18056717e+01,2.03258179e+02,2.74725281e+02,1.68621254e+01,1.21936268e-04
3.26498833e+01,1.16655533e+02,1.57560013e+02,4.00462246e+00,5.07673612e-05
3.35158234e+01,3.79389572e+01,5.04155960e+01,3.72923285e-01,2.00207487e-05
3.44040565e+01,1.02448978e+01,1.34256678e+01,1.02144808e-01,7.72238036e-06
3.53151436e+01,4.84924507e+00,6.34448814e+00,1.52580515e-01,3.92290303e-06
3.62496834e+01,3.13128018e+00,4.14476633e+00,1.32327333e-01,2.93893618e-06
3.72082787e+01,3.78773665e+00,5.09380627e+00,7.69758224e-02,2.64945970e-06
3.81915474e+01,2.38170385e+00,3.14524913e+00,4.47116792e-03,1.17140939e-06
3.92001228e+01,3.71442348e-01,4.77275461e-01,8.47668853e-04,2.69382866e-07
4.02346535e+01,1.50737107e-01,1.94068760e-01,2.49949313e-04,7.74740201e-08
4.12958107e+01,7.90267736e-02,1.01249591e-01,8.31840298e-05,3.98396622e-08
4.23842850e+01,2.37459932e-02,3.00491676e-02,1.24383741e-05,1.72170314e-08
4.35007744e+01,6.80948235e-03,8.51789024e-03,2.86150907e-06,6.44413856e-09
4.46459999e+01,2.53501255e-03,3.14337015e-03,1.27740100e-06,2.98849923e-09
4.58207016e+01,5.29977318e-04,6.53027091e-04,3.09633435e-07,6.34264252e-10
4.70256386e+01,2.04970493e-05,2.48531887e-05,2.37149251e-08,4.21860880e-11
4.82615852e+01,4.84596171e-07,5.89758429e-07,1.93880201e-09,4.47478860e-12
4.95293465e+01,1.69044760e-08,2.11844302e-08,9.14586046e-11,2.38938643e-13
5.08297386e+01,5.68366909e-10,7.20632332e-10,3.36757055e-12,8.41519440e-15
5.21635971e+01,1.51199695e-11,1.97132762e-11,9.82407786e-14,2.39233339e-16
5.35317917e+01,2.94578598e-13,4.00698490e-13,1.96065130e-15,4.74366740e-18
5.49351997e+01,3.27166349e-15,4.67076837e-15,4.91943666e-18,1.19606883e-20
5.63747253e+01,1.20397896e-19,2.73219287e-18,2.56900771e-21,1.69824508e-23
5.78513031e+01,3.92729457e-20,4.55596606e-20,1.14534311e-22,6.83050598e-25
5.93278885e+01,4.69991109e-22,1.12348697e-21,3.90281044e-24,1.53359906e-26
6.08044662e+01,2.58402402e-23,3.48414587e-23,4.55500761e-25,1.27008281e-27
6.22810478e+01,7.58236585e-25,1.26283753e-24,3.17197311e-27,2.50253847e-29
6.37576256e+01,1.76756334e-26,3.36936298e-26,1.28124627e-27,8.77357668e-31
6.52341995e+01,3.06007085e-28,4.55998822e-28,9.24059871e-31,1.08870356e-32
6.67107849e+01,2.12188700e-29,3.37267407e-29,9.75366908e-31,6.44510328e-34
6.81873703e+01,4.53580893e-32,4.18280857e-32,2.18371218e-34,4.75182291e-36
6.96639481e+01,4.31582692e-32,6.44566693e-32,1.31666911e-33,1.72242836e-36
7.11405258e+01,5.15811880e-34,8.41410040e-34,1.36027928e-35,2.45591569e-38
7.26171036e+01,1.22514249e-35,1.89999147e-35,3.72476342e-37,2.14398665e-39
7.40936813e+01,4.47190796e-37,8.60429543e-37,1.91389344e-38,7.42688186e-41
7.55702591e+01,2.92563093e-38,4.78487374e-38,1.06218424e-39,0.00000000e+00
7.70468445e+01,1.17568941e-39,1.78945814e-39,3.64337601e-41,0.00000000e+00
7.85234222e+01,3.22298647e-41,3.92363570e-41,0.00000000e+00,0.00000000e+00
8.00000000e+01,0.00000000e+00,0.00000000e+00,0.00000000e+00,0.00000000e+00
