Height (km), 7_8 um ash conc (g/kg), 15_6 um ash conc (g/kg), 125 um ash conc (g/kg), 1 mm ash conc (g/kg)
0.00000000e+00,0.00000000e+00,0.00000000e+00,0.00000000e+00,0.00000000e+00
3.99999991e-02,1.42071771e-11,1.85666864e-11,5.29681611e-11,3.71535629e-04
7.99999982e-02,2.01994255e-10,2.71196093e-10,8.20682522e-10,6.97381236e-03
1.19999997e-01,1.44876311e-09,1.99597427e-09,5.80075721e-09,4.72913310e-02
1.59999996e-01,8.95725361e-09,1.24891493e-08,2.47452476e-08,2.05298126e-01
2.00000003e-01,4.35646506e-08,6.16547169e-08,8.19855615e-08,5.38803577e-01
2.39999995e-01,1.47543517e-07,2.13566565e-07,1.96422462e-07,1.07940888e+00
2.80000001e-01,4.47741286e-07,6.71943667e-07,3.66289839e-07,1.88104284e+00
3.19999993e-01,1.17628019e-06,1.86578791e-06,5.83144868e-07,2.73118353e+00
3.60000014e-01,3.29704653e-06,5.33719867e-06,8.10777465e-07,4.07763243e+00
4.00000006e-01,7.97348639e-06,1.26392197e-05,1.05450056e-06,5.48956585e+00
4.39999998e-01,1.67504459e-05,2.57417687e-05,1.26474310e-06,6.92258167e+00
4.79999989e-01,2.96260332e-05,4.48061910e-05,1.48372487e-06,9.19128132e+00
5.19999981e-01,4.59611147e-05,6.89220542e-05,1.77587435e-06,1.06936970e+01
5.60000002e-01,6.57414057e-05,9.78886965e-05,2.18089986e-06,1.40954571e+01
6.00000024e-01,9.55081123e-05,1.41694298e-04,2.97200268e-06,1.64704285e+01
6.41029537e-01,1.21349745e-04,1.79056267e-04,5.68244695e-06,2.12425900e+01
6.83115125e-01,1.48029125e-04,2.18824192e-04,1.03707480e-05,2.37020073e+01
7.26283848e-01,1.79115043e-04,2.67430383e-04,1.69027116e-05,2.78177605e+01
7.70563781e-01,2.16618166e-04,3.26236244e-04,2.91511769e-05,3.21412277e+01
8.15983355e-01,2.62490707e-04,3.96903110e-04,5.68102587e-05,3.88580132e+01
8.62571895e-01,3.13576718e-04,4.73351654e-04,1.19071745e-04,4.31281509e+01
9.10359621e-01,3.69098241e-04,5.55218663e-04,2.47416639e-04,5.11390076e+01
9.59377348e-01,4.27593506e-04,6.35951525e-04,4.82013973e-04,5.74540863e+01
1.00965667e+00,5.28796343e-04,7.80705421e-04,1.11079891e-03,6.70450592e+01
1.06123006e+00,6.86305109e-04,9.99267213e-04,2.43418710e-03,7.93941040e+01
1.11413085e+00,9.19884071e-04,1.32298609e-03,5.07827615e-03,9.26357498e+01
1.16839325e+00,1.36814313e-03,1.96465757e-03,9.73219890e-03,1.07708252e+02
1.22405231e+00,2.37986213e-03,3.46593978e-03,1.92677192e-02,1.25294312e+02
1.28114390e+00,4.92272666e-03,7.37219583e-03,4.44731675e-02,1.48853195e+02
1.33970511e+00,1.02872681e-02,1.55708566e-02,8.05411935e-02,1.80779816e+02
1.39977336e+00,2.07149570e+04,2.90032617e+04,1.95390312e+04,1.52621240e+03
1.46138775e+00,2.66785469e+04,3.73079609e+04,2.25746680e+04,1.68979749e+03
1.52458799e+00,1.64240430e+04,2.29641562e+04,1.40988457e+04,1.39102808e+03
1.58941495e+00,1.55480918e+04,2.17537617e+04,1.39869883e+04,1.65238110e+03
1.65591037e+00,1.54382168e+04,2.16068145e+04,1.41972949e+04,1.80352930e+03
1.72411728e+00,1.55330127e+04,2.17436133e+04,1.44765996e+04,1.92669287e+03
1.79407966e+00,1.56954414e+04,2.19737422e+04,1.47559258e+04,2.03012109e+03
1.86584306e+00,1.58425635e+04,2.21815508e+04,1.49792959e+04,2.11502759e+03
1.93945324e+00,1.59404453e+04,2.23198613e+04,1.51304092e+04,2.18406885e+03
2.01495814e+00,1.59903350e+04,2.23906289e+04,1.52194805e+04,2.24108032e+03
2.09240627e+00,1.60265283e+04,2.24420586e+04,1.52877393e+04,2.29429639e+03
2.17184782e+00,1.60685703e+04,2.25015703e+04,1.53572441e+04,2.34488672e+03
2.25333428e+00,1.61004482e+04,2.25467227e+04,1.54128750e+04,2.39246802e+03
2.33691788e+00,1.60834678e+04,2.25233281e+04,1.54171533e+04,2.43158618e+03
2.42265272e+00,1.60105000e+04,2.24215234e+04,1.53660996e+04,2.46741870e+03
2.51059437e+00,1.59472061e+04,2.23333281e+04,1.53264092e+04,2.49812622e+03
2.60079956e+00,1.59925723e+04,2.23973984e+04,1.53960332e+04,2.55202539e+03
2.69332647e+00,1.61821504e+04,2.26634648e+04,1.56065918e+04,2.62251416e+03
2.78823495e+00,1.64888750e+04,2.30935195e+04,1.59282354e+04,2.69523193e+03
2.88558602e+00,1.68690684e+04,2.36263066e+04,1.63155703e+04,2.78174927e+03
2.98544264e+00,1.72339004e+04,2.41373906e+04,1.66810977e+04,2.85885156e+03
3.08786964e+00,1.74809648e+04,2.44833359e+04,1.69222422e+04,2.92223242e+03
3.19293284e+00,1.75594844e+04,2.45930234e+04,1.69884824e+04,2.93754077e+03
3.30070019e+00,1.75031016e+04,2.45137051e+04,1.69186016e+04,2.96383740e+03
3.41124129e+00,1.73515859e+04,2.43010801e+04,1.67513086e+04,2.93392334e+03
3.52462745e+00,1.71037812e+04,2.39535352e+04,1.64853906e+04,2.92566357e+03
3.64093208e+00,1.68100820e+04,2.35417852e+04,1.61775576e+04,2.88110352e+03
3.76023054e+00,1.65408398e+04,2.31644551e+04,1.59010449e+04,2.88878198e+03
3.88259912e+00,1.62927422e+04,2.28168281e+04,1.56499570e+04,2.84692847e+03
4.00811720e+00,1.60752803e+04,2.25122090e+04,1.54340859e+04,2.87168213e+03
4.13686609e+00,1.58955117e+04,2.22605312e+04,1.52630391e+04,2.84751123e+03
4.26892853e+00,1.57512061e+04,2.20586270e+04,1.51314365e+04,2.88922314e+03
4.40439081e+00,1.56306621e+04,2.18900664e+04,1.50267861e+04,2.87332178e+03
4.54333878e+00,1.55863105e+04,2.18282969e+04,1.50004668e+04,2.93565210e+03
4.68586397e+00,1.56287695e+04,2.18881152e+04,1.50591836e+04,2.96768799e+03
4.83205652e+00,1.57559238e+04,2.20665391e+04,1.52008398e+04,3.05099756e+03
4.98201227e+00,1.60020244e+04,2.24114336e+04,1.54531689e+04,3.08564355e+03
5.13582754e+00,1.63030010e+04,2.28331406e+04,1.57588213e+04,3.21060767e+03
5.29360199e+00,1.66744102e+04,2.33534961e+04,1.61338887e+04,3.24244287e+03
5.45543718e+00,1.70639551e+04,2.38990430e+04,1.65172773e+04,3.39525342e+03
5.62143755e+00,1.73463438e+04,2.42942852e+04,1.67875547e+04,3.40018115e+03
5.79171038e+00,1.75650020e+04,2.46002031e+04,1.69908477e+04,3.49386108e+03
5.96636629e+00,1.77320742e+04,2.48337227e+04,1.71342578e+04,3.49159521e+03
6.14551687e+00,1.77373477e+04,2.48405000e+04,1.71133008e+04,3.50007642e+03
6.32927942e+00,1.76253438e+04,2.46830195e+04,1.69760938e+04,3.48317529e+03
6.51777077e+00,1.73662383e+04,2.43195410e+04,1.66940000e+04,3.42349756e+03
6.71111441e+00,1.69956543e+04,2.37999844e+04,1.63040977e+04,3.37971411e+03
6.90943432e+00,1.65955957e+04,2.32392734e+04,1.58911367e+04,3.28191675e+03
7.11285782e+00,1.62419385e+04,2.27438125e+04,1.55360508e+04,3.22917529e+03
7.32151794e+00,1.59792012e+04,2.23757070e+04,1.52711152e+04,3.14641846e+03
7.53554821e+00,1.57826143e+04,2.21005371e+04,1.50874707e+04,3.10164307e+03
7.75508738e+00,1.57598721e+04,2.20690625e+04,1.50845234e+04,3.04890332e+03
7.98027754e+00,1.57758428e+04,2.20915371e+04,1.51096826e+04,3.01863672e+03
8.21126270e+00,1.57844141e+04,2.21040547e+04,1.51513359e+04,2.98234839e+03
8.44819450e+00,1.60757002e+04,2.25123887e+04,1.54598613e+04,2.98696680e+03
8.69122219e+00,1.62940811e+04,2.28182539e+04,1.56810645e+04,2.97867432e+03
8.94050789e+00,1.64673555e+04,2.30613516e+04,1.58744082e+04,3.01227051e+03
9.19620800e+00,1.69172578e+04,2.36914668e+04,1.63131309e+04,3.07395654e+03
9.45849037e+00,1.71785547e+04,2.40574453e+04,1.65706445e+04,3.16564014e+03
9.72752285e+00,1.74978086e+04,2.45045078e+04,1.68856602e+04,3.26958862e+03
1.00034800e+01,1.78777578e+04,2.50362070e+04,1.72451816e+04,3.39551562e+03
1.02865391e+01,1.81141914e+04,2.53671133e+04,1.74764883e+04,3.48672803e+03
1.05768833e+01,1.84765977e+04,2.58735918e+04,1.77930957e+04,3.56702490e+03
1.08747025e+01,1.82646719e+04,2.55761543e+04,1.75773086e+04,3.56296338e+03
1.11801853e+01,1.82070430e+04,2.54951992e+04,1.75259883e+04,3.55713550e+03
1.14935322e+01,1.78191641e+04,2.49500781e+04,1.70727227e+04,3.45621826e+03
1.18149433e+01,1.56882734e+04,2.19680781e+04,1.51442227e+04,3.27454663e+03
1.21446266e+01,1.58918486e+04,2.22543477e+04,1.54596680e+04,3.34978809e+03
1.24827967e+01,1.65280312e+04,2.31431992e+04,1.61356328e+04,3.44697998e+03
1.28296700e+01,1.56474326e+04,2.19122070e+04,1.56986201e+04,3.48037158e+03
1.31854706e+01,1.79405312e+04,2.51246523e+04,1.84686270e+04,3.85686230e+03
1.35504293e+01,2.08823672e+04,2.92439902e+04,2.20750801e+04,4.24696143e+03
1.39247818e+01,2.11371191e+04,2.96026406e+04,2.37030605e+04,4.35155615e+03
1.43087692e+01,2.15576680e+04,3.01884844e+04,2.56698125e+04,4.32442822e+03
1.47026405e+01,1.92291270e+04,2.69273711e+04,2.54407402e+04,4.09402759e+03
1.51066484e+01,1.75346387e+04,2.45611934e+04,2.60596328e+04,4.04435815e+03
1.55210552e+01,2.14375820e+04,3.00275312e+04,3.10710605e+04,4.50144922e+03
1.59461288e+01,2.23856289e+04,3.13593418e+04,3.26546035e+04,4.60416016e+03
1.63821430e+01,2.08064688e+04,2.91651641e+04,3.25882988e+04,4.50615137e+03
1.68293781e+01,2.27012031e+04,3.18251035e+04,3.64080117e+04,4.61681445e+03
1.72881241e+01,2.13714219e+04,2.99831641e+04,3.76385117e+04,4.48740674e+03
1.77586803e+01,1.92131191e+04,2.70157949e+04,3.78772812e+04,4.43420410e+03
1.82413464e+01,2.19137695e+04,3.08983047e+04,4.17293906e+04,4.70152979e+03
1.87364349e+01,2.51454297e+04,3.55868984e+04,4.36054219e+04,4.86611279e+03
1.92442665e+01,2.87232949e+04,4.07047109e+04,4.37274297e+04,4.90141553e+03
1.97651691e+01,2.96295059e+04,4.19974453e+04,4.16965039e+04,4.70929346e+03
2.02994785e+01,3.09731562e+04,4.38543984e+04,3.97201602e+04,4.49576172e+03
2.08475418e+01,3.83365000e+04,5.40907891e+04,4.30612422e+04,4.62537402e+03
2.14097099e+01,4.56808828e+04,6.43178672e+04,4.62702539e+04,4.66425391e+03
2.19863453e+01,4.89414141e+04,6.87984375e+04,4.48890469e+04,4.49649414e+03
2.25778236e+01,5.41737891e+04,7.59508906e+04,4.52395000e+04,4.72830273e+03
2.31845264e+01,5.90318164e+04,8.25318516e+04,4.66616367e+04,4.94267627e+03
2.38068466e+01,5.39127188e+04,7.51838438e+04,4.15054766e+04,4.74370947e+03
2.44451809e+01,5.33041328e+04,7.43175625e+04,4.15958008e+04,5.12828711e+03
2.50999470e+01,5.56955547e+04,7.76257578e+04,4.47183203e+04,5.39065820e+03
2.57715645e+01,5.42445781e+04,7.56181953e+04,4.54477812e+04,5.64259277e+03
2.64604683e+01,5.51006016e+04,7.68977422e+04,4.89799570e+04,5.90254443e+03
2.71671047e+01,5.56664336e+04,7.77396094e+04,4.99863086e+04,5.50148926e+03
2.78919277e+01,5.31237656e+04,7.42428203e+04,4.81725234e+04,5.22568408e+03
2.86354065e+01,4.50477422e+04,6.29665078e+04,4.13994062e+04,4.84825537e+03
2.93980217e+01,4.48164180e+04,6.26984453e+04,4.30035586e+04,5.08238379e+03
3.01802654e+01,4.75824570e+04,6.65815547e+04,4.48744688e+04,4.62890820e+03
3.09826431e+01,4.90000820e+04,6.85848750e+04,4.68196406e+04,5.78147070e+03
3.18056717e+01,5.23059102e+04,7.32044531e+04,4.94189688e+04,5.25918750e+03
3.26498833e+01,4.34894844e+04,6.08168672e+04,3.89275781e+04,2.71524756e+03
3.35158234e+01,4.15480703e+04,5.80967812e+04,3.66793398e+04,2.35559570e+03
3.44040565e+01,3.92860000e+04,5.49108867e+04,3.36148438e+04,1.90538513e+03
3.53151436e+01,3.14996836e+04,4.39974570e+04,2.56359297e+04,5.28876160e+02
3.62496834e+01,1.19819746e+04,1.66570586e+04,6.77921387e+03,2.01471105e-01
3.72082787e+01,1.11409692e+03,1.52604614e+03,1.71261963e+02,1.41773033e+00
3.81915474e+01,2.38013062e+02,3.20924377e+02,2.93570728e+01,1.53039880e-02
3.92001228e+01,9.34588547e+01,1.25578926e+02,1.45186901e+01,9.27763118e-04
4.02346535e+01,8.85196686e+01,1.21200394e+02,2.40063572e+01,1.44822834e-05
4.12958107e+01,1.58277481e+02,2.17354477e+02,3.59011230e+01,4.92819345e-06
4.23842850e+01,6.52407990e+01,8.90503006e+01,7.92131805e+00,2.24509859e-06
4.35007744e+01,5.06127453e+00,6.77001858e+00,6.36639213e-03,2.74142309e-07
4.46459999e+01,1.11938193e-01,1.41408384e-01,3.98450611e-05,1.41921248e-08
4.58207016e+01,3.07646580e-03,3.88637767e-03,2.52067366e-06,6.68618827e-10
4.70256386e+01,1.99679835e-05,2.35310272e-05,1.82700319e-07,7.81879856e-12
4.82615852e+01,1.50278572e-06,1.79159827e-06,1.96871097e-09,1.04758162e-13
4.95293465e+01,6.00819192e-07,7.11220991e-07,4.40978309e-10,2.00925397e-14
5.08297386e+01,4.76231943e-09,5.59073587e-09,3.62606082e-12,2.19567391e-16
5.21635971e+01,7.70905617e-10,9.03302044e-10,6.44089979e-13,2.08791140e-17
5.35317917e+01,6.91105940e-12,8.13487732e-12,4.71331992e-15,2.91321560e-19
5.49351997e+01,4.33122884e-13,5.09673575e-13,5.42038750e-17,1.52641706e-20
5.63747253e+01,3.82697659e-15,4.43249673e-15,1.40662493e-17,1.50128813e-22
5.78513031e+01,5.81523389e-17,7.34581912e-17,5.80415472e-19,1.08643849e-23
5.93278885e+01,3.86106866e-17,4.27561023e-17,1.13520700e-20,1.02280888e-25
6.08044662e+01,1.06759735e-18,1.48782919e-18,6.60453737e-22,9.09512713e-27
6.22810478e+01,4.47494598e-20,4.87087275e-20,1.20808494e-23,1.12033560e-28
6.37576256e+01,1.84165624e-21,2.82913480e-21,8.40024649e-25,1.09421875e-29
6.52341995e+01,6.29498759e-23,6.82875991e-23,1.95642281e-26,2.03593647e-31
6.67107849e+01,4.01821606e-24,6.15605870e-24,1.50702198e-27,1.93137057e-32
6.81873703e+01,1.09848881e-25,1.20706541e-25,4.47064493e-29,5.44870835e-34
6.96639481e+01,7.30918455e-27,9.74541891e-27,2.00699392e-30,3.01343315e-35
7.11405258e+01,2.30829517e-28,3.13834016e-28,1.22149532e-31,1.79123772e-36
7.26171036e+01,1.60645759e-29,2.14059771e-29,7.81665834e-33,1.44195013e-37
7.40936813e+01,1.33585736e-30,1.73576712e-30,7.95799574e-34,1.52054896e-38
7.55702591e+01,9.71361822e-32,1.26372743e-31,6.32083688e-35,1.03976346e-39
7.70468445e+01,5.52507324e-33,6.98782755e-33,3.83254421e-36,7.00649232e-42
7.85234222e+01,2.12003161e-34,2.67631778e-34,1.59114638e-37,0.00000000e+00
8.00000000e+01,8.49304713e-36,1.07761177e-35,6.17552233e-39,0.00000000e+00
