Height (km), 7_8 um ash conc (g/kg), 15_6 um ash conc (g/kg), 125 um ash conc (g/kg), 1 mm ash conc (g/kg)
0.00000000e+00,0.00000000e+00,0.00000000e+00,0.00000000e+00,0.00000000e+00
3.99999991e-02,1.79074186e-06,3.93313940e-06,2.98099983e-02,2.09708748e+01
7.99999982e-02,8.72244345e-05,1.64367535e-04,5.73044494e-02,2.44972363e+01
1.19999997e-01,1.18641101e-03,2.00278475e-03,6.80460930e-02,2.70553513e+01
1.59999996e-01,5.35029592e-03,8.55962746e-03,7.54306316e-02,3.00139847e+01
2.00000003e-01,1.24589950e-02,1.85716022e-02,8.19011480e-02,3.17096596e+01
2.39999995e-01,1.58834774e-02,2.31071003e-02,8.76256526e-02,3.34232635e+01
2.80000001e-01,2.06157565e-02,2.95219049e-02,9.29582790e-02,3.48576736e+01
3.19999993e-01,2.10297480e-02,3.02654151e-02,9.72030684e-02,3.64107780e+01
3.60000014e-01,2.27150451e-02,3.25476304e-02,1.01032495e-01,3.76484489e+01
4.00000006e-01,2.31114831e-02,3.37415598e-02,1.03740901e-01,3.87778931e+01
4.39999998e-01,2.26068087e-02,3.29376832e-02,1.05999187e-01,3.96500626e+01
4.79999989e-01,2.29782276e-02,3.37132365e-02,1.08221166e-01,4.04036713e+01
5.19999981e-01,2.09758095e-02,3.05195320e-02,1.10390380e-01,4.10487175e+01
5.60000002e-01,2.06026994e-02,2.97957342e-02,1.12729356e-01,4.16168938e+01
6.00000024e-01,1.82148162e-02,2.60504633e-02,1.16017044e-01,4.22067337e+01
6.41029537e-01,1.72206871e-02,2.44076438e-02,1.19062230e-01,4.28436012e+01
6.83115125e-01,1.52221732e-02,2.14580670e-02,1.22967929e-01,4.34119911e+01
7.26283848e-01,1.46433171e-02,2.05940157e-02,1.27405554e-01,4.40063286e+01
7.70563781e-01,1.39788706e-02,1.96637865e-02,1.31385893e-01,4.45983505e+01
8.15983355e-01,1.43130068e-02,2.01487783e-02,1.35479063e-01,4.52226105e+01
8.62571895e-01,1.50863742e-02,2.12384537e-02,1.39466286e-01,4.58490791e+01
9.10359621e-01,1.60211027e-02,2.25686487e-02,1.43196926e-01,4.66055031e+01
9.59377348e-01,1.78866461e-02,2.51617637e-02,1.48508266e-01,4.73416672e+01
1.00965667e+00,1.99147202e-02,2.79635154e-02,1.54154256e-01,4.82539825e+01
1.06123006e+00,2.27319114e-02,3.17911804e-02,1.60027772e-01,4.91062431e+01
1.11413085e+00,2.66596861e-02,3.71265747e-02,1.67226791e-01,5.04516525e+01
1.16839325e+00,3.23219895e-02,4.48316857e-02,1.76729381e-01,5.10889015e+01
1.22405231e+00,3.93586643e-02,5.43798432e-02,1.88461229e-01,5.26822014e+01
1.28114390e+00,5.11566252e-02,7.03868642e-02,2.02600598e-01,5.31439323e+01
1.33970511e+00,7.14999065e-02,9.83251110e-02,2.27873683e-01,5.48822250e+01
1.39977336e+00,2.07254863e+04,2.90163555e+04,1.94287031e+04,1.20022437e+03
1.46138775e+00,2.60920137e+04,3.64843984e+04,2.18681172e+04,1.31869214e+03
1.52458799e+00,1.55385332e+04,2.17226934e+04,1.31809570e+04,9.37721313e+02
1.58941495e+00,1.43423906e+04,2.00634023e+04,1.27224014e+04,1.11498889e+03
1.65591037e+00,1.38185430e+04,1.93362852e+04,1.25257256e+04,1.20577197e+03
1.72411728e+00,1.35884395e+04,1.90186777e+04,1.25214141e+04,1.29937891e+03
1.79407966e+00,1.37741973e+04,1.92828008e+04,1.28897383e+04,1.42943909e+03
1.86584306e+00,1.45375293e+04,2.03556445e+04,1.38107148e+04,1.62602295e+03
1.93945324e+00,1.58690879e+04,2.22240938e+04,1.52815840e+04,1.86935767e+03
2.01495814e+00,1.73961836e+04,2.43647109e+04,1.68559512e+04,2.05810962e+03
2.09240627e+00,1.82894336e+04,2.56142207e+04,1.76397852e+04,2.08541821e+03
2.17184782e+00,1.80542930e+04,2.52822480e+04,1.72809102e+04,1.98494507e+03
2.25333428e+00,1.70656094e+04,2.38958613e+04,1.62278164e+04,1.81704126e+03
2.33691788e+00,1.56311699e+04,2.18853906e+04,1.47306875e+04,1.59980884e+03
2.42265272e+00,1.41767637e+04,1.98476309e+04,1.32586387e+04,1.43338391e+03
2.51059437e+00,1.33544189e+04,1.86972773e+04,1.25181533e+04,1.40233386e+03
2.60079956e+00,1.35358516e+04,1.89539180e+04,1.27993301e+04,1.51181689e+03
2.69332647e+00,1.44111191e+04,2.01816484e+04,1.37288418e+04,1.67831409e+03
2.78823495e+00,1.51952305e+04,2.12805352e+04,1.45220156e+04,1.80450610e+03
2.88558602e+00,1.59732227e+04,2.23708672e+04,1.53356387e+04,1.95646533e+03
2.98544264e+00,1.67378105e+04,2.34424004e+04,1.61422461e+04,2.10356836e+03
3.08786964e+00,1.71174062e+04,2.39743379e+04,1.65473086e+04,2.19052271e+03
3.19293284e+00,1.70388105e+04,2.38643359e+04,1.64918828e+04,2.21581323e+03
3.30070019e+00,1.64816465e+04,2.30850195e+04,1.60217979e+04,2.20450513e+03
3.41124129e+00,1.58325664e+04,2.21776133e+04,1.54673252e+04,2.13581689e+03
3.52462745e+00,1.53874326e+04,2.15536309e+04,1.50009473e+04,2.05386572e+03
3.64093208e+00,1.52497109e+04,2.13614434e+04,1.49051113e+04,2.05986401e+03
3.76023054e+00,1.56356602e+04,2.19038301e+04,1.53648271e+04,2.14952100e+03
3.88259912e+00,1.72104316e+04,2.41130625e+04,1.70361152e+04,2.40294385e+03
4.00811720e+00,2.03786621e+04,2.85523047e+04,2.01396934e+04,2.73533447e+03
4.13686609e+00,2.13993223e+04,2.99759863e+04,2.08742266e+04,2.71324121e+03
4.26892853e+00,2.10279648e+04,2.94527812e+04,2.03990898e+04,2.61485010e+03
4.40439081e+00,2.11635234e+04,2.96394688e+04,2.03715117e+04,2.54831909e+03
4.54333878e+00,2.04554629e+04,2.86440352e+04,1.94968262e+04,2.38041846e+03
4.68586397e+00,1.86189121e+04,2.60689336e+04,1.75780586e+04,2.11344580e+03
4.83205652e+00,1.61868232e+04,2.26617637e+04,1.51934512e+04,1.85871057e+03
4.98201227e+00,1.41915293e+04,1.98701211e+04,1.33979600e+04,1.72745386e+03
5.13582754e+00,1.36665146e+04,1.91375410e+04,1.30032764e+04,1.73760901e+03
5.29360199e+00,1.36587080e+04,1.91267305e+04,1.30098301e+04,1.76847705e+03
5.45543718e+00,1.32841035e+04,1.86044453e+04,1.27687539e+04,1.81998486e+03
5.62143755e+00,1.36946777e+04,1.91834766e+04,1.33367031e+04,1.96351099e+03
5.79171038e+00,1.50034814e+04,2.10180469e+04,1.46579053e+04,2.13446777e+03
5.96636629e+00,1.59097451e+04,2.22862793e+04,1.54914570e+04,2.22000928e+03
6.14551687e+00,1.57978086e+04,2.21282051e+04,1.53521387e+04,2.21804346e+03
6.32927942e+00,1.53681855e+04,2.15267422e+04,1.49753555e+04,2.20897461e+03
6.51777077e+00,1.55871543e+04,2.18342734e+04,1.52403350e+04,2.26436841e+03
6.71111441e+00,1.65337617e+04,2.31596113e+04,1.61489355e+04,2.36563086e+03
6.90943432e+00,1.70756797e+04,2.39172695e+04,1.66241172e+04,2.39618066e+03
7.11285782e+00,1.71124980e+04,2.39674531e+04,1.65989062e+04,2.36244165e+03
7.32151794e+00,1.68775762e+04,2.36366523e+04,1.62863789e+04,2.28789355e+03
7.53554821e+00,1.64313633e+04,2.30092559e+04,1.57363594e+04,2.17921753e+03
7.75508738e+00,1.54841777e+04,2.16803105e+04,1.47130977e+04,2.04131226e+03
7.98027754e+00,1.44132822e+04,2.01799648e+04,1.36573633e+04,1.94987866e+03
8.21126270e+00,1.40769707e+04,1.97091348e+04,1.33403545e+04,1.94922156e+03
8.44819450e+00,1.41475293e+04,1.98080098e+04,1.34122422e+04,1.99623242e+03
8.69122219e+00,1.43459990e+04,2.00857207e+04,1.36010303e+04,2.05581030e+03
8.94050789e+00,1.40743242e+04,1.97053887e+04,1.33598096e+04,2.07293701e+03
9.19620800e+00,1.31429980e+04,1.84019102e+04,1.25140459e+04,2.02273303e+03
9.45849037e+00,1.23804688e+04,1.73352168e+04,1.18462158e+04,1.99006641e+03
9.72752285e+00,1.17816416e+04,1.64965898e+04,1.12955684e+04,1.94695081e+03
1.00034800e+01,1.09751953e+04,1.53700234e+04,1.06699424e+04,1.94285596e+03
1.02865391e+01,1.15536328e+04,1.61813379e+04,1.13281514e+04,2.05014795e+03
1.05768833e+01,1.23952871e+04,1.73591758e+04,1.21875742e+04,2.15532861e+03
1.08747025e+01,1.31595068e+04,1.84294160e+04,1.30633379e+04,2.26553564e+03
1.11801853e+01,1.53134717e+04,2.14449258e+04,1.53143301e+04,2.52384448e+03
1.14935322e+01,1.73654473e+04,2.43170938e+04,1.75260957e+04,2.77379297e+03
1.18149433e+01,1.74466152e+04,2.44337832e+04,1.81041797e+04,2.88538818e+03
1.21446266e+01,1.83484961e+04,2.56943691e+04,1.93280898e+04,3.01427905e+03
1.24827967e+01,1.76092812e+04,2.46553340e+04,1.89753105e+04,2.99068506e+03
1.28296700e+01,1.46982344e+04,2.05814023e+04,1.68993496e+04,2.81315039e+03
1.31854706e+01,1.26192090e+04,1.76751562e+04,1.58671416e+04,2.72356689e+03
1.35504293e+01,1.29248330e+04,1.81076367e+04,1.72587070e+04,2.83353271e+03
1.39247818e+01,1.35209023e+04,1.89480703e+04,1.91048867e+04,2.97314233e+03
1.43087692e+01,1.29817109e+04,1.82085723e+04,2.00646191e+04,3.03001929e+03
1.47026405e+01,1.23455039e+04,1.73415410e+04,2.10793086e+04,3.01723218e+03
1.51066484e+01,1.18367812e+04,1.66607988e+04,2.24705312e+04,2.94945605e+03
1.55210552e+01,1.24315928e+04,1.75325664e+04,2.43993867e+04,2.95615625e+03
1.59461288e+01,1.42309424e+04,2.00939258e+04,2.67454277e+04,3.05938623e+03
1.63821430e+01,1.60985635e+04,2.27473652e+04,2.86005898e+04,3.10762354e+03
1.68293781e+01,1.89205938e+04,2.66956797e+04,3.06117598e+04,3.18691504e+03
1.72881241e+01,2.38692109e+04,3.36119258e+04,3.40677344e+04,3.37340967e+03
1.77586803e+01,2.65365156e+04,3.74118359e+04,3.49092773e+04,3.24871924e+03
1.82413464e+01,2.86461895e+04,4.04207188e+04,3.42610547e+04,3.03526880e+03
1.87364349e+01,3.50851719e+04,4.94366758e+04,3.63627266e+04,3.18596997e+03
1.92442665e+01,4.08511797e+04,5.74686953e+04,3.75933867e+04,3.34937354e+03
1.97651691e+01,4.49820234e+04,6.31246562e+04,3.74452617e+04,3.38104614e+03
2.02994785e+01,4.93556406e+04,6.89830312e+04,3.76476992e+04,3.35603247e+03
2.08475418e+01,4.96967812e+04,6.93270703e+04,3.54966836e+04,3.02804175e+03
2.14097099e+01,4.55318477e+04,6.33973438e+04,3.01201445e+04,2.48355200e+03
2.19863453e+01,4.07296602e+04,5.65887266e+04,2.63910664e+04,2.36218555e+03
2.25778236e+01,3.67986406e+04,5.10890586e+04,2.44154219e+04,2.26483838e+03
2.31845264e+01,3.29080703e+04,4.57384492e+04,2.37869707e+04,2.37530908e+03
2.38068466e+01,3.17957227e+04,4.42822422e+04,2.44907422e+04,2.50061084e+03
2.44451809e+01,3.09128047e+04,4.30753672e+04,2.48949902e+04,2.51122974e+03
2.50999470e+01,3.00993906e+04,4.19857930e+04,2.54437070e+04,2.48522119e+03
2.57715645e+01,3.19808867e+04,4.46433984e+04,2.73472617e+04,2.59800684e+03
2.64604683e+01,3.48105625e+04,4.86132969e+04,2.94196797e+04,2.58456787e+03
2.71671047e+01,3.08446094e+04,4.30777383e+04,2.59431172e+04,2.41920850e+03
2.78919277e+01,2.65083730e+04,3.70431875e+04,2.32995117e+04,2.45540771e+03
2.86354065e+01,2.70256445e+04,3.77990781e+04,2.46165156e+04,2.33730029e+03
2.93980217e+01,2.51617422e+04,3.51642617e+04,2.13422441e+04,1.37173120e+03
3.01802654e+01,1.33939570e+04,1.86697695e+04,9.68817383e+03,3.07929565e+02
3.09826431e+01,3.20626074e+03,4.43855176e+03,1.55636646e+03,9.24507141e+00
3.18056717e+01,5.05927063e+02,6.88686584e+02,9.94180450e+01,5.68812211e-05
3.26498833e+01,1.31749603e+02,1.75908569e+02,6.43364286e+00,2.34780618e-05
3.35158234e+01,5.38536148e+01,7.16265793e+01,1.84537435e+00,1.81356590e-05
3.44040565e+01,5.98761673e+01,8.04904175e+01,1.73085666e+00,1.73455028e-05
3.53151436e+01,4.96301727e+01,6.57710876e+01,4.70041305e-01,2.04822900e-05
3.62496834e+01,1.75314064e+01,2.29815178e+01,9.22982544e-02,4.42603778e-06
3.72082787e+01,5.80876303e+00,7.53073263e+00,1.61671769e-02,1.51326867e-06
3.81915474e+01,1.94369936e+00,2.49470186e+00,5.09045785e-03,1.21490791e-06
3.92001228e+01,9.08529580e-01,1.17361701e+00,3.85961682e-03,9.29834641e-07
4.02346535e+01,4.62379992e-01,6.00135684e-01,1.62794895e-03,4.16983738e-07
4.12958107e+01,8.04894492e-02,1.02721252e-01,4.29563224e-05,1.15348868e-07
4.23842850e+01,9.44738276e-03,1.19516114e-02,4.36876417e-06,2.35029649e-08
4.35007744e+01,1.07890301e-04,1.28714208e-04,1.64096619e-07,5.76205916e-10
4.46459999e+01,2.99553426e-06,3.56723740e-06,6.32825170e-09,2.19259610e-11
4.58207016e+01,2.95912884e-07,3.61539776e-07,6.32879471e-10,1.50123631e-12
4.70256386e+01,5.51974411e-10,6.54464705e-10,2.10613753e-12,1.63221820e-15
4.82615852e+01,2.09911186e-11,2.46569293e-11,4.68172999e-14,7.81554256e-17
4.95293465e+01,3.76034273e-13,4.55560882e-13,1.83100508e-15,1.12709955e-18
5.08297386e+01,6.90702852e-15,7.38670328e-15,8.45894581e-18,3.35374641e-19
5.21635971e+01,9.23978611e-17,1.34303321e-16,2.60121916e-18,2.43692084e-22
5.35317917e+01,5.88997140e-18,5.99441412e-18,1.37275366e-19,4.25711501e-23
5.49351997e+01,6.03656869e-19,7.07747778e-19,4.23869530e-22,1.91859711e-25
5.63747253e+01,2.70072006e-21,3.03783090e-21,2.98584137e-23,6.20573609e-27
5.78513031e+01,1.45019077e-22,1.68611584e-22,7.43860766e-26,4.39649482e-29
5.93278885e+01,1.42279436e-24,1.67553563e-24,5.18857853e-27,1.09399216e-30
6.08044662e+01,1.82690987e-26,2.17067558e-26,1.52269889e-29,3.76645611e-32
6.22810478e+01,1.31639681e-27,1.58529322e-27,1.69405926e-30,1.10250019e-33
6.37576256e+01,2.32676607e-29,2.77404570e-29,1.46349385e-32,2.78236614e-35
6.52341995e+01,1.60489585e-30,1.94387871e-30,2.80300889e-33,1.67994817e-36
6.67107849e+01,3.01471836e-32,3.56647249e-32,3.45572208e-35,3.40767761e-38
6.81873703e+01,2.12579796e-33,2.58983115e-33,3.83672847e-36,2.40743076e-39
6.96639481e+01,4.01130904e-35,4.78774573e-35,5.70790903e-38,5.60519386e-42
7.11405258e+01,2.97420662e-36,3.60426018e-36,5.10212771e-39,0.00000000e+00
7.26171036e+01,4.89669735e-38,5.94430809e-38,0.00000000e+00,0.00000000e+00
7.40936813e+01,5.05308226e-39,5.71309384e-39,0.00000000e+00,0.00000000e+00
7.55702591e+01,1.40129846e-42,9.80908925e-42,0.00000000e+00,0.00000000e+00
7.70468445e+01,0.00000000e+00,0.00000000e+00,0.00000000e+00,0.00000000e+00
7.85234222e+01,0.00000000e+00,0.00000000e+00,0.00000000e+00,0.00000000e+00
8.00000000e+01,0.00000000e+00,0.00000000e+00,0.00000000e+00,0.00000000e+00
