Height (km), 7_8 um ash conc (g/kg), 15_6 um ash conc (g/kg), 125 um ash conc (g/kg), 1 mm ash conc (g/kg)
0.00000000e+00,0.00000000e+00,0.00000000e+00,0.00000000e+00,0.00000000e+00
3.99999991e-02,1.05774272e-02,1.55362915e-02,2.83559691e-02,1.85681763e-03
7.99999982e-02,1.46652367e-02,2.13892628e-02,3.44133303e-02,5.14286943e-03
1.19999997e-01,1.86058246e-02,2.69862227e-02,3.85833979e-02,1.05232745e-02
1.59999996e-01,2.28483118e-02,3.30515802e-02,4.26152349e-02,1.77640263e-02
2.00000003e-01,2.69391425e-02,3.88106145e-02,4.54181582e-02,2.65513361e-02
2.39999995e-01,3.13059539e-02,4.49389666e-02,4.81174812e-02,3.40700634e-02
2.80000001e-01,3.62787917e-02,5.18938750e-02,5.18996902e-02,4.69158925e-02
3.19999993e-01,4.10697535e-02,5.85439540e-02,5.54165691e-02,5.86482100e-02
3.60000014e-01,4.66320366e-02,6.62428513e-02,6.02415875e-02,7.65448511e-02
4.00000006e-01,5.36941737e-02,7.62213320e-02,6.73177317e-02,9.44563001e-02
4.39999998e-01,5.96586913e-02,8.44666585e-02,7.29626268e-02,1.18030831e-01
4.79999989e-01,6.74769878e-02,9.57132578e-02,8.24019536e-02,1.40328914e-01
5.19999981e-01,7.23950714e-02,1.02565020e-01,8.90324414e-02,1.73845559e-01
5.60000002e-01,8.03484023e-02,1.14000171e-01,9.89016593e-02,2.10741088e-01
6.00000024e-01,8.36242139e-02,1.18479431e-01,1.03721134e-01,2.57763952e-01
6.41029537e-01,9.29631591e-02,1.31726101e-01,1.15167052e-01,3.31619591e-01
6.83115125e-01,9.50409099e-02,1.34338304e-01,1.16372913e-01,3.95116866e-01
7.26283848e-01,1.02996595e-01,1.45241529e-01,1.25167429e-01,5.15014052e-01
7.70563781e-01,1.10127568e-01,1.55140623e-01,1.33372709e-01,6.42740488e-01
8.15983355e-01,1.27510786e-01,1.79363117e-01,1.52305737e-01,8.89644861e-01
8.62571895e-01,1.27797469e-01,1.79394960e-01,1.53643459e-01,1.10088599e+00
9.10359621e-01,1.43936127e-01,2.01972619e-01,1.72469005e-01,1.50958765e+00
9.59377348e-01,1.46034688e-01,2.04911903e-01,1.80619776e-01,1.90140641e+00
1.00965667e+00,1.62479237e-01,2.28061229e-01,2.01360151e-01,2.47304034e+00
1.06123006e+00,1.82745010e-01,2.56710351e-01,2.31206223e-01,3.28731298e+00
1.11413085e+00,2.03075215e-01,2.85468727e-01,2.64096498e-01,4.23875093e+00
1.16839325e+00,2.24168897e-01,3.15285325e-01,2.96466410e-01,5.32672644e+00
1.22405231e+00,2.45270878e-01,3.45089018e-01,3.28100532e-01,6.57297897e+00
1.28114390e+00,2.92880505e-01,4.12530750e-01,3.97355676e-01,8.21750832e+00
1.33970511e+00,3.52599561e-01,4.96733904e-01,4.75465387e-01,1.01009636e+01
1.39977336e+00,2.00540527e+04,2.80915547e+04,1.98501328e+04,2.07093750e+03
1.46138775e+00,2.45676406e+04,3.43954102e+04,2.31458711e+04,1.95092749e+03
1.52458799e+00,1.55330869e+04,2.17452578e+04,1.46682490e+04,1.34478870e+03
1.58941495e+00,1.45110850e+04,2.03202227e+04,1.39851299e+04,1.47052075e+03
1.65591037e+00,1.43035801e+04,2.00324102e+04,1.39294463e+04,1.56997510e+03
1.72411728e+00,1.43173984e+04,2.00535957e+04,1.40376211e+04,1.66055151e+03
1.79407966e+00,1.45053154e+04,2.03182559e+04,1.42958555e+04,1.75765967e+03
1.86584306e+00,1.48710430e+04,2.08318125e+04,1.47187812e+04,1.87035193e+03
1.93945324e+00,1.54704443e+04,2.16725977e+04,1.53678105e+04,2.01023718e+03
2.01495814e+00,1.63298633e+04,2.28774375e+04,1.62687500e+04,2.17845459e+03
2.09240627e+00,1.72495742e+04,2.41662539e+04,1.72086953e+04,2.33259595e+03
2.17184782e+00,1.77218398e+04,2.48273750e+04,1.76603906e+04,2.39364062e+03
2.25333428e+00,1.72460469e+04,2.41600078e+04,1.71483145e+04,2.32831104e+03
2.33691788e+00,1.60063242e+04,2.24230039e+04,1.58954453e+04,2.18726025e+03
2.42265272e+00,1.46479951e+04,2.05201172e+04,1.45315059e+04,2.03735522e+03
2.51059437e+00,1.36227930e+04,1.90843359e+04,1.35200781e+04,1.95501501e+03
2.60079956e+00,1.37858877e+04,1.93139961e+04,1.37294473e+04,2.06117676e+03
2.69332647e+00,1.52621396e+04,2.13833809e+04,1.52550781e+04,2.33665186e+03
2.78823495e+00,1.66955957e+04,2.33914980e+04,1.66852852e+04,2.55982886e+03
2.88558602e+00,1.77632129e+04,2.48870977e+04,1.77676406e+04,2.75934766e+03
2.98544264e+00,1.87061211e+04,2.62080430e+04,1.87246289e+04,2.93666919e+03
3.08786964e+00,1.86033516e+04,2.60634258e+04,1.86012695e+04,2.94630664e+03
3.19293284e+00,1.70522520e+04,2.38901035e+04,1.70462598e+04,2.77916138e+03
3.30070019e+00,1.56757100e+04,2.19628066e+04,1.57219297e+04,2.66359497e+03
3.41124129e+00,1.51871719e+04,2.12780684e+04,1.52101553e+04,2.58629590e+03
3.52462745e+00,1.39729160e+04,1.95764629e+04,1.39795684e+04,2.43047314e+03
3.64093208e+00,1.39339170e+04,1.95231680e+04,1.39999434e+04,2.50071533e+03
3.76023054e+00,1.63520508e+04,2.29124160e+04,1.64641680e+04,2.87937891e+03
3.88259912e+00,1.90716992e+04,2.67218359e+04,1.91362129e+04,3.20112402e+03
4.00811720e+00,1.93865156e+04,2.71613105e+04,1.93941758e+04,3.23646338e+03
4.13686609e+00,1.93500469e+04,2.71093242e+04,1.93232969e+04,3.22343506e+03
4.26892853e+00,1.86257734e+04,2.60936035e+04,1.85544688e+04,3.13969238e+03
4.40439081e+00,1.67518594e+04,2.34672734e+04,1.66401484e+04,2.87129858e+03
4.54333878e+00,1.42471113e+04,1.99574434e+04,1.41091406e+04,2.55593286e+03
4.68586397e+00,1.21494814e+04,1.70194785e+04,1.20445469e+04,2.33472314e+03
4.83205652e+00,1.17224307e+04,1.64222715e+04,1.16596621e+04,2.34607739e+03
4.98201227e+00,1.24701465e+04,1.74696387e+04,1.24028008e+04,2.47919434e+03
5.13582754e+00,1.27508281e+04,1.78631113e+04,1.27048281e+04,2.58214062e+03
5.29360199e+00,1.32823945e+04,1.86096621e+04,1.33152334e+04,2.78634082e+03
5.45543718e+00,1.52579277e+04,2.13783105e+04,1.53216875e+04,3.11869678e+03
5.62143755e+00,1.59982656e+04,2.24149902e+04,1.60450088e+04,3.30566772e+03
5.79171038e+00,1.56240957e+04,2.18913262e+04,1.57071855e+04,3.39174170e+03
5.96636629e+00,1.58969307e+04,2.22731680e+04,1.59704717e+04,3.53292798e+03
6.14551687e+00,1.49729111e+04,2.09771602e+04,1.49870605e+04,3.45445996e+03
6.32927942e+00,1.26442998e+04,1.77133652e+04,1.25976699e+04,3.18493848e+03
6.51777077e+00,1.04675146e+04,1.46633545e+04,1.04029707e+04,2.97346777e+03
6.71111441e+00,9.26747852e+03,1.29822197e+04,9.20331445e+03,2.89896777e+03
6.90943432e+00,8.69715625e+03,1.21835020e+04,8.64478125e+03,2.91123877e+03
7.11285782e+00,8.73317871e+03,1.22342920e+04,8.69475879e+03,3.00000562e+03
7.32151794e+00,9.22365625e+03,1.29215254e+04,9.18920605e+03,3.13820923e+03
7.53554821e+00,9.97300488e+03,1.39715713e+04,9.94742969e+03,3.31357129e+03
7.75508738e+00,1.09460156e+04,1.53349053e+04,1.09257539e+04,3.51048242e+03
7.98027754e+00,1.18123447e+04,1.65491172e+04,1.18141680e+04,3.71269824e+03
8.21126270e+00,1.34021484e+04,1.87774922e+04,1.34493184e+04,4.02815845e+03
8.44819450e+00,1.49189248e+04,2.09017285e+04,1.49357236e+04,4.26445801e+03
8.69122219e+00,1.47016504e+04,2.05972422e+04,1.47227207e+04,4.30629688e+03
8.94050789e+00,1.50434746e+04,2.10764023e+04,1.50812617e+04,4.42990039e+03
9.19620800e+00,1.47910625e+04,2.07222734e+04,1.48107148e+04,4.44639990e+03
9.45849037e+00,1.27326562e+04,1.78382344e+04,1.27434424e+04,4.24085303e+03
9.72752285e+00,1.11440186e+04,1.56122002e+04,1.11421084e+04,4.08580493e+03
1.00034800e+01,1.09994473e+04,1.54085820e+04,1.09554678e+04,4.06873169e+03
1.02865391e+01,1.03313174e+04,1.44735586e+04,1.03363584e+04,4.03209180e+03
1.05768833e+01,1.00601270e+04,1.40959023e+04,1.01820625e+04,4.03608154e+03
1.08747025e+01,1.10071406e+04,1.54216152e+04,1.11304365e+04,4.07104785e+03
1.11801853e+01,1.07706475e+04,1.50883525e+04,1.09215430e+04,3.93809033e+03
1.14935322e+01,9.94109668e+03,1.39271631e+04,1.03291914e+04,3.82611475e+03
1.18149433e+01,1.04310908e+04,1.46153027e+04,1.11600811e+04,3.89597314e+03
1.21446266e+01,1.18607676e+04,1.66199297e+04,1.30039473e+04,4.07831592e+03
1.24827967e+01,1.28344902e+04,1.79867031e+04,1.45324395e+04,4.19432520e+03
1.28296700e+01,1.23770254e+04,1.73521348e+04,1.48982783e+04,4.17810156e+03
1.31854706e+01,1.10863643e+04,1.55582471e+04,1.47386367e+04,4.09281323e+03
1.35504293e+01,1.00520938e+04,1.41346934e+04,1.50390283e+04,3.97712085e+03
1.39247818e+01,1.00105527e+04,1.40995361e+04,1.61602646e+04,3.89971606e+03
1.43087692e+01,1.07965166e+04,1.52214121e+04,1.83835352e+04,3.94395703e+03
1.47026405e+01,1.23221514e+04,1.73862656e+04,2.11653477e+04,4.04685254e+03
1.51066484e+01,1.44529785e+04,2.04001406e+04,2.42804473e+04,4.18627930e+03
1.55210552e+01,1.78590625e+04,2.51953203e+04,2.83766738e+04,4.46675879e+03
1.59461288e+01,2.22183008e+04,3.13320391e+04,3.27869375e+04,4.76304004e+03
1.63821430e+01,2.74062305e+04,3.86103516e+04,3.67071328e+04,4.97665186e+03
1.68293781e+01,3.28870352e+04,4.62625156e+04,3.98741484e+04,4.98664990e+03
1.72881241e+01,3.81777422e+04,5.36283398e+04,4.19777500e+04,4.99639062e+03
1.77586803e+01,4.18362109e+04,5.86896406e+04,4.20004844e+04,4.94437402e+03
1.82413464e+01,4.38925391e+04,6.14853242e+04,4.05881406e+04,4.90891504e+03
1.87364349e+01,4.63549219e+04,6.48535859e+04,4.10840156e+04,5.15710742e+03
1.92442665e+01,4.76633828e+04,6.66507656e+04,4.19387383e+04,5.26274365e+03
1.97651691e+01,4.77925859e+04,6.68232656e+04,4.19773438e+04,5.18458301e+03
2.02994785e+01,4.66183516e+04,6.51528125e+04,4.13356172e+04,4.97039844e+03
2.08475418e+01,4.29652031e+04,6.00520078e+04,3.81525000e+04,4.61498779e+03
2.14097099e+01,4.20209219e+04,5.87477344e+04,3.71523359e+04,4.50002148e+03
2.19863453e+01,3.91365703e+04,5.46974219e+04,3.40058672e+04,4.42869043e+03
2.25778236e+01,3.58712539e+04,5.01270195e+04,3.16901895e+04,4.35098828e+03
2.31845264e+01,3.28659531e+04,4.59488438e+04,2.98128711e+04,4.13604834e+03
2.38068466e+01,3.24596895e+04,4.54147969e+04,3.02123945e+04,4.22367480e+03
2.44451809e+01,3.28026445e+04,4.59033984e+04,3.06130977e+04,4.12549854e+03
2.50999470e+01,3.23449609e+04,4.52540625e+04,3.01345527e+04,4.09869727e+03
2.57715645e+01,3.30248633e+04,4.62231367e+04,3.15272168e+04,4.73740039e+03
2.64604683e+01,3.77654922e+04,5.28668242e+04,3.64552031e+04,5.01154834e+03
2.71671047e+01,3.15911113e+04,4.42268477e+04,3.04971406e+04,3.86288818e+03
2.78919277e+01,3.41322344e+04,4.77862500e+04,3.27495664e+04,4.09323462e+03
2.86354065e+01,3.58952344e+04,5.02543906e+04,3.43942344e+04,4.25778711e+03
2.93980217e+01,3.42993906e+04,4.80138047e+04,3.25577852e+04,3.72517969e+03
3.01802654e+01,3.34346719e+04,4.68030703e+04,3.17693789e+04,3.40496533e+03
3.09826431e+01,3.78648594e+04,5.30074609e+04,3.60302188e+04,3.56742456e+03
3.18056717e+01,3.83482344e+04,5.36842539e+04,3.63719492e+04,3.11568750e+03
3.26498833e+01,2.82717227e+04,3.95541250e+04,2.54934180e+04,1.09166602e+03
3.35158234e+01,1.24369697e+04,1.73692129e+04,9.73155664e+03,3.09403992e+01
3.44040565e+01,1.56055518e+03,2.16726318e+03,7.74214966e+02,8.81359652e-02
3.53151436e+01,2.04230213e+01,2.75846176e+01,1.01498139e+00,1.66683421e-02
3.62496834e+01,6.10351515e+00,8.18018436e+00,4.10887897e-01,7.79755555e-06
3.72082787e+01,2.47206497e+00,3.30770946e+00,5.26008233e-02,3.63254185e-06
3.81915474e+01,1.45987666e+00,1.94339716e+00,9.79656819e-03,6.57015050e-07
3.92001228e+01,2.82641768e-01,3.65495116e-01,2.19826266e-04,1.55406966e-07
4.02346535e+01,1.65708717e-02,2.02006195e-02,2.39791061e-05,2.22343033e-08
4.12958107e+01,1.41820917e-03,1.70864479e-03,3.40768975e-06,1.91474769e-09
4.23842850e+01,8.89775984e-05,1.06749329e-04,3.89484910e-07,1.23421828e-10
4.35007744e+01,7.17137618e-06,8.52782887e-06,2.27808847e-08,8.55604563e-12
4.46459999e+01,5.24207508e-07,6.23802066e-07,1.18786381e-09,7.19237332e-13
4.58207016e+01,7.89341481e-10,9.74226699e-10,7.55715629e-12,9.13160386e-16
4.70256386e+01,1.69628311e-10,2.11415871e-10,5.38518665e-13,1.12392855e-16
4.82615852e+01,4.96342334e-12,6.17809796e-12,1.71164251e-14,5.74097508e-18
4.95293465e+01,1.58647008e-13,1.97859402e-13,1.29653401e-16,1.09629840e-19
5.08297386e+01,3.61123349e-15,4.47353675e-15,1.32924053e-17,5.27601281e-21
5.21635971e+01,1.66281749e-17,1.86118930e-17,1.45293990e-19,9.56858049e-23
5.35317917e+01,5.34264749e-18,5.69945723e-18,6.93721806e-21,3.85932882e-24
5.49351997e+01,2.08960460e-20,3.59585041e-20,1.65798456e-22,4.78914436e-26
5.63747253e+01,2.53247726e-21,2.59543548e-21,3.30026211e-24,1.86288809e-27
5.78513031e+01,2.09536571e-23,3.34352131e-23,1.22202677e-25,2.84124139e-29
5.93278885e+01,1.36559376e-24,1.43490978e-24,1.98138999e-27,1.03390747e-30
6.08044662e+01,1.65590008e-26,2.68402990e-26,8.78455768e-29,1.53291311e-32
6.22810478e+01,1.09549861e-27,1.19535365e-27,1.76302035e-30,7.94480724e-34
6.37576256e+01,1.84133859e-29,2.50514299e-29,8.21968128e-32,1.36884394e-35
6.52341995e+01,1.06730712e-30,1.16963305e-30,1.92880880e-33,7.01445170e-37
6.67107849e+01,1.79884343e-32,2.40887048e-32,7.56597698e-35,1.24239122e-38
6.81873703e+01,1.18977413e-33,1.27970376e-33,2.43330882e-36,7.20267411e-40
6.96639481e+01,1.86933204e-35,2.45162175e-35,6.27403361e-38,0.00000000e+00
7.11405258e+01,1.25423916e-36,1.46683170e-36,2.96094366e-39,0.00000000e+00
7.26171036e+01,2.83847017e-38,3.40627631e-38,3.78350585e-41,0.00000000e+00
7.40936813e+01,1.75722827e-39,2.40182557e-39,0.00000000e+00,0.00000000e+00
7.55702591e+01,1.82168800e-41,6.16571324e-41,0.00000000e+00,0.00000000e+00
7.70468445e+01,0.00000000e+00,0.00000000e+00,0.00000000e+00,0.00000000e+00
7.85234222e+01,0.00000000e+00,0.00000000e+00,0.00000000e+00,0.00000000e+00
8.00000000e+01,0.00000000e+00,0.00000000e+00,0.00000000e+00,0.00000000e+00
