Height (km), 7_8 um ash conc (g/kg), 15_6 um ash conc (g/kg), 125 um ash conc (g/kg), 1 mm ash conc (g/kg)
0.00000000e+00,0.00000000e+00,0.00000000e+00,0.00000000e+00,0.00000000e+00
3.99999991e-02,7.64984032e-03,1.09429210e-02,1.40537461e-02,2.88303822e-01
7.99999982e-02,1.09270848e-02,1.55065907e-02,1.62574463e-02,6.45215750e-01
1.19999997e-01,1.29884277e-02,1.83333308e-02,1.76077895e-02,9.11515832e-01
1.59999996e-01,1.46107860e-02,2.05461979e-02,1.86423492e-02,1.08570981e+00
2.00000003e-01,1.63104534e-02,2.28684619e-02,2.01439299e-02,1.24021840e+00
2.39999995e-01,1.78748909e-02,2.49863565e-02,2.13052779e-02,1.39801466e+00
2.80000001e-01,1.90574303e-02,2.65806280e-02,2.23118272e-02,1.58022761e+00
3.19999993e-01,2.00724117e-02,2.79750861e-02,2.38317959e-02,1.78643787e+00
3.60000014e-01,2.11611614e-02,2.94400509e-02,2.50634588e-02,2.02111816e+00
4.00000006e-01,2.21149214e-02,3.07696015e-02,2.66303271e-02,2.25472474e+00
4.39999998e-01,2.31193639e-02,3.21632288e-02,2.90277936e-02,2.50520563e+00
4.79999989e-01,2.46772487e-02,3.43119502e-02,3.08935288e-02,2.76824832e+00
5.19999981e-01,2.63757575e-02,3.67093123e-02,3.38016227e-02,3.04241133e+00
5.60000002e-01,2.79369392e-02,3.88600864e-02,3.60862054e-02,3.32263708e+00
6.00000024e-01,3.12042013e-02,4.34181541e-02,4.01970185e-02,3.64886379e+00
6.41029537e-01,3.33782881e-02,4.64496426e-02,4.39090319e-02,3.98262548e+00
6.83115125e-01,3.59765291e-02,5.00456989e-02,4.75197993e-02,4.35165405e+00
7.26283848e-01,3.83235961e-02,5.33424951e-02,5.20334877e-02,4.74581385e+00
7.70563781e-01,4.12017778e-02,5.73664494e-02,5.71618415e-02,5.18508196e+00
8.15983355e-01,4.39399853e-02,6.12464249e-02,6.27299473e-02,5.65687656e+00
8.62571895e-01,4.82205153e-02,6.72814548e-02,7.00065643e-02,6.18640947e+00
9.10359621e-01,5.22131026e-02,7.30014592e-02,7.75437653e-02,6.76129913e+00
9.59377348e-01,5.84195927e-02,8.17539096e-02,8.53657722e-02,7.39625359e+00
1.00965667e+00,6.37545511e-02,8.93708691e-02,9.31790397e-02,8.10321903e+00
1.06123006e+00,7.35438392e-02,1.03239357e-01,1.03719220e-01,8.89745140e+00
1.11413085e+00,8.66964832e-02,1.21697903e-01,1.15061909e-01,9.78545380e+00
1.16839325e+00,1.02959760e-01,1.44396812e-01,1.28121793e-01,1.08029518e+01
1.22405231e+00,1.20312132e-01,1.68550417e-01,1.42049149e-01,1.19591017e+01
1.28114390e+00,1.43507123e-01,2.00979412e-01,1.65512115e-01,1.32700977e+01
1.33970511e+00,1.74954757e-01,2.44882166e-01,1.99030042e-01,1.48012886e+01
1.39977336e+00,1.99808594e+04,2.79885898e+04,1.97451406e+04,1.99740784e+03
1.46138775e+00,2.40445352e+04,3.36621328e+04,2.25863906e+04,1.84613525e+03
1.52458799e+00,1.44926729e+04,2.02876582e+04,1.36259141e+04,1.21275269e+03
1.58941495e+00,1.33930801e+04,1.87537812e+04,1.28609785e+04,1.31754382e+03
1.65591037e+00,1.31526406e+04,1.84197617e+04,1.27671289e+04,1.40721826e+03
1.72411728e+00,1.31963438e+04,1.84826816e+04,1.28978818e+04,1.49157800e+03
1.79407966e+00,1.33148877e+04,1.86498711e+04,1.30739805e+04,1.56356982e+03
1.86584306e+00,1.34318555e+04,1.88145547e+04,1.32326953e+04,1.62442529e+03
1.93945324e+00,1.35763398e+04,1.90176445e+04,1.34105107e+04,1.68299658e+03
2.01495814e+00,1.37349219e+04,1.92403555e+04,1.35960781e+04,1.73879883e+03
2.09240627e+00,1.38729336e+04,1.94341289e+04,1.37555703e+04,1.78777368e+03
2.17184782e+00,1.39495449e+04,1.95418047e+04,1.38494219e+04,1.82614990e+03
2.25333428e+00,1.40110713e+04,1.96283301e+04,1.39266094e+04,1.86282959e+03
2.33691788e+00,1.41383945e+04,1.98070449e+04,1.40695947e+04,1.90995728e+03
2.42265272e+00,1.43834023e+04,2.01505781e+04,1.43280020e+04,1.97281970e+03
2.51059437e+00,1.47285947e+04,2.06343613e+04,1.46833711e+04,2.04884277e+03
2.60079956e+00,1.50701055e+04,2.11128418e+04,1.50297129e+04,2.12198022e+03
2.69332647e+00,1.50971318e+04,2.11505879e+04,1.50542695e+04,2.15026343e+03
2.78823495e+00,1.47134502e+04,2.06130664e+04,1.46725752e+04,2.13160498e+03
2.88558602e+00,1.42473379e+04,1.99602129e+04,1.42118936e+04,2.10801904e+03
2.98544264e+00,1.38329023e+04,1.93798008e+04,1.38024922e+04,2.09289990e+03
3.08786964e+00,1.38492676e+04,1.94030996e+04,1.38328594e+04,2.14872388e+03
3.19293284e+00,1.45138447e+04,2.03344375e+04,1.45075840e+04,2.28983154e+03
3.30070019e+00,1.52560352e+04,2.13741719e+04,1.52480869e+04,2.43352368e+03
3.41124129e+00,1.58918701e+04,2.22647578e+04,1.58795703e+04,2.56093188e+03
3.52462745e+00,1.61716992e+04,2.26563047e+04,1.61440020e+04,2.62782129e+03
3.64093208e+00,1.55169844e+04,2.17386641e+04,1.54765801e+04,2.57979541e+03
3.76023054e+00,1.46432461e+04,2.05148770e+04,1.46150469e+04,2.52807568e+03
3.88259912e+00,1.38283662e+04,1.93731543e+04,1.37934238e+04,2.45774341e+03
4.00811720e+00,1.24136455e+04,1.73914219e+04,1.23899912e+04,2.33112573e+03
4.13686609e+00,1.26172207e+04,1.76776211e+04,1.26304463e+04,2.41486987e+03
4.26892853e+00,1.42951240e+04,2.00285566e+04,1.43128281e+04,2.67677612e+03
4.40439081e+00,1.52890781e+04,2.14207383e+04,1.52956113e+04,2.81877515e+03
4.54333878e+00,1.56278984e+04,2.18948418e+04,1.56177061e+04,2.88396045e+03
4.68586397e+00,1.55388447e+04,2.17695078e+04,1.55108613e+04,2.87302002e+03
4.83205652e+00,1.48059453e+04,2.07426719e+04,1.47774297e+04,2.80817334e+03
4.98201227e+00,1.40553848e+04,1.96912441e+04,1.40287910e+04,2.71910669e+03
5.13582754e+00,1.30699727e+04,1.83101387e+04,1.30211729e+04,2.57701953e+03
5.29360199e+00,1.17195898e+04,1.64185469e+04,1.16851777e+04,2.39621533e+03
5.45543718e+00,1.19477939e+04,1.67390801e+04,1.19434951e+04,2.44611230e+03
5.62143755e+00,1.33552676e+04,1.87112090e+04,1.33566553e+04,2.61398071e+03
5.79171038e+00,1.40183799e+04,1.96398164e+04,1.40029355e+04,2.67955347e+03
5.96636629e+00,1.39782178e+04,1.95829316e+04,1.39416084e+04,2.65398560e+03
6.14551687e+00,1.35894561e+04,1.90384121e+04,1.35602520e+04,2.62333765e+03
6.32927942e+00,1.37266045e+04,1.92309570e+04,1.37115293e+04,2.66919995e+03
6.51777077e+00,1.49346973e+04,2.09226758e+04,1.48866055e+04,2.81402368e+03
6.71111441e+00,1.54249521e+04,2.16088711e+04,1.53566045e+04,2.88933350e+03
6.90943432e+00,1.56787051e+04,2.19654668e+04,1.56544570e+04,2.97221655e+03
7.11285782e+00,1.58726846e+04,2.22376445e+04,1.58628594e+04,2.99636035e+03
7.32151794e+00,1.47811982e+04,2.07080762e+04,1.47648027e+04,2.83353271e+03
7.53554821e+00,1.44018486e+04,2.01769590e+04,1.44051719e+04,2.78795044e+03
7.75508738e+00,1.47305381e+04,2.06368242e+04,1.47068496e+04,2.78703735e+03
7.98027754e+00,1.33651318e+04,1.87222949e+04,1.32752832e+04,2.52146167e+03
8.21126270e+00,1.05715264e+04,1.48076104e+04,1.04510664e+04,2.12339478e+03
8.44819450e+00,8.44009961e+03,1.18220156e+04,8.34422754e+03,1.89105054e+03
8.69122219e+00,7.62406152e+03,1.06798857e+04,7.57682471e+03,1.88299292e+03
8.94050789e+00,7.83510596e+03,1.09765547e+04,7.83359766e+03,2.02838611e+03
9.19620800e+00,8.65250977e+03,1.21223486e+04,8.68518750e+03,2.26932715e+03
9.45849037e+00,9.60868945e+03,1.34622334e+04,9.66702344e+03,2.53251562e+03
9.72752285e+00,1.02740820e+04,1.43945225e+04,1.03629326e+04,2.74646973e+03
1.00034800e+01,1.10275137e+04,1.54502607e+04,1.11793164e+04,2.94814966e+03
1.02865391e+01,1.20735625e+04,1.69155586e+04,1.23115098e+04,3.11433618e+03
1.05768833e+01,1.27820635e+04,1.79074883e+04,1.31404785e+04,3.18646313e+03
1.08747025e+01,1.23878799e+04,1.73561016e+04,1.30536338e+04,3.11649902e+03
1.11801853e+01,1.10778887e+04,1.55254932e+04,1.23725449e+04,2.98693628e+03
1.14935322e+01,1.09576113e+04,1.53648750e+04,1.30358896e+04,3.02611133e+03
1.18149433e+01,1.14483115e+04,1.60597686e+04,1.41733311e+04,3.13152441e+03
1.21446266e+01,1.24245664e+04,1.74361621e+04,1.59186465e+04,3.30143848e+03
1.24827967e+01,1.32649316e+04,1.86258555e+04,1.76676406e+04,3.46285132e+03
1.28296700e+01,1.43277305e+04,2.01267344e+04,1.99955781e+04,3.74058398e+03
1.31854706e+01,1.61503066e+04,2.27075625e+04,2.37268496e+04,4.09569824e+03
1.35504293e+01,1.85418438e+04,2.61113008e+04,2.74372852e+04,4.47673779e+03
1.39247818e+01,2.18042012e+04,3.07170195e+04,3.09276699e+04,4.81582324e+03
1.43087692e+01,2.45209238e+04,3.45477109e+04,3.32763633e+04,5.04809668e+03
1.47026405e+01,2.57883398e+04,3.63554766e+04,3.32781953e+04,5.08461816e+03
1.51066484e+01,2.80505723e+04,3.95149219e+04,3.42248164e+04,5.07905859e+03
1.55210552e+01,3.22013105e+04,4.53079531e+04,3.67916172e+04,5.17364258e+03
1.59461288e+01,3.50246250e+04,4.92010820e+04,3.86918672e+04,5.19588770e+03
1.63821430e+01,3.66883086e+04,5.14801602e+04,3.99962148e+04,5.10253174e+03
1.68293781e+01,4.07190117e+04,5.71008398e+04,4.25120781e+04,5.06565820e+03
1.72881241e+01,4.59098359e+04,6.43262656e+04,4.50878789e+04,5.09937402e+03
1.77586803e+01,4.51995078e+04,6.32853750e+04,4.30326562e+04,4.74367432e+03
1.82413464e+01,4.25336797e+04,5.95097383e+04,3.95970859e+04,4.27748779e+03
1.87364349e+01,4.08989531e+04,5.72044453e+04,3.73385234e+04,3.94977002e+03
1.92442665e+01,4.10922109e+04,5.74572812e+04,3.68002578e+04,3.80475220e+03
1.97651691e+01,4.13037891e+04,5.77391094e+04,3.58305156e+04,3.69987793e+03
2.02994785e+01,3.88451367e+04,5.42684766e+04,3.25195508e+04,3.41215308e+03
2.08475418e+01,3.45184375e+04,4.82043398e+04,2.85003398e+04,3.31085742e+03
2.14097099e+01,3.31563594e+04,4.63203086e+04,2.84983750e+04,3.66450049e+03
2.19863453e+01,3.22195137e+04,4.50454844e+04,2.91255156e+04,3.80738013e+03
2.25778236e+01,2.94673770e+04,4.12185781e+04,2.74505391e+04,3.61359961e+03
2.31845264e+01,2.72649199e+04,3.81387266e+04,2.51126133e+04,2.76747876e+03
2.38068466e+01,2.27494395e+04,3.18271484e+04,2.09567773e+04,2.32108765e+03
2.44451809e+01,1.81841562e+04,2.54435371e+04,1.68628203e+04,2.01027722e+03
2.50999470e+01,1.42567734e+04,1.99514258e+04,1.33563613e+04,1.44067139e+03
2.57715645e+01,8.92016699e+03,1.24735508e+04,7.83269922e+03,5.21363647e+02
2.64604683e+01,3.31822095e+03,4.62589062e+03,2.29195435e+03,3.16749744e+01
2.71671047e+01,1.42581091e+03,1.98104712e+03,7.26982361e+02,5.56053877e-01
2.78919277e+01,9.03344421e+02,1.25284351e+03,3.87874359e+02,1.76549107e-01
2.86354065e+01,5.75954956e+02,7.97258911e+02,2.14567413e+02,1.35183215e-01
2.93980217e+01,3.67030518e+02,5.07464874e+02,1.28740982e+02,3.69630530e-02
3.01802654e+01,2.49603424e+02,3.45080139e+02,7.58453217e+01,1.33533990e-02
3.09826431e+01,1.22520935e+02,1.68460495e+02,2.15200653e+01,7.24187819e-03
3.18056717e+01,3.00464897e+01,4.07719841e+01,3.91170883e+00,7.12596951e-03
3.26498833e+01,2.03092937e+01,2.78823166e+01,5.60919952e+00,3.57564772e-03
3.35158234e+01,2.46598740e+01,3.39695930e+01,7.35188007e+00,4.97534129e-05
3.44040565e+01,7.41248798e+00,1.01695375e+01,1.59470201e+00,1.20495379e-05
3.53151436e+01,4.19631362e-01,5.63621759e-01,2.81027127e-02,1.94586346e-06
3.62496834e+01,1.73278645e-01,2.34177485e-01,1.47879962e-02,1.17391460e-06
3.72082787e+01,7.79343694e-02,1.05275005e-01,5.14079072e-03,7.32476792e-07
3.81915474e+01,2.99286135e-02,4.03520390e-02,1.52767182e-03,3.34431178e-07
3.92001228e+01,9.24105849e-03,1.24354698e-02,3.29396717e-04,7.28081204e-08
4.02346535e+01,1.84008386e-03,2.46867747e-03,4.32075540e-05,1.10151852e-08
4.12958107e+01,1.03736034e-04,1.38204967e-04,1.64241942e-06,9.28181865e-10
4.23842850e+01,1.09598523e-06,1.42374586e-06,2.94055678e-08,1.53430723e-11
4.35007744e+01,1.60882752e-09,2.08145878e-09,6.06390216e-11,2.56881918e-14
4.46459999e+01,9.24355731e-11,1.19296600e-10,2.26578652e-12,1.36492160e-15
4.58207016e+01,5.00142202e-12,6.46330428e-12,1.27120563e-13,7.36710943e-17
4.70256386e+01,2.12797323e-13,2.75225128e-13,5.50770680e-15,3.04664537e-18
4.82615852e+01,6.95688488e-15,9.02032406e-15,1.79087011e-16,1.00403945e-19
4.95293465e+01,1.73282639e-16,2.25284638e-16,4.73454525e-18,2.69063597e-21
5.08297386e+01,3.63032035e-18,4.74910487e-18,1.07289326e-19,5.91936358e-23
5.21635971e+01,6.98765540e-20,9.21677273e-20,2.31987225e-21,1.06361248e-24
5.35317917e+01,1.35318822e-21,1.78547339e-21,4.61243374e-23,1.56604482e-26
5.49351997e+01,2.42463846e-23,3.18483216e-23,7.53754721e-25,1.93234425e-28
5.63747253e+01,3.61651408e-25,4.73268768e-25,9.82099317e-27,2.06307515e-30
5.78513031e+01,4.47969456e-27,5.80607635e-27,1.07248418e-28,2.02320945e-32
5.93278885e+01,4.97785573e-29,6.21576075e-29,1.06855747e-30,2.07676033e-34
6.08044662e+01,5.36993138e-31,6.04374919e-31,1.07142622e-32,2.65520831e-36
6.22810478e+01,7.10944347e-33,8.34712661e-33,1.46288986e-34,5.68100410e-38
6.37576256e+01,1.16185391e-34,1.42976423e-34,2.57135192e-36,1.38168029e-39
6.52341995e+01,4.17595086e-36,6.79634329e-36,1.11261697e-37,9.80908925e-42
6.67107849e+01,1.23658984e-37,1.88178958e-37,4.56963429e-39,0.00000000e+00
6.81873703e+01,6.05501066e-39,8.64741282e-39,1.73761010e-40,0.00000000e+00
6.96639481e+01,2.66246708e-40,3.76949287e-40,0.00000000e+00,0.00000000e+00
7.11405258e+01,2.80259693e-42,1.40129846e-42,0.00000000e+00,0.00000000e+00
7.26171036e+01,0.00000000e+00,0.00000000e+00,0.00000000e+00,0.00000000e+00
7.40936813e+01,0.00000000e+00,0.00000000e+00,0.00000000e+00,0.00000000e+00
7.55702591e+01,0.00000000e+00,0.00000000e+00,0.00000000e+00,0.00000000e+00
7.70468445e+01,0.00000000e+00,0.00000000e+00,0.00000000e+00,0.00000000e+00
7.85234222e+01,0.00000000e+00,0.00000000e+00,0.00000000e+00,0.00000000e+00
8.00000000e+01,0.00000000e+00,0.00000000e+00,0.00000000e+00,0.00000000e+00
