Height (km), 7_8 um ash conc (g/kg), 15_6 um ash conc (g/kg), 125 um ash conc (g/kg), 1 mm ash conc (g/kg)
0.00000000e+00,0.00000000e+00,0.00000000e+00,0.00000000e+00,0.00000000e+00
3.99999991e-02,5.60519386e-41,7.42688186e-41,2.51824481e-30,4.21055679e+01
7.99999982e-02,1.13112812e-38,1.51592468e-38,3.58179598e-27,4.40714111e+01
1.19999997e-01,1.50791481e-36,2.10814139e-36,1.31336782e-24,4.45960007e+01
1.59999996e-01,1.11291764e-34,1.58665553e-34,2.68294926e-22,4.56880493e+01
2.00000003e-01,4.38812519e-33,6.44208153e-33,3.45035645e-20,4.50625381e+01
2.39999995e-01,6.04865900e-32,8.99921858e-32,3.30456380e-18,4.68660240e+01
2.80000001e-01,3.03420276e-30,4.42942371e-30,1.59937939e-16,4.62673569e+01
3.19999993e-01,5.58806226e-29,8.50493974e-29,4.45978602e-15,4.89988823e+01
3.60000014e-01,9.39465160e-28,1.39972072e-27,1.80338329e-13,4.82423248e+01
4.00000006e-01,2.94237352e-26,4.38102193e-26,8.66995451e-12,5.03612556e+01
4.39999998e-01,2.77189156e-25,4.37860943e-25,2.21950666e-10,5.14035301e+01
4.79999989e-01,4.16541514e-24,6.29458188e-24,9.86822002e-09,5.35107727e+01
5.19999981e-01,4.13796167e-23,6.64311759e-23,6.31815340e-07,5.34652863e+01
5.60000002e-01,5.37031412e-22,8.31108660e-22,3.70509906e-06,5.81779518e+01
6.00000024e-01,5.00077128e-21,7.88293673e-21,2.06454642e-05,5.73181839e+01
6.41029537e-01,8.19320910e-20,1.25949919e-19,4.84264820e-05,6.38668251e+01
6.83115125e-01,1.02511480e-18,1.56503533e-18,1.33527778e-04,6.47784882e+01
7.26283848e-01,1.27907062e-17,1.91572896e-17,3.23756743e-04,7.14130554e+01
7.70563781e-01,1.38177543e-16,2.06963924e-16,6.10307674e-04,7.29232483e+01
8.15983355e-01,1.38062051e-15,2.05191444e-15,1.06371357e-03,7.73483734e+01
8.62571895e-01,1.05463818e-14,1.56491827e-14,1.76725956e-03,7.66529388e+01
9.10359621e-01,5.04030072e-14,7.52962214e-14,2.78450549e-03,8.00748444e+01
9.59377348e-01,2.67454651e-13,3.91412109e-13,3.71678220e-03,8.42978745e+01
1.00965667e+00,1.03797092e-12,1.52718441e-12,5.16922399e-03,9.53390961e+01
1.06123006e+00,3.08496609e-12,4.51077673e-12,6.87370822e-03,9.13571091e+01
1.11413085e+00,8.02477702e-12,1.15280554e-11,8.87498539e-03,1.04588737e+02
1.16839325e+00,2.07739260e-11,2.88995997e-11,1.10477600e-02,1.05662239e+02
1.22405231e+00,4.50085524e-11,6.15097903e-11,1.33959502e-02,1.21688614e+02
1.28114390e+00,8.06388983e-11,1.07437378e-10,1.66099817e-02,1.17892548e+02
1.33970511e+00,1.27254096e-10,1.61346367e-10,2.00931560e-02,1.31982422e+02
1.39977336e+00,2.06566875e+04,2.89194004e+04,1.93224512e+04,1.28092053e+03
1.46138775e+00,2.49602656e+04,3.49042734e+04,2.10066602e+04,1.31835901e+03
1.52458799e+00,1.49892383e+04,2.09542090e+04,1.26319629e+04,9.09331055e+02
1.58941495e+00,1.31900371e+04,1.84476094e+04,1.14857266e+04,9.94398376e+02
1.65591037e+00,1.18265264e+04,1.65443398e+04,1.04784238e+04,9.86807251e+02
1.72411728e+00,1.09680488e+04,1.53470127e+04,9.89238281e+03,1.05576599e+03
1.79407966e+00,1.07742891e+04,1.50800918e+04,9.92358203e+03,1.15624756e+03
1.86584306e+00,1.13628867e+04,1.59089551e+04,1.07172930e+04,1.38145679e+03
1.93945324e+00,1.28029766e+04,1.79306211e+04,1.23563711e+04,1.67780676e+03
2.01495814e+00,1.48979902e+04,2.08691055e+04,1.46231592e+04,2.05538184e+03
2.09240627e+00,1.71477578e+04,2.40228477e+04,1.69669375e+04,2.35054102e+03
2.17184782e+00,1.90077305e+04,2.66278398e+04,1.87759883e+04,2.49699268e+03
2.25333428e+00,1.99298848e+04,2.79161484e+04,1.94916914e+04,2.42314014e+03
2.33691788e+00,1.97147051e+04,2.76095723e+04,1.89907812e+04,2.21286060e+03
2.42265272e+00,1.86175176e+04,2.60675938e+04,1.76283027e+04,1.91833008e+03
2.51059437e+00,1.69896582e+04,2.37835977e+04,1.58217031e+04,1.65056287e+03
2.60079956e+00,1.51511230e+04,2.12063594e+04,1.39146699e+04,1.42643494e+03
2.69332647e+00,1.33800166e+04,1.87253535e+04,1.21708057e+04,1.25344897e+03
2.78823495e+00,1.18389609e+04,1.65678398e+04,1.07182070e+04,1.13871338e+03
2.88558602e+00,1.05785693e+04,1.48041914e+04,9.57732227e+03,1.05468774e+03
2.98544264e+00,9.61400195e+03,1.34552656e+04,8.74146289e+03,1.02075507e+03
3.08786964e+00,8.94929004e+03,1.25264570e+04,8.20194727e+03,9.99902344e+02
3.19293284e+00,8.58435742e+03,1.20175508e+04,7.95414746e+03,1.03061536e+03
3.30070019e+00,8.49963184e+03,1.19010664e+04,7.97780957e+03,1.08414490e+03
3.41124129e+00,8.71361523e+03,1.22029805e+04,8.29403711e+03,1.17470703e+03
3.52462745e+00,9.26745703e+03,1.29809541e+04,8.94539844e+03,1.31305737e+03
3.64093208e+00,1.02006777e+04,1.42902637e+04,9.96999707e+03,1.49020728e+03
3.76023054e+00,1.15100020e+04,1.61262764e+04,1.13648213e+04,1.72866663e+03
3.88259912e+00,1.31965879e+04,1.84906094e+04,1.31355977e+04,2.00751831e+03
4.00811720e+00,1.52496045e+04,2.13679062e+04,1.52663457e+04,2.34962158e+03
4.13686609e+00,1.74385293e+04,2.44349141e+04,1.75127344e+04,2.67185059e+03
4.26892853e+00,1.95183242e+04,2.73481074e+04,1.96110430e+04,2.95095020e+03
4.40439081e+00,2.11775039e+04,2.96706758e+04,2.12095039e+04,3.08160205e+03
4.54333878e+00,2.18784609e+04,3.06492656e+04,2.17451934e+04,3.00456152e+03
4.68586397e+00,2.15716777e+04,3.02153223e+04,2.12068066e+04,2.75848682e+03
4.83205652e+00,2.05514648e+04,2.87820254e+04,1.99418750e+04,2.43889917e+03
4.98201227e+00,1.90150820e+04,2.66264180e+04,1.82011699e+04,2.10690918e+03
5.13582754e+00,1.73757422e+04,2.43278789e+04,1.64329199e+04,1.83687610e+03
5.29360199e+00,1.58857656e+04,2.22397891e+04,1.48864414e+04,1.64136182e+03
5.45543718e+00,1.45683711e+04,2.03944160e+04,1.35725771e+04,1.50085217e+03
5.62143755e+00,1.36337227e+04,1.90858945e+04,1.26782012e+04,1.43331104e+03
5.79171038e+00,1.30125322e+04,1.82167520e+04,1.21137871e+04,1.40473584e+03
5.96636629e+00,1.24674434e+04,1.74544551e+04,1.16461895e+04,1.41019604e+03
6.14551687e+00,1.22653975e+04,1.71730000e+04,1.15305801e+04,1.44649683e+03
6.32927942e+00,1.23021270e+04,1.72254355e+04,1.16250146e+04,1.51371497e+03
6.51777077e+00,1.21322637e+04,1.69889238e+04,1.15457314e+04,1.55739172e+03
6.71111441e+00,1.24149082e+04,1.73863730e+04,1.19084512e+04,1.65605212e+03
6.90943432e+00,1.25747754e+04,1.76105312e+04,1.20974795e+04,1.71216028e+03
7.11285782e+00,1.23995234e+04,1.73676660e+04,1.20739736e+04,1.78922119e+03
7.32151794e+00,1.34219033e+04,1.88011816e+04,1.31512773e+04,1.95399268e+03
7.53554821e+00,1.36721377e+04,1.91513887e+04,1.34028340e+04,1.99824915e+03
7.75508738e+00,1.44720820e+04,2.02742891e+04,1.43309297e+04,2.19744971e+03
7.98027754e+00,1.62654844e+04,2.27879688e+04,1.61987080e+04,2.48318311e+03
8.21126270e+00,1.73640469e+04,2.43280938e+04,1.73578867e+04,2.65192578e+03
8.44819450e+00,1.98055391e+04,2.77482324e+04,1.97641055e+04,2.91087402e+03
8.69122219e+00,2.06195020e+04,2.88859199e+04,2.04435430e+04,2.90135205e+03
8.94050789e+00,2.10023652e+04,2.94187812e+04,2.06284922e+04,2.79763037e+03
9.19620800e+00,2.06756562e+04,2.89562520e+04,2.00549102e+04,2.60761133e+03
9.45849037e+00,1.82422969e+04,2.55494023e+04,1.77528105e+04,2.36778101e+03
9.72752285e+00,2.02873652e+04,2.84118633e+04,1.96552285e+04,2.53253491e+03
1.00034800e+01,2.15677734e+04,3.01988477e+04,2.07020039e+04,2.57278418e+03
1.02865391e+01,1.81683691e+04,2.54443379e+04,1.79196797e+04,2.41860571e+03
1.05768833e+01,1.81548086e+04,2.54273594e+04,1.82430605e+04,2.53473096e+03
1.08747025e+01,1.76377051e+04,2.47051465e+04,1.80944160e+04,2.54265674e+03
1.11801853e+01,1.77249492e+04,2.48302676e+04,1.85584883e+04,2.60041748e+03
1.14935322e+01,1.87035664e+04,2.61978359e+04,1.96127637e+04,2.63179541e+03
1.18149433e+01,1.80380391e+04,2.52666895e+04,1.92486543e+04,2.56046948e+03
1.21446266e+01,1.81334961e+04,2.54071699e+04,1.98658711e+04,2.60251196e+03
1.24827967e+01,1.98680801e+04,2.78419258e+04,2.18227949e+04,2.72099023e+03
1.28296700e+01,2.00495117e+04,2.80993711e+04,2.20211289e+04,2.68314160e+03
1.31854706e+01,2.00359219e+04,2.80884863e+04,2.22323652e+04,2.75767041e+03
1.35504293e+01,2.24152910e+04,3.14335078e+04,2.48564551e+04,2.99572168e+03
1.39247818e+01,2.34895254e+04,3.29527383e+04,2.58087422e+04,2.90904443e+03
1.43087692e+01,2.32399258e+04,3.26028652e+04,2.49485840e+04,2.64799023e+03
1.47026405e+01,2.01723125e+04,2.83024863e+04,2.16787070e+04,2.12528198e+03
1.51066484e+01,1.36531787e+04,1.91946172e+04,1.59266572e+04,1.53039880e+03
1.55210552e+01,9.78314258e+03,1.38120781e+04,1.27928506e+04,1.31940076e+03
1.59461288e+01,1.07375068e+04,1.51877314e+04,1.43919697e+04,1.46875269e+03
1.63821430e+01,1.53702236e+04,2.16885938e+04,1.90833789e+04,1.74367444e+03
1.68293781e+01,2.06975234e+04,2.91041621e+04,2.35587598e+04,2.03284814e+03
1.72881241e+01,2.62477773e+04,3.68211758e+04,2.67091016e+04,2.27847217e+03
1.77586803e+01,2.99425957e+04,4.19840508e+04,2.76920391e+04,2.44708398e+03
1.82413464e+01,3.29328008e+04,4.61332617e+04,2.78165293e+04,2.52675635e+03
1.87364349e+01,3.38000742e+04,4.73172695e+04,2.73289668e+04,2.51359814e+03
1.92442665e+01,3.46681484e+04,4.85071250e+04,2.66995742e+04,2.52029541e+03
1.97651691e+01,3.62293281e+04,5.06448945e+04,2.62829395e+04,2.63016504e+03
2.02994785e+01,3.67146250e+04,5.12156641e+04,2.61483477e+04,2.62654248e+03
2.08475418e+01,3.68408086e+04,5.12729297e+04,2.57834883e+04,2.34835596e+03
2.14097099e+01,3.05014883e+04,4.23789766e+04,2.04486543e+04,1.82392651e+03
2.19863453e+01,2.80946094e+04,3.90321523e+04,1.97222793e+04,1.80577856e+03
2.25778236e+01,2.42654297e+04,3.37547188e+04,1.91839336e+04,2.27232495e+03
2.31845264e+01,2.44477773e+04,3.41027109e+04,2.21371895e+04,2.09531519e+03
2.38068466e+01,2.29301992e+04,3.19807402e+04,1.86685586e+04,8.43805786e+02
2.44451809e+01,1.31810928e+04,1.83514102e+04,9.29181152e+03,2.40023987e+02
2.50999470e+01,7.41781641e+03,1.03178174e+04,4.86714453e+03,4.64145050e+01
2.57715645e+01,3.97980127e+03,5.51609863e+03,1.93610474e+03,3.05008316e+00
2.64604683e+01,1.22612390e+03,1.68222339e+03,3.51138306e+02,9.43110362e-02
2.71671047e+01,4.55665497e+02,6.20224854e+02,8.53779221e+01,2.66141351e-02
2.78919277e+01,3.15824005e+02,4.31003815e+02,5.87926483e+01,3.79418326e-03
2.86354065e+01,2.49257996e+02,3.40015198e+02,3.74003601e+01,4.98595982e-05
2.93980217e+01,1.68455536e+02,2.27409714e+02,1.44212675e+01,3.58690959e-05
3.01802654e+01,7.28492889e+01,9.67101822e+01,2.79866505e+00,3.46952074e-05
3.09826431e+01,2.61435604e+01,3.40871391e+01,3.01532984e-01,1.24520420e-05
3.18056717e+01,1.04059601e+01,1.35026979e+01,5.32778837e-02,6.51932214e-06
3.26498833e+01,4.57762527e+00,5.94510269e+00,2.17699613e-02,4.58326122e-06
3.35158234e+01,1.95681214e+00,2.54428101e+00,4.17321408e-03,3.03285560e-06
3.44040565e+01,9.07334208e-01,1.17745519e+00,8.36727908e-04,2.46400987e-06
3.53151436e+01,3.16531807e-01,4.04128462e-01,7.11809407e-05,1.48524123e-06
3.62496834e+01,9.04900730e-02,1.12702355e-01,1.65166202e-05,6.98525355e-07
3.72082787e+01,2.11550295e-02,2.53301784e-02,4.01852276e-06,2.11697824e-07
3.81915474e+01,4.06050356e-03,4.65919543e-03,3.12151042e-06,4.43493633e-08
3.92001228e+01,6.53659343e-04,7.26057682e-04,1.47423884e-06,8.54653059e-09
4.02346535e+01,6.41414736e-05,6.94407063e-05,5.98582005e-07,1.19871801e-09
4.12958107e+01,4.17811179e-06,4.57409533e-06,1.40868210e-07,1.66645600e-10
4.23842850e+01,2.68817416e-07,3.45211134e-07,5.54451063e-09,1.94541831e-11
4.35007744e+01,1.39028728e-07,1.72663903e-07,2.64362177e-09,7.17784599e-12
4.46459999e+01,3.59571306e-09,4.12806500e-09,1.57835731e-10,4.23952892e-13
4.58207016e+01,1.15034715e-09,1.43413548e-09,6.08312359e-11,1.44845128e-13
4.70256386e+01,7.22117227e-11,8.53997706e-11,9.81168488e-13,1.05715503e-15
4.82615852e+01,2.00366091e-12,2.44104606e-12,1.22747326e-13,5.68914444e-17
4.95293465e+01,1.59823747e-13,1.94097695e-13,7.00092763e-15,7.83475036e-18
5.08297386e+01,3.51163216e-15,4.29030489e-15,4.43415263e-17,4.08572293e-19
5.21635971e+01,3.65794719e-17,4.90062128e-17,4.63606030e-18,1.10414451e-20
5.35317917e+01,5.01219504e-18,5.61999702e-18,1.44111536e-19,2.94408090e-22
5.49351997e+01,1.33867731e-19,1.75331374e-19,3.85293580e-21,8.18172452e-24
5.63747253e+01,4.27542234e-21,5.27420052e-21,1.35725879e-22,1.67801857e-25
5.78513031e+01,1.06494013e-22,1.37686508e-22,2.76262718e-24,4.76348727e-27
5.93278885e+01,2.53832483e-24,3.21364006e-24,7.94246545e-26,9.52138538e-29
6.08044662e+01,5.28919281e-26,6.59641668e-26,1.48594451e-27,2.20881445e-30
6.22810478e+01,1.01624082e-27,1.36044639e-27,3.37387056e-29,6.78926099e-32
6.37576256e+01,1.85712489e-29,2.12172570e-29,5.51939266e-31,2.56109656e-33
6.52341995e+01,4.90470269e-31,7.00210387e-31,1.57022579e-32,4.27377317e-35
6.67107849e+01,1.07702848e-32,1.36236313e-32,3.93418215e-34,1.33913121e-36
6.81873703e+01,3.73543039e-34,9.04187316e-34,2.83141204e-35,4.55393975e-38
6.96639481e+01,1.61623012e-35,1.52444169e-35,7.11399994e-37,3.87318896e-39
7.11405258e+01,7.03212241e-37,1.39543265e-36,8.01276475e-38,7.70714155e-41
7.26171036e+01,3.01167066e-38,3.80214312e-38,1.97162694e-39,0.00000000e+00
7.40936813e+01,1.31161536e-39,2.74093980e-39,1.33123354e-40,0.00000000e+00
7.55702591e+01,3.64337601e-41,5.32493416e-41,0.00000000e+00,0.00000000e+00
7.70468445e+01,0.00000000e+00,0.00000000e+00,0.00000000e+00,0.00000000e+00
7.85234222e+01,0.00000000e+00,0.00000000e+00,0.00000000e+00,0.00000000e+00
8.00000000e+01,0.00000000e+00,0.00000000e+00,0.00000000e+00,0.00000000e+00
