Height (km), 7_8 um ash conc (g/kg), 15_6 um ash conc (g/kg), 125 um ash conc (g/kg), 1 mm ash conc (g/kg)
0.00000000e+00,0.00000000e+00,0.00000000e+00,0.00000000e+00,0.00000000e+00
3.99999991e-02,7.14050187e-03,1.07168537e-02,7.68706528e-03,2.86849442e+01
7.99999982e-02,1.00326147e-02,1.47623802e-02,1.01927202e-02,3.98530693e+01
1.19999997e-01,1.15591735e-02,1.68629028e-02,1.26147233e-02,5.08367615e+01
1.59999996e-01,1.28863901e-02,1.87316276e-02,1.53024634e-02,6.25842438e+01
2.00000003e-01,1.39809102e-02,2.02909783e-02,1.79935247e-02,6.64449615e+01
2.39999995e-01,1.46994237e-02,2.12382078e-02,2.02494003e-02,7.61769714e+01
2.80000001e-01,1.51901487e-02,2.18423326e-02,2.24019475e-02,8.09558334e+01
3.19999993e-01,1.54287722e-02,2.21086740e-02,2.42749173e-02,8.71977692e+01
3.60000014e-01,1.59152467e-02,2.26718560e-02,2.64408365e-02,9.04182739e+01
4.00000006e-01,1.60675235e-02,2.28039175e-02,2.86862589e-02,9.47613220e+01
4.39999998e-01,1.61547083e-02,2.28322782e-02,3.08692791e-02,9.65314865e+01
4.79999989e-01,1.66592728e-02,2.34256536e-02,3.34347077e-02,9.90915756e+01
5.19999981e-01,1.68671384e-02,2.36357693e-02,3.66419218e-02,1.00277725e+02
5.60000002e-01,1.69169437e-02,2.35745758e-02,4.04244438e-02,1.01800781e+02
6.00000024e-01,1.77363418e-02,2.46081389e-02,4.56695631e-02,1.02743866e+02
6.41029537e-01,1.79365817e-02,2.47859955e-02,5.06096706e-02,1.03759079e+02
6.83115125e-01,1.83506068e-02,2.52513066e-02,5.62872663e-02,1.04519356e+02
7.26283848e-01,1.90302487e-02,2.61128955e-02,6.33448884e-02,1.05532242e+02
7.70563781e-01,1.98210310e-02,2.71393266e-02,6.99893460e-02,1.06016846e+02
8.15983355e-01,2.09775269e-02,2.87009813e-02,7.76286051e-02,1.07181335e+02
8.62571895e-01,2.28045601e-02,3.12341601e-02,8.61365944e-02,1.07189911e+02
9.10359621e-01,2.48994194e-02,3.41114551e-02,9.41601992e-02,1.08325531e+02
9.59377348e-01,2.74350382e-02,3.77492532e-02,1.05367422e-01,1.08309830e+02
1.00965667e+00,3.04678455e-02,4.20294032e-02,1.16475470e-01,1.09660500e+02
1.06123006e+00,3.40905674e-02,4.71372828e-02,1.29408747e-01,1.09757172e+02
1.11413085e+00,3.79756466e-02,5.25431931e-02,1.42352790e-01,1.11191475e+02
1.16839325e+00,4.28226963e-02,5.92601299e-02,1.59440115e-01,1.10976547e+02
1.22405231e+00,4.90815416e-02,6.77418634e-02,1.77819252e-01,1.12384354e+02
1.28114390e+00,6.22475781e-02,8.49730968e-02,2.00562045e-01,1.11117546e+02
1.33970511e+00,7.72421435e-02,1.06357515e-01,2.37410307e-01,1.13127586e+02
1.39977336e+00,2.06757656e+04,2.89462207e+04,1.93469141e+04,1.23708081e+03
1.46138775e+00,2.57345723e+04,3.59835742e+04,2.15015781e+04,1.32492871e+03
1.52458799e+00,1.50431816e+04,2.10296328e+04,1.27230527e+04,9.39365173e+02
1.58941495e+00,1.39395283e+04,1.94992500e+04,1.23266855e+04,1.10397412e+03
1.65591037e+00,1.35630293e+04,1.89779258e+04,1.22346250e+04,1.18375073e+03
1.72411728e+00,1.32704434e+04,1.85715508e+04,1.21096992e+04,1.23549158e+03
1.79407966e+00,1.29696680e+04,1.81529258e+04,1.19420469e+04,1.27404565e+03
1.86584306e+00,1.28828848e+04,1.80340469e+04,1.19841641e+04,1.34579907e+03
1.93945324e+00,1.32548164e+04,1.85576855e+04,1.24708193e+04,1.46192651e+03
2.01495814e+00,1.40964346e+04,1.97387969e+04,1.33997500e+04,1.63561621e+03
2.09240627e+00,1.52110586e+04,2.13017363e+04,1.45813359e+04,1.81570642e+03
2.17184782e+00,1.61861436e+04,2.26679258e+04,1.55640352e+04,1.93954077e+03
2.25333428e+00,1.64563086e+04,2.30453008e+04,1.57824727e+04,1.93293384e+03
2.33691788e+00,1.60529727e+04,2.24795391e+04,1.53505117e+04,1.87416016e+03
2.42265272e+00,1.53313242e+04,2.14685469e+04,1.46265557e+04,1.77197070e+03
2.51059437e+00,1.44293398e+04,2.02049727e+04,1.37178262e+04,1.65641956e+03
2.60079956e+00,1.37776797e+04,1.92924980e+04,1.30797646e+04,1.58334668e+03
2.69332647e+00,1.38593594e+04,1.94080957e+04,1.32002090e+04,1.63487769e+03
2.78823495e+00,1.46765371e+04,2.05537852e+04,1.40359229e+04,1.75985376e+03
2.88558602e+00,1.55305068e+04,2.17498711e+04,1.48603750e+04,1.87676196e+03
2.98544264e+00,1.60747988e+04,2.25114883e+04,1.53685469e+04,1.93832605e+03
3.08786964e+00,1.64026641e+04,2.29702793e+04,1.56880840e+04,1.99696301e+03
3.19293284e+00,1.63267363e+04,2.28634531e+04,1.56011689e+04,1.99978394e+03
3.30070019e+00,1.56759355e+04,2.19515430e+04,1.49577402e+04,1.93218701e+03
3.41124129e+00,1.46605996e+04,2.05307305e+04,1.40343418e+04,1.87389233e+03
3.52462745e+00,1.38837178e+04,1.94438965e+04,1.33290947e+04,1.79610107e+03
3.64093208e+00,1.31901318e+04,1.84726426e+04,1.26646211e+04,1.73675159e+03
3.76023054e+00,1.30365176e+04,1.82592070e+04,1.25976455e+04,1.77352856e+03
3.88259912e+00,1.41764619e+04,1.98585020e+04,1.38186895e+04,1.98573303e+03
4.00811720e+00,1.67470059e+04,2.34615723e+04,1.64113438e+04,2.33262646e+03
4.13686609e+00,1.83286523e+04,2.56740977e+04,1.78332812e+04,2.46156494e+03
4.26892853e+00,1.82198789e+04,2.55195625e+04,1.76717910e+04,2.42962842e+03
4.40439081e+00,1.84035156e+04,2.57759414e+04,1.78223770e+04,2.44011963e+03
4.54333878e+00,1.82297480e+04,2.55305859e+04,1.75625039e+04,2.36394043e+03
4.68586397e+00,1.67333750e+04,2.34326445e+04,1.60208398e+04,2.14327100e+03
4.83205652e+00,1.47785703e+04,2.06965234e+04,1.41907070e+04,1.94134753e+03
4.98201227e+00,1.44447402e+04,2.02300098e+04,1.38892256e+04,1.89601367e+03
5.13582754e+00,1.42052500e+04,1.98925547e+04,1.35896436e+04,1.83745374e+03
5.29360199e+00,1.35256895e+04,1.89431797e+04,1.30540312e+04,1.84107068e+03
5.45543718e+00,1.44994980e+04,2.03110312e+04,1.41455244e+04,2.02133691e+03
5.62143755e+00,1.69585898e+04,2.37552227e+04,1.64889453e+04,2.25346460e+03
5.79171038e+00,1.77519414e+04,2.48620938e+04,1.70834570e+04,2.27120239e+03
5.96636629e+00,1.67548184e+04,2.34640977e+04,1.60927148e+04,2.19017188e+03
6.14551687e+00,1.61470127e+04,2.26123145e+04,1.55026084e+04,2.14132275e+03
6.32927942e+00,1.54003955e+04,2.15655098e+04,1.47411240e+04,2.04998340e+03
6.51777077e+00,1.41776533e+04,1.98520586e+04,1.35229980e+04,1.90275732e+03
6.71111441e+00,1.27742422e+04,1.78872285e+04,1.22032598e+04,1.78127930e+03
6.90943432e+00,1.20525850e+04,1.68786348e+04,1.15970234e+04,1.76159106e+03
7.11285782e+00,1.22384092e+04,1.71395039e+04,1.18022598e+04,1.81994812e+03
7.32151794e+00,1.23337227e+04,1.72728086e+04,1.18989414e+04,1.86759546e+03
7.53554821e+00,1.24289404e+04,1.74078223e+04,1.20727373e+04,1.93867188e+03
7.75508738e+00,1.31077773e+04,1.83596074e+04,1.27701045e+04,2.03768823e+03
7.98027754e+00,1.38649004e+04,1.94192734e+04,1.34748779e+04,2.10706787e+03
8.21126270e+00,1.42197246e+04,1.99154238e+04,1.38093457e+04,2.12789404e+03
8.44819450e+00,1.44404785e+04,2.02238574e+04,1.40101953e+04,2.14412061e+03
8.69122219e+00,1.43687852e+04,2.01228828e+04,1.39228418e+04,2.13898169e+03
8.94050789e+00,1.42924785e+04,2.00164180e+04,1.39185742e+04,2.16157373e+03
9.19620800e+00,1.46117227e+04,2.04632773e+04,1.42661445e+04,2.19982544e+03
9.45849037e+00,1.43865137e+04,2.01482109e+04,1.41284863e+04,2.19630396e+03
9.72752285e+00,1.40710312e+04,1.97073301e+04,1.39839072e+04,2.21025635e+03
1.00034800e+01,1.46206006e+04,2.04762793e+04,1.46113564e+04,2.28448193e+03
1.02865391e+01,1.47970459e+04,2.07237617e+04,1.49236973e+04,2.33445435e+03
1.05768833e+01,1.49999453e+04,2.10108633e+04,1.53525107e+04,2.43207324e+03
1.08747025e+01,1.67505703e+04,2.34625078e+04,1.72516074e+04,2.64660840e+03
1.11801853e+01,1.68597539e+04,2.36156523e+04,1.76313398e+04,2.66983862e+03
1.14935322e+01,1.53320840e+04,2.14813438e+04,1.65252695e+04,2.57601099e+03
1.18149433e+01,1.54856738e+04,2.17026055e+04,1.71284824e+04,2.65430371e+03
1.21446266e+01,1.69508164e+04,2.37591699e+04,1.86803691e+04,2.81061011e+03
1.24827967e+01,1.72956504e+04,2.42387480e+04,1.89859551e+04,2.87295605e+03
1.28296700e+01,1.69381523e+04,2.37414453e+04,1.89326660e+04,2.87199292e+03
1.31854706e+01,1.68400957e+04,2.36039082e+04,1.93427930e+04,2.83807056e+03
1.35504293e+01,1.56097988e+04,2.18785781e+04,1.88422871e+04,2.78949243e+03
1.39247818e+01,1.57023213e+04,2.20140898e+04,2.00037441e+04,2.91907617e+03
1.43087692e+01,1.76970625e+04,2.48221016e+04,2.30825234e+04,3.16465356e+03
1.47026405e+01,1.72303340e+04,2.42089102e+04,2.35847070e+04,3.20077344e+03
1.51066484e+01,1.58615527e+04,2.23230430e+04,2.35680332e+04,3.16647314e+03
1.55210552e+01,1.53274385e+04,2.15904023e+04,2.54840645e+04,3.14544043e+03
1.59461288e+01,1.65568125e+04,2.33377969e+04,2.92429043e+04,3.17927783e+03
1.63821430e+01,2.04812031e+04,2.89083203e+04,3.31204297e+04,3.31463281e+03
1.68293781e+01,2.83508281e+04,3.99526602e+04,3.76431523e+04,3.57140112e+03
1.72881241e+01,3.52075625e+04,4.95495859e+04,4.05960156e+04,3.69317725e+03
1.77586803e+01,3.94878359e+04,5.54951719e+04,4.05724297e+04,3.64808203e+03
1.82413464e+01,4.49354688e+04,6.30372031e+04,4.20629414e+04,3.82176270e+03
1.87364349e+01,4.78378594e+04,6.70961250e+04,4.17050312e+04,3.95063599e+03
1.92442665e+01,4.97835156e+04,6.98104609e+04,4.03726094e+04,4.07478564e+03
1.97651691e+01,5.23535898e+04,7.32529375e+04,3.97871719e+04,4.16448730e+03
2.02994785e+01,5.28945195e+04,7.38287969e+04,3.95752695e+04,4.20646826e+03
2.08475418e+01,5.15569609e+04,7.18441562e+04,3.93266484e+04,4.26546191e+03
2.14097099e+01,5.22340273e+04,7.28232109e+04,4.15388008e+04,4.45632129e+03
2.19863453e+01,5.16590703e+04,7.20102188e+04,4.16419219e+04,4.44088525e+03
2.25778236e+01,5.18528789e+04,7.23062969e+04,4.22725859e+04,4.23968848e+03
2.31845264e+01,4.58293203e+04,6.38838750e+04,3.68068984e+04,3.61739355e+03
2.38068466e+01,3.62959609e+04,5.06196953e+04,3.04388203e+04,3.03537256e+03
2.44451809e+01,3.46100391e+04,4.82973047e+04,2.81541289e+04,1.57197363e+03
2.50999470e+01,3.43246836e+04,4.79012188e+04,2.65733691e+04,1.02239160e+03
2.57715645e+01,3.40627656e+04,4.75166094e+04,2.47743184e+04,4.35928558e+02
2.64604683e+01,2.75541406e+04,3.83632188e+04,1.66446465e+04,5.09195328e+01
2.71671047e+01,1.33363018e+04,1.84935723e+04,5.64882227e+03,1.46128311e+01
2.78919277e+01,4.74207471e+03,6.55633789e+03,1.73758521e+03,7.37914658e+00
2.86354065e+01,1.74889038e+03,2.41204736e+03,5.12290833e+02,1.09023273e-01
2.93980217e+01,1.29299536e+03,1.78178223e+03,2.98639893e+02,1.30356863e-01
3.01802654e+01,7.85661682e+02,1.07574805e+03,1.50605576e+02,2.48015169e-02
3.09826431e+01,4.09053406e+02,5.56086975e+02,5.73175545e+01,3.20319505e-03
3.18056717e+01,1.42497604e+02,1.92220444e+02,6.94176626e+00,2.20316331e-04
3.26498833e+01,7.99977112e+01,1.07395660e+02,3.10406899e+00,4.57758615e-05
3.35158234e+01,5.42410202e+01,7.24458160e+01,1.75531769e+00,2.26307529e-05
3.44040565e+01,3.22379379e+01,4.31772041e+01,5.33734858e-01,1.41703995e-05
3.53151436e+01,2.22310886e+01,2.94464817e+01,1.30116493e-01,8.58897056e-06
3.62496834e+01,1.17230988e+01,1.51636410e+01,3.63995507e-02,5.74655360e-06
3.72082787e+01,5.29565811e+00,6.75526237e+00,9.86919552e-03,3.49146421e-06
3.81915474e+01,1.45153248e+00,1.82323456e+00,5.05353208e-04,2.04418211e-06
3.92001228e+01,8.19196165e-01,1.04491496e+00,1.14868151e-03,1.13984242e-06
4.02346535e+01,1.64660022e-01,2.05763057e-01,5.87682734e-05,2.01500200e-07
4.12958107e+01,5.46321385e-02,6.76054731e-02,9.58245218e-05,3.78641438e-08
4.23842850e+01,1.91059560e-02,2.36789547e-02,3.84910963e-05,8.49522941e-09
4.35007744e+01,4.91053704e-03,6.01154706e-03,2.87827243e-06,1.36888390e-09
4.46459999e+01,1.50999147e-03,1.84256560e-03,1.31324418e-06,5.67773550e-10
4.58207016e+01,2.33701590e-04,2.80035078e-04,2.57680142e-07,1.09934631e-10
4.70256386e+01,2.05467895e-05,2.39967285e-05,2.74004748e-08,1.08548066e-11
4.82615852e+01,2.18690417e-07,2.40925431e-07,4.59929650e-10,1.13917935e-13
4.95293465e+01,3.30293237e-09,3.65117314e-09,7.58561703e-12,1.66185736e-15
5.08297386e+01,9.39063133e-11,1.05366639e-10,1.30137600e-13,4.59540057e-17
5.21635971e+01,1.68375231e-12,1.94185943e-12,2.10196562e-15,9.77659965e-19
5.35317917e+01,4.85496653e-14,5.40851204e-14,2.97802821e-17,2.16846658e-20
5.49351997e+01,7.63833348e-16,9.00397188e-16,7.93253024e-19,3.92945551e-22
5.63747253e+01,1.09102922e-17,1.23052066e-17,1.38676765e-20,6.39660171e-24
5.78513031e+01,4.80356758e-19,5.91973977e-19,2.97497143e-22,1.06194310e-25
5.93278885e+01,9.47079392e-21,1.14737738e-20,5.46843113e-24,1.92579359e-27
6.08044662e+01,4.75219250e-22,5.33717540e-22,1.29694920e-25,3.81692653e-29
6.22810478e+01,8.46728191e-24,9.18350530e-24,3.60295655e-27,1.31007651e-30
6.37576256e+01,3.64048905e-25,3.94363917e-25,1.24554680e-28,3.77482681e-32
6.52341995e+01,6.03253644e-27,6.14106567e-27,4.23440299e-30,1.68374946e-33
6.67107849e+01,2.67101278e-28,2.49387344e-28,1.57945240e-31,5.62142062e-35
6.81873703e+01,9.02056384e-30,9.70194056e-30,8.39471062e-33,3.04514595e-36
6.96639481e+01,9.99153647e-31,8.21746535e-31,3.20365511e-34,1.67153887e-37
7.11405258e+01,3.39148282e-32,4.07512829e-32,1.22072276e-35,6.64215472e-39
7.26171036e+01,2.54715024e-33,2.43802745e-33,5.95780270e-37,3.51725915e-40
7.40936813e+01,5.40897182e-35,6.58840305e-35,2.39888284e-38,0.00000000e+00
7.55702591e+01,2.17671524e-36,2.39100763e-36,9.55685553e-40,0.00000000e+00
7.70468445e+01,5.94500873e-38,7.82653218e-38,1.40129846e-42,0.00000000e+00
7.85234222e+01,1.32843094e-39,1.28919459e-39,0.00000000e+00,0.00000000e+00
8.00000000e+01,1.48817897e-39,1.70117634e-39,0.00000000e+00,0.00000000e+00
