Height (km), 7_8 um ash conc (g/kg), 15_6 um ash conc (g/kg), 125 um ash conc (g/kg), 1 mm ash conc (g/kg)
0.00000000e+00,0.00000000e+00,0.00000000e+00,0.00000000e+00,0.00000000e+00
3.99999991e-02,2.77590112e-14,3.84911084e-14,9.20395148e-15,3.26805353e+00
7.99999982e-02,1.95525193e-12,2.70865643e-12,6.28450796e-13,4.62451458e+00
1.19999997e-01,2.81853863e-11,3.92682657e-11,1.08599492e-11,5.65595818e+00
1.59999996e-01,1.62607927e-10,2.26888799e-10,2.49836685e-09,6.19002485e+00
2.00000003e-01,2.96983549e-10,4.22885088e-10,2.74721668e-08,6.45777845e+00
2.39999995e-01,7.60001950e-10,1.06129616e-09,2.16488331e-07,6.85963917e+00
2.80000001e-01,2.08208450e-09,2.87598945e-09,2.69332804e-06,7.09308529e+00
3.19999993e-01,4.94409980e-09,6.80384460e-09,2.92103650e-05,7.52038288e+00
3.60000014e-01,1.16222667e-08,1.58280145e-08,6.41220395e-05,7.76837540e+00
4.00000006e-01,2.50805758e-08,3.40521815e-08,2.17398512e-04,8.71028519e+00
4.39999998e-01,4.18512585e-08,5.89590385e-08,2.99786858e-04,8.90674782e+00
4.79999989e-01,9.30306499e-08,1.32135909e-07,7.05373765e-04,9.49846077e+00
5.19999981e-01,2.27841682e-07,3.25069777e-07,7.24398764e-04,1.06674480e+01
5.60000002e-01,4.93817140e-07,7.32436547e-07,1.14833505e-03,1.14838915e+01
6.00000024e-01,1.35783353e-06,2.11516385e-06,9.21981235e-04,1.37088814e+01
6.41029537e-01,3.51256676e-06,5.74743763e-06,1.24626141e-03,1.67172203e+01
6.83115125e-01,8.31040052e-06,1.43302941e-05,9.36289318e-04,1.80611000e+01
7.26283848e-01,6.46624976e-05,9.78700555e-05,1.15154020e-03,1.94759083e+01
7.70563781e-01,8.73133467e-05,1.44334306e-04,1.21098256e-03,2.06375847e+01
8.15983355e-01,2.25398951e-04,3.67913919e-04,1.56416639e-03,2.27316341e+01
8.62571895e-01,4.49906627e-04,7.33613619e-04,1.45193329e-03,2.42730083e+01
9.10359621e-01,9.61893995e-04,1.51064061e-03,1.47216569e-03,2.48758144e+01
9.59377348e-01,1.47229852e-03,2.28294986e-03,1.16911263e-03,2.69812832e+01
1.00965667e+00,2.25076126e-03,3.45773576e-03,1.09378528e-03,3.07352085e+01
1.06123006e+00,3.51480767e-03,5.42348903e-03,9.50300426e-04,3.28603439e+01
1.11413085e+00,5.33672236e-03,8.02967418e-03,7.61997537e-04,3.52216187e+01
1.16839325e+00,7.08841579e-03,1.02490578e-02,5.19913330e-04,3.97698593e+01
1.22405231e+00,8.15504044e-03,1.13035999e-02,3.59653437e-04,4.43116226e+01
1.28114390e+00,8.11451022e-03,1.07863005e-02,2.96633050e-04,4.18782501e+01
1.33970511e+00,6.68318663e-03,8.64358339e-03,2.98717205e-04,5.08168030e+01
1.39977336e+00,2.01251328e+04,2.81903672e+04,1.98641172e+04,2.00236121e+03
1.46138775e+00,2.41050625e+04,3.37454297e+04,2.25510312e+04,1.81161340e+03
1.52458799e+00,1.41579561e+04,1.98178203e+04,1.32379160e+04,1.15640063e+03
1.58941495e+00,1.22916211e+04,1.72090273e+04,1.16798145e+04,1.14641858e+03
1.65591037e+00,1.08476455e+04,1.51893301e+04,1.04102705e+04,1.11390137e+03
1.72411728e+00,1.03064727e+04,1.44338750e+04,1.00061230e+04,1.17541711e+03
1.79407966e+00,1.08413477e+04,1.51857402e+04,1.06647930e+04,1.37092847e+03
1.86584306e+00,1.23816738e+04,1.73462480e+04,1.23400293e+04,1.71835156e+03
1.93945324e+00,1.46986201e+04,2.05946367e+04,1.47967773e+04,2.16856836e+03
2.01495814e+00,1.68709062e+04,2.36393008e+04,1.70581797e+04,2.51907080e+03
2.09240627e+00,1.81680820e+04,2.54563789e+04,1.83525059e+04,2.65486035e+03
2.17184782e+00,1.85164648e+04,2.59431855e+04,1.86355430e+04,2.61920166e+03
2.25333428e+00,1.82004805e+04,2.54988906e+04,1.82320859e+04,2.47976050e+03
2.33691788e+00,1.73500430e+04,2.43056602e+04,1.72798203e+04,2.26804883e+03
2.42265272e+00,1.59728965e+04,2.23747227e+04,1.58113145e+04,2.00768652e+03
2.51059437e+00,1.45002930e+04,2.03106777e+04,1.42794883e+04,1.76999426e+03
2.60079956e+00,1.31353926e+04,1.83979707e+04,1.28785957e+04,1.57661902e+03
2.69332647e+00,1.19064482e+04,1.66761973e+04,1.16400625e+04,1.42628394e+03
2.78823495e+00,1.09574971e+04,1.53471738e+04,1.07090098e+04,1.33968835e+03
2.88558602e+00,1.03671172e+04,1.45207559e+04,1.01497344e+04,1.30399780e+03
2.98544264e+00,1.00034189e+04,1.40119160e+04,9.81832227e+03,1.30128760e+03
3.08786964e+00,9.78346875e+03,1.37044648e+04,9.63271484e+03,1.31447729e+03
3.19293284e+00,9.69326953e+03,1.35787910e+04,9.57785547e+03,1.34766235e+03
3.30070019e+00,9.67751562e+03,1.35573926e+04,9.59748926e+03,1.38735181e+03
3.41124129e+00,9.76629297e+03,1.36824805e+04,9.72492578e+03,1.44600293e+03
3.52462745e+00,1.00459258e+04,1.40750020e+04,1.00460430e+04,1.52925122e+03
3.64093208e+00,1.05232441e+04,1.47444160e+04,1.05628818e+04,1.63991943e+03
3.76023054e+00,1.12005088e+04,1.56938945e+04,1.12787314e+04,1.77262219e+03
3.88259912e+00,1.21250781e+04,1.69898438e+04,1.22442656e+04,1.94350012e+03
4.00811720e+00,1.32883535e+04,1.86201914e+04,1.34502090e+04,2.14444043e+03
4.13686609e+00,1.46446895e+04,2.05209883e+04,1.48524590e+04,2.37897754e+03
4.26892853e+00,1.61757852e+04,2.26665859e+04,1.64321328e+04,2.63615820e+03
4.40439081e+00,1.77388652e+04,2.48567383e+04,1.80333926e+04,2.88408789e+03
4.54333878e+00,1.89720566e+04,2.65841758e+04,1.92744375e+04,3.05046436e+03
4.68586397e+00,1.95915859e+04,2.74512969e+04,1.98630664e+04,3.08985962e+03
4.83205652e+00,1.96282383e+04,2.75014609e+04,1.98385645e+04,3.01966504e+03
4.98201227e+00,1.91100508e+04,2.67741465e+04,1.92410195e+04,2.86078418e+03
5.13582754e+00,1.81829727e+04,2.54740781e+04,1.82333965e+04,2.65417505e+03
5.29360199e+00,1.70785117e+04,2.39257637e+04,1.70600840e+04,2.44051074e+03
5.45543718e+00,1.60100137e+04,2.24281855e+04,1.59412686e+04,2.25908350e+03
5.62143755e+00,1.51289004e+04,2.11933867e+04,1.50257646e+04,2.11801758e+03
5.79171038e+00,1.43553281e+04,2.01095098e+04,1.42338652e+04,2.01331250e+03
5.96636629e+00,1.37456133e+04,1.92554883e+04,1.36258867e+04,1.94503992e+03
6.14551687e+00,1.33831758e+04,1.87480156e+04,1.32740498e+04,1.91950757e+03
6.32927942e+00,1.30639932e+04,1.83012656e+04,1.29748438e+04,1.90510425e+03
6.51777077e+00,1.28647705e+04,1.80225918e+04,1.27984473e+04,1.90932275e+03
6.71111441e+00,1.27932109e+04,1.79227988e+04,1.27523594e+04,1.93580176e+03
6.90943432e+00,1.26974062e+04,1.77889844e+04,1.26818125e+04,1.95453418e+03
7.11285782e+00,1.25860664e+04,1.76333906e+04,1.26002266e+04,1.98039062e+03
7.32151794e+00,1.26633516e+04,1.77422969e+04,1.27142988e+04,2.03620947e+03
7.53554821e+00,1.27631592e+04,1.78825449e+04,1.28455410e+04,2.09163843e+03
7.75508738e+00,1.29585127e+04,1.81567695e+04,1.30832148e+04,2.17049438e+03
7.98027754e+00,1.35739629e+04,1.90197656e+04,1.37468135e+04,2.30483496e+03
8.21126270e+00,1.44421055e+04,2.02363086e+04,1.46369805e+04,2.45259912e+03
8.44819450e+00,1.50810547e+04,2.11318516e+04,1.53011895e+04,2.57245264e+03
8.69122219e+00,1.60803262e+04,2.25324531e+04,1.63334375e+04,2.73581104e+03
8.94050789e+00,1.71962188e+04,2.40953789e+04,1.74366270e+04,2.86575122e+03
9.19620800e+00,1.73168457e+04,2.42647383e+04,1.75817969e+04,2.89252563e+03
9.45849037e+00,1.85738281e+04,2.60259492e+04,1.88518398e+04,3.04126001e+03
9.72752285e+00,1.95161797e+04,2.73443672e+04,1.97239141e+04,3.08455908e+03
1.00034800e+01,1.74663184e+04,2.44729922e+04,1.77118086e+04,2.83814868e+03
1.02865391e+01,1.86879805e+04,2.61846133e+04,1.89696367e+04,2.99648730e+03
1.05768833e+01,2.01844590e+04,2.82785840e+04,2.04135000e+04,3.10824243e+03
1.08747025e+01,1.67029023e+04,2.34052969e+04,1.72058262e+04,2.85520459e+03
1.11801853e+01,2.07456504e+04,2.90721836e+04,2.14263633e+04,3.48573633e+03
1.14935322e+01,2.30973887e+04,3.23644922e+04,2.36661934e+04,3.62447754e+03
1.18149433e+01,1.95759648e+04,2.74374629e+04,2.03338867e+04,3.31233838e+03
1.21446266e+01,2.22615039e+04,3.12038066e+04,2.30334277e+04,3.80448730e+03
1.24827967e+01,2.30014180e+04,3.22418184e+04,2.37238496e+04,3.90360352e+03
1.28296700e+01,1.95491562e+04,2.74074336e+04,2.02835273e+04,3.42258569e+03
1.31854706e+01,1.72270469e+04,2.41564082e+04,1.81245156e+04,3.12375781e+03
1.35504293e+01,1.63020586e+04,2.28613047e+04,1.74971133e+04,3.09415381e+03
1.39247818e+01,1.78179824e+04,2.49799141e+04,1.94724570e+04,3.48385449e+03
1.43087692e+01,2.25815176e+04,3.16497930e+04,2.47264609e+04,4.18102979e+03
1.47026405e+01,2.56876602e+04,3.60107656e+04,2.82081543e+04,4.50314844e+03
1.51066484e+01,2.47038105e+04,3.46455234e+04,2.73816582e+04,4.26242578e+03
1.55210552e+01,2.32706523e+04,3.26528398e+04,2.60115977e+04,4.09131250e+03
1.59461288e+01,2.40999941e+04,3.38305078e+04,2.67444980e+04,4.16841260e+03
1.63821430e+01,2.64057051e+04,3.70530000e+04,2.91125605e+04,4.41930371e+03
1.68293781e+01,3.26128809e+04,4.57358047e+04,3.62953633e+04,4.96708887e+03
1.72881241e+01,3.88113281e+04,5.44351289e+04,4.26230664e+04,5.05823340e+03
1.77586803e+01,3.95643281e+04,5.54986719e+04,4.27728438e+04,4.74171582e+03
1.82413464e+01,4.39163242e+04,6.15801211e+04,4.53165195e+04,4.76827734e+03
1.87364349e+01,4.96278789e+04,6.95394531e+04,4.86921914e+04,4.89121045e+03
1.92442665e+01,5.13541328e+04,7.19096797e+04,4.73066836e+04,4.55825635e+03
1.97651691e+01,4.62899609e+04,6.47536406e+04,4.08207734e+04,4.04691895e+03
2.02994785e+01,4.40316953e+04,6.15627617e+04,3.85034531e+04,3.94789478e+03
2.08475418e+01,4.19750781e+04,5.86839258e+04,3.67739844e+04,3.94645435e+03
2.14097099e+01,3.80023828e+04,5.31367578e+04,3.33970938e+04,3.95329370e+03
2.19863453e+01,3.49731914e+04,4.88967617e+04,3.09412617e+04,3.85547949e+03
2.25778236e+01,3.50252344e+04,4.89822227e+04,3.17138730e+04,3.83752783e+03
2.31845264e+01,3.25550234e+04,4.55365508e+04,2.98264316e+04,3.55605249e+03
2.38068466e+01,3.13821250e+04,4.39103828e+04,2.92491152e+04,3.64564771e+03
2.44451809e+01,3.06168711e+04,4.28460938e+04,2.89848672e+04,3.51183838e+03
2.50999470e+01,3.50557656e+04,4.90674258e+04,3.34985547e+04,4.07201318e+03
2.57715645e+01,3.61101758e+04,5.05557500e+04,3.49554805e+04,4.29075537e+03
2.64604683e+01,3.33196133e+04,4.66468906e+04,3.19774961e+04,3.56194336e+03
2.71671047e+01,2.59736641e+04,3.63537656e+04,2.43257578e+04,2.16323682e+03
2.78919277e+01,1.67345312e+04,2.34095566e+04,1.49711934e+04,1.00621252e+03
2.86354065e+01,1.04804756e+04,1.46565078e+04,9.17233008e+03,5.69431885e+02
2.93980217e+01,7.20853027e+03,1.00784482e+04,6.18397266e+03,2.69509277e+02
3.01802654e+01,3.39404810e+03,4.74069141e+03,2.71006592e+03,4.22024345e+01
3.09826431e+01,5.15321045e+02,7.16774170e+02,2.98283936e+02,2.73323003e-02
3.18056717e+01,4.04198380e+01,5.52019348e+01,5.84200335e+00,1.91443488e-02
3.26498833e+01,1.50448990e+01,2.03446655e+01,1.31548774e+00,1.13130836e-05
3.35158234e+01,3.17060351e+00,4.22199583e+00,9.78705958e-02,3.86954616e-06
3.44040565e+01,6.81443214e-01,9.02244747e-01,2.13432349e-02,7.81636231e-07
3.53151436e+01,1.40500635e-01,1.84945017e-01,2.00225227e-03,3.51912718e-07
3.62496834e+01,3.42160389e-02,4.51868549e-02,1.46978232e-03,2.45114990e-07
3.72082787e+01,5.20426221e-03,6.83528651e-03,1.77496637e-04,5.78373900e-08
3.81915474e+01,8.32946855e-04,1.09779730e-03,2.43182221e-05,1.23648149e-08
3.92001228e+01,1.22584330e-04,1.61831427e-04,3.37951951e-06,2.37050113e-09
4.02346535e+01,8.02703926e-06,1.05583040e-05,3.19892479e-07,1.75589349e-10
4.12958107e+01,4.21707853e-07,5.53870905e-07,2.32225226e-08,8.90636002e-12
4.23842850e+01,2.70390679e-08,3.54384717e-08,1.86779214e-09,5.89397454e-13
4.35007744e+01,1.32143307e-09,1.74599801e-09,1.19384266e-10,3.82024463e-14
4.46459999e+01,5.47408820e-11,7.27145011e-11,5.51533732e-12,1.94075450e-15
4.58207016e+01,1.52574340e-12,2.04372738e-12,1.71203858e-13,6.57149204e-17
4.70256386e+01,3.14134976e-14,4.22302574e-14,3.48861361e-15,1.35818931e-18
4.82615852e+01,4.20116775e-16,5.73589060e-16,4.57471741e-17,1.56532315e-20
4.95293465e+01,5.05120323e-18,6.64303125e-18,3.33167128e-19,9.18556201e-23
5.08297386e+01,2.02493798e-20,2.68332802e-20,1.83087947e-21,2.97865718e-25
5.21635971e+01,2.83907682e-22,3.15277462e-22,1.45442506e-23,1.09001164e-27
5.35317917e+01,2.61233261e-24,3.90721741e-24,2.48770097e-25,1.63233607e-29
5.49351997e+01,6.53453732e-26,8.23803746e-26,3.14766633e-27,2.15390790e-31
5.63747253e+01,9.87297267e-28,1.35231915e-27,5.09265229e-29,3.26034746e-33
5.78513031e+01,3.24460665e-29,3.73456113e-29,1.03907127e-30,1.04427268e-34
5.93278885e+01,5.77125550e-31,6.98968548e-31,2.91344512e-32,2.34927396e-36
6.08044662e+01,1.67279341e-32,1.85916745e-32,7.89198254e-34,8.06937721e-38
6.22810478e+01,3.23935019e-34,3.94821691e-34,2.05359265e-35,2.06551394e-39
6.37576256e+01,9.89651593e-36,1.01961127e-35,4.76588648e-37,4.48415509e-41
6.52341995e+01,2.62959262e-37,2.15760727e-37,1.44614002e-38,0.00000000e+00
6.67107849e+01,8.40218559e-39,8.07568305e-39,2.71851902e-40,0.00000000e+00
6.81873703e+01,2.78858394e-40,1.66754517e-40,0.00000000e+00,0.00000000e+00
6.96639481e+01,0.00000000e+00,1.40129846e-42,0.00000000e+00,0.00000000e+00
7.11405258e+01,0.00000000e+00,0.00000000e+00,0.00000000e+00,0.00000000e+00
7.26171036e+01,0.00000000e+00,0.00000000e+00,0.00000000e+00,0.00000000e+00
7.40936813e+01,0.00000000e+00,0.00000000e+00,0.00000000e+00,0.00000000e+00
7.55702591e+01,0.00000000e+00,0.00000000e+00,0.00000000e+00,0.00000000e+00
7.70468445e+01,0.00000000e+00,0.00000000e+00,0.00000000e+00,0.00000000e+00
7.85234222e+01,0.00000000e+00,0.00000000e+00,0.00000000e+00,0.00000000e+00
8.00000000e+01,0.00000000e+00,0.00000000e+00,0.00000000e+00,0.00000000e+00
