Height (km), 7_8 um ash conc (g/kg), 15_6 um ash conc (g/kg), 125 um ash conc (g/kg), 1 mm ash conc (g/kg)
0.00000000e+00,0.00000000e+00,0.00000000e+00,0.00000000e+00,0.00000000e+00
3.99999991e-02,3.68027630e-13,5.13505579e-13,1.17081377e-12,8.46111178e-01
7.99999982e-02,9.14259120e-12,1.28067366e-11,1.99011935e-11,9.79547858e-01
1.19999997e-01,9.13841433e-11,1.28359767e-10,2.17225141e-10,1.05634081e+00
1.59999996e-01,4.57688054e-10,6.47069953e-10,1.55443636e-09,1.16348648e+00
2.00000003e-01,1.79203385e-09,2.55128696e-09,9.35630595e-09,1.23837936e+00
2.39999995e-01,4.35267511e-09,6.26986330e-09,3.69161945e-08,1.32624519e+00
2.80000001e-01,1.28184929e-08,1.83893825e-08,1.09194005e-07,1.39416635e+00
3.19999993e-01,2.82966646e-08,4.14022061e-08,3.53555151e-07,1.48225987e+00
3.60000014e-01,7.65950432e-08,1.11497329e-07,1.08296774e-06,1.57165134e+00
4.00000006e-01,1.64098225e-07,2.45089666e-07,2.76299488e-06,1.67742252e+00
4.39999998e-01,3.63316474e-07,5.56338705e-07,4.93796324e-06,1.77472603e+00
4.79999989e-01,8.25776397e-07,1.35975858e-06,8.23179471e-06,1.89281309e+00
5.19999981e-01,1.73521846e-06,2.85340843e-06,1.29441569e-05,2.00633740e+00
5.60000002e-01,4.18123818e-06,6.71525413e-06,1.78623031e-05,2.12071943e+00
6.00000024e-01,9.24313736e-06,1.46027824e-05,2.84906619e-05,2.23583889e+00
6.41029537e-01,1.81514879e-05,2.78852986e-05,4.79226946e-05,2.34135079e+00
6.83115125e-01,3.99512828e-05,5.91323296e-05,6.68179127e-05,2.44542933e+00
7.26283848e-01,8.29086275e-05,1.19668373e-04,9.43738851e-05,2.55633450e+00
7.70563781e-01,1.60508003e-04,2.27506855e-04,1.29825989e-04,2.66880584e+00
8.15983355e-01,3.12050688e-04,4.44465491e-04,1.67791586e-04,2.78833961e+00
8.62571895e-01,5.18527580e-04,7.39547657e-04,2.36659602e-04,2.94450545e+00
9.10359621e-01,8.76254751e-04,1.26441126e-03,2.92096200e-04,3.17707753e+00
9.59377348e-01,1.32855761e-03,1.89720606e-03,3.83906387e-04,3.22626734e+00
1.00965667e+00,1.66013406e-03,2.31391797e-03,5.17115579e-04,3.36527205e+00
1.06123006e+00,1.86475902e-03,2.52055912e-03,7.03007740e-04,3.50046372e+00
1.11413085e+00,1.88864174e-03,2.48280587e-03,9.61068436e-04,3.63235474e+00
1.16839325e+00,1.79473427e-03,2.31973454e-03,1.33746117e-03,3.76772332e+00
1.22405231e+00,1.70862675e-03,2.18963949e-03,1.87774107e-03,4.15138149e+00
1.28114390e+00,1.73442543e-03,2.21237214e-03,2.71281251e-03,4.25291252e+00
1.33970511e+00,1.79835223e-03,2.26927828e-03,3.77408927e-03,4.82281017e+00
1.39977336e+00,2.01639863e+04,2.82455820e+04,1.99620664e+04,2.03198438e+03
1.46138775e+00,2.53022109e+04,3.54232305e+04,2.37804668e+04,1.95415039e+03
1.52458799e+00,1.53783750e+04,2.15284688e+04,1.45191328e+04,1.31494189e+03
1.58941495e+00,1.52186826e+04,2.13114199e+04,1.46836836e+04,1.51888647e+03
1.65591037e+00,1.50561621e+04,2.10850703e+04,1.45911133e+04,1.54035583e+03
1.72411728e+00,1.40157568e+04,1.96279844e+04,1.35796826e+04,1.43659851e+03
1.79407966e+00,1.27415508e+04,1.78436797e+04,1.23513223e+04,1.32991663e+03
1.86584306e+00,1.16798887e+04,1.63575293e+04,1.13524912e+04,1.26111743e+03
1.93945324e+00,1.09611416e+04,1.53518965e+04,1.07011523e+04,1.23990857e+03
2.01495814e+00,1.06046094e+04,1.48537637e+04,1.04118516e+04,1.26456958e+03
2.09240627e+00,1.06152051e+04,1.48701250e+04,1.04975605e+04,1.34893140e+03
2.17184782e+00,1.11749062e+04,1.56560312e+04,1.11480752e+04,1.51965198e+03
2.25333428e+00,1.24245840e+04,1.74087305e+04,1.25004854e+04,1.79515210e+03
2.33691788e+00,1.41551973e+04,1.98351738e+04,1.43381289e+04,2.13542651e+03
2.42265272e+00,1.61895742e+04,2.26870410e+04,1.64798008e+04,2.51191211e+03
2.51059437e+00,1.83955938e+04,2.57790762e+04,1.87830801e+04,2.88791260e+03
2.60079956e+00,2.05725605e+04,2.88295430e+04,2.10119512e+04,3.19977881e+03
2.69332647e+00,2.21908633e+04,3.10959512e+04,2.26036230e+04,3.34778345e+03
2.78823495e+00,2.28301445e+04,3.19895762e+04,2.31428281e+04,3.29189209e+03
2.88558602e+00,2.25005605e+04,3.15250996e+04,2.26606914e+04,3.06751636e+03
2.98544264e+00,2.13476895e+04,2.99070020e+04,2.13357148e+04,2.73803198e+03
3.08786964e+00,1.96610293e+04,2.75414688e+04,1.94975195e+04,2.38452710e+03
3.19293284e+00,1.77452441e+04,2.48557598e+04,1.74772422e+04,2.05927002e+03
3.30070019e+00,1.57848848e+04,2.21085195e+04,1.54642236e+04,1.78356372e+03
3.41124129e+00,1.39858926e+04,1.95881250e+04,1.36562285e+04,1.56359229e+03
3.52462745e+00,1.24759111e+04,1.74731660e+04,1.21668760e+04,1.40462500e+03
3.64093208e+00,1.12484424e+04,1.57543105e+04,1.09768555e+04,1.29088635e+03
3.76023054e+00,1.03157930e+04,1.44486387e+04,1.00896035e+04,1.22056470e+03
3.88259912e+00,9.65608008e+03,1.35254355e+04,9.48074805e+03,1.18816016e+03
4.00811720e+00,9.30661719e+03,1.30369082e+04,9.18349805e+03,1.19774023e+03
4.13686609e+00,9.25554102e+03,1.29663691e+04,9.18293945e+03,1.24329028e+03
4.26892853e+00,9.43271387e+03,1.32156006e+04,9.41196680e+03,1.32093579e+03
4.40439081e+00,9.85357715e+03,1.38062305e+04,9.88605469e+03,1.43197668e+03
4.54333878e+00,1.05290537e+04,1.47535654e+04,1.06170664e+04,1.57969946e+03
4.68586397e+00,1.14820195e+04,1.60896992e+04,1.16301143e+04,1.77049622e+03
4.83205652e+00,1.27316309e+04,1.78414512e+04,1.29445176e+04,2.00512634e+03
4.98201227e+00,1.43214414e+04,2.00698086e+04,1.46035918e+04,2.29195117e+03
5.13582754e+00,1.62801396e+04,2.28148516e+04,1.66314727e+04,2.62797949e+03
5.29360199e+00,1.84156348e+04,2.58073008e+04,1.88291465e+04,2.97863818e+03
5.45543718e+00,2.06503457e+04,2.89383750e+04,2.11122656e+04,3.31791406e+03
5.62143755e+00,2.29267031e+04,3.21271719e+04,2.34025625e+04,3.61036475e+03
5.79171038e+00,2.45207090e+04,3.43587617e+04,2.49286172e+04,3.71132910e+03
5.96636629e+00,2.47405391e+04,3.46638320e+04,2.49876953e+04,3.53945020e+03
6.14551687e+00,2.37693262e+04,3.33000156e+04,2.38237891e+04,3.19963208e+03
6.32927942e+00,2.19608105e+04,3.07636680e+04,2.18411875e+04,2.79381421e+03
6.51777077e+00,1.96411992e+04,2.75122520e+04,1.94007461e+04,2.39459668e+03
6.71111441e+00,1.74820586e+04,2.44866465e+04,1.71813574e+04,2.08441211e+03
6.90943432e+00,1.57169990e+04,2.20138945e+04,1.54071494e+04,1.87656567e+03
7.11285782e+00,1.44551816e+04,2.02467305e+04,1.41727314e+04,1.76597742e+03
7.32151794e+00,1.36822422e+04,1.91645293e+04,1.34356465e+04,1.72569971e+03
7.53554821e+00,1.29507598e+04,1.81406426e+04,1.27559160e+04,1.70417700e+03
7.75508738e+00,1.22930039e+04,1.72203008e+04,1.21630059e+04,1.70039197e+03
7.98027754e+00,1.18689121e+04,1.66272188e+04,1.17977148e+04,1.72155530e+03
8.21126270e+00,1.16100020e+04,1.62656660e+04,1.16028750e+04,1.76977649e+03
8.44819450e+00,1.16959619e+04,1.63873398e+04,1.17536143e+04,1.85951831e+03
8.69122219e+00,1.25212539e+04,1.75445703e+04,1.26312188e+04,2.03545081e+03
8.94050789e+00,1.37400117e+04,1.92529258e+04,1.39027500e+04,2.26421973e+03
9.19620800e+00,1.52430703e+04,2.13595742e+04,1.54595625e+04,2.52768701e+03
9.45849037e+00,1.73134707e+04,2.42604766e+04,1.75606191e+04,2.84327588e+03
9.72752285e+00,1.81492461e+04,2.54319062e+04,1.84376758e+04,2.99632349e+03
1.00034800e+01,1.90133906e+04,2.66447715e+04,1.94081055e+04,3.18658203e+03
1.02865391e+01,2.34370566e+04,3.28424492e+04,2.38391719e+04,3.72596924e+03
1.05768833e+01,2.72038633e+04,3.81161250e+04,2.74473242e+04,4.04666650e+03
1.08747025e+01,2.66465312e+04,3.73338555e+04,2.68402363e+04,3.95664648e+03
1.11801853e+01,2.75297930e+04,3.85706016e+04,2.76838047e+04,4.05426855e+03
1.14935322e+01,2.81144766e+04,3.93872656e+04,2.81245332e+04,4.01656299e+03
1.18149433e+01,2.72994512e+04,3.82465078e+04,2.73340234e+04,4.01113965e+03
1.21446266e+01,2.89058711e+04,4.04980469e+04,2.89482695e+04,4.31336768e+03
1.24827967e+01,2.92939590e+04,4.10333359e+04,2.89303086e+04,4.10969824e+03
1.28296700e+01,2.12920684e+04,2.98194375e+04,2.08376133e+04,3.05932324e+03
1.31854706e+01,1.31695781e+04,1.84468398e+04,1.31378418e+04,2.23210352e+03
1.35504293e+01,9.82317578e+03,1.37653066e+04,1.02089102e+04,1.92949390e+03
1.39247818e+01,9.94765234e+03,1.39465352e+04,1.07040273e+04,2.06771826e+03
1.43087692e+01,1.11327969e+04,1.56077959e+04,1.20294990e+04,2.22755200e+03
1.47026405e+01,1.19113408e+04,1.66995703e+04,1.29783164e+04,2.34922754e+03
1.51066484e+01,1.33126992e+04,1.86712461e+04,1.48293281e+04,2.62004175e+03
1.55210552e+01,1.46412061e+04,2.05343477e+04,1.63322822e+04,2.60015796e+03
1.59461288e+01,1.41693359e+04,1.98803965e+04,1.63672314e+04,2.68858350e+03
1.63821430e+01,1.62346348e+04,2.27897773e+04,1.92664512e+04,2.99895874e+03
1.68293781e+01,1.84449258e+04,2.58902246e+04,2.13519668e+04,2.81601172e+03
1.72881241e+01,1.85319570e+04,2.60225137e+04,2.15015605e+04,2.91799219e+03
1.77586803e+01,2.27136328e+04,3.18808145e+04,2.53994590e+04,3.22740479e+03
1.82413464e+01,2.45840840e+04,3.44910195e+04,2.64268574e+04,2.84052148e+03
1.87364349e+01,2.32485840e+04,3.26159688e+04,2.41530664e+04,2.36528760e+03
1.92442665e+01,2.47671094e+04,3.47181250e+04,2.44063359e+04,2.45795630e+03
1.97651691e+01,2.75532676e+04,3.85861289e+04,2.56724668e+04,2.56189307e+03
2.02994785e+01,3.12595918e+04,4.37314180e+04,2.70262949e+04,2.62767383e+03
2.08475418e+01,3.23533281e+04,4.52220312e+04,2.69515254e+04,2.90054297e+03
2.14097099e+01,3.17350566e+04,4.43411602e+04,2.65536133e+04,3.02030664e+03
2.19863453e+01,3.33344258e+04,4.65909219e+04,2.91057910e+04,3.30426025e+03
2.25778236e+01,3.13208066e+04,4.37973008e+04,2.83651953e+04,3.31526953e+03
2.31845264e+01,3.24618672e+04,4.53955703e+04,2.94619160e+04,3.07160791e+03
2.38068466e+01,3.29642930e+04,4.61075469e+04,3.05444082e+04,3.01533447e+03
2.44451809e+01,3.22107148e+04,4.50490586e+04,2.91435957e+04,2.49978271e+03
2.50999470e+01,2.40180020e+04,3.35802578e+04,2.11876367e+04,1.49704126e+03
2.57715645e+01,1.80851367e+04,2.52837852e+04,1.57710820e+04,7.48756104e+02
2.64604683e+01,1.49341943e+04,2.08802637e+04,1.29377959e+04,5.82922852e+02
2.71671047e+01,1.60036934e+04,2.23704785e+04,1.34708916e+04,4.76622284e+02
2.78919277e+01,8.12876904e+03,1.13498809e+04,6.26201709e+03,1.37228531e+02
2.86354065e+01,3.06012158e+03,4.26125098e+03,1.90976331e+03,8.47705650e+00
2.93980217e+01,9.23002625e+02,1.27899854e+03,3.84753418e+02,5.74176550e-01
3.01802654e+01,3.15291504e+02,4.34914246e+02,9.45308685e+01,1.00158259e-01
3.09826431e+01,1.70851044e+02,2.35828232e+02,6.50884247e+01,5.23697175e-02
3.18056717e+01,8.47031708e+01,1.17022873e+02,3.88809586e+01,3.15879995e-04
3.26498833e+01,2.16389656e+01,2.97027111e+01,5.39470720e+00,2.65159360e-05
3.35158234e+01,2.92252970e+00,3.95968008e+00,3.27076733e-01,3.58398984e-06
3.44040565e+01,4.25999820e-01,5.66568673e-01,1.07480856e-02,1.34626475e-06
3.53151436e+01,7.58862197e-02,9.99832004e-02,1.36252493e-03,3.12983275e-07
3.62496834e+01,2.01290324e-02,2.65556127e-02,2.59943394e-04,4.45939818e-08
3.72082787e+01,4.17158054e-03,5.46728447e-03,2.01522762e-05,5.60441382e-09
3.81915474e+01,2.28284462e-03,3.02048610e-03,2.86332797e-05,6.08500539e-09
3.92001228e+01,8.47997959e-04,1.11723086e-03,5.58263491e-06,2.85171842e-09
4.02346535e+01,1.04981023e-04,1.36995281e-04,7.11672214e-07,3.62117003e-10
4.12958107e+01,1.22559904e-05,1.58815419e-05,7.23678397e-08,4.34627889e-11
4.23842850e+01,8.20420723e-07,1.05617198e-06,4.83925877e-09,2.93498125e-12
4.35007744e+01,2.07012434e-08,2.67200626e-08,1.56127763e-10,6.87000912e-14
4.46459999e+01,2.86852320e-10,3.73302056e-10,2.87845702e-12,8.66946692e-16
4.58207016e+01,2.74759035e-12,3.66503225e-12,4.99315013e-14,6.55926805e-18
4.70256386e+01,2.60786452e-14,3.49143932e-14,9.44515746e-16,1.26694198e-20
4.82615852e+01,7.41978892e-17,1.10630232e-16,2.31556267e-18,1.28164199e-22
4.95293465e+01,6.09644261e-19,7.75557460e-19,3.34910696e-20,2.62891289e-24
5.08297386e+01,7.31524283e-20,1.08646089e-19,2.63616261e-22,3.23373868e-26
5.21635971e+01,7.98290317e-23,1.12304422e-22,1.03650911e-23,1.77388818e-27
5.35317917e+01,7.51681181e-24,8.82870721e-24,3.22835039e-25,3.70651718e-29
5.49351997e+01,4.84731145e-26,6.41208947e-26,5.41275755e-27,1.03556473e-30
5.63747253e+01,6.29607414e-27,2.98505949e-27,1.37385117e-28,2.66360467e-32
5.78513031e+01,4.09952635e-29,9.55945379e-29,2.02225014e-30,7.35710552e-34
5.93278885e+01,5.88584842e-30,4.61531507e-30,1.78577046e-31,1.16290069e-35
6.08044662e+01,5.27021078e-32,8.80651568e-32,9.10261132e-34,3.36527431e-37
6.22810478e+01,4.99896054e-33,5.48538782e-33,1.91341219e-34,8.97952056e-39
6.37576256e+01,3.47328820e-35,6.89836334e-35,6.50561220e-37,2.01786979e-40
6.52341995e+01,4.84947525e-36,6.36434983e-36,2.12435457e-37,0.00000000e+00
6.67107849e+01,2.61230060e-38,4.20823942e-38,5.47907700e-40,0.00000000e+00
6.81873703e+01,5.43703804e-39,7.43108576e-39,2.05990874e-40,0.00000000e+00
6.96639481e+01,1.40129846e-41,2.24207754e-41,0.00000000e+00,0.00000000e+00
7.11405258e+01,0.00000000e+00,0.00000000e+00,0.00000000e+00,0.00000000e+00
7.26171036e+01,0.00000000e+00,0.00000000e+00,0.00000000e+00,0.00000000e+00
7.40936813e+01,0.00000000e+00,0.00000000e+00,0.00000000e+00,0.00000000e+00
7.55702591e+01,0.00000000e+00,0.00000000e+00,0.00000000e+00,0.00000000e+00
7.70468445e+01,0.00000000e+00,0.00000000e+00,0.00000000e+00,0.00000000e+00
7.85234222e+01,0.00000000e+00,0.00000000e+00,0.00000000e+00,0.00000000e+00
8.00000000e+01,0.00000000e+00,0.00000000e+00,0.00000000e+00,0.00000000e+00
