Height (km), 7_8 um ash conc (g/kg), 15_6 um ash conc (g/kg), 125 um ash conc (g/kg), 1 mm ash conc (g/kg)
0.00000000e+00,0.00000000e+00,0.00000000e+00,0.00000000e+00,0.00000000e+00
3.99999991e-02,1.62396103e-01,2.43983552e-01,2.28676856e-01,1.69912224e+01
7.99999982e-02,1.58822432e-01,2.33730286e-01,2.11287767e-01,2.10024624e+01
1.19999997e-01,1.50602996e-01,2.18871623e-01,2.05439061e-01,2.28424759e+01
1.59999996e-01,1.41549513e-01,2.04548016e-01,1.95587754e-01,2.52264767e+01
2.00000003e-01,1.27046868e-01,1.82598576e-01,1.87644228e-01,2.66759930e+01
2.39999995e-01,1.18779466e-01,1.70711577e-01,1.79567724e-01,2.84298649e+01
2.80000001e-01,1.08367309e-01,1.55471161e-01,1.72666132e-01,2.97712212e+01
3.19999993e-01,1.01698451e-01,1.45813942e-01,1.66918769e-01,3.12337532e+01
3.60000014e-01,9.47249532e-02,1.35304451e-01,1.62244156e-01,3.25659790e+01
4.00000006e-01,9.04986560e-02,1.28578335e-01,1.58949047e-01,3.39685516e+01
4.39999998e-01,8.46776590e-02,1.19859137e-01,1.56410620e-01,3.52961845e+01
4.79999989e-01,8.29947889e-02,1.17570207e-01,1.54563263e-01,3.67179756e+01
5.19999981e-01,7.95661360e-02,1.12678006e-01,1.54085606e-01,3.81135330e+01
5.60000002e-01,8.20361525e-02,1.16461828e-01,1.53603882e-01,3.95123749e+01
6.00000024e-01,8.08212608e-02,1.14368558e-01,1.54405758e-01,4.09509354e+01
6.41029537e-01,8.58162493e-02,1.20661810e-01,1.56233445e-01,4.24102135e+01
6.83115125e-01,8.39286745e-02,1.17297664e-01,1.58696547e-01,4.39353104e+01
7.26283848e-01,8.49786848e-02,1.17969140e-01,1.62618756e-01,4.54318008e+01
7.70563781e-01,8.44354033e-02,1.16157755e-01,1.67311832e-01,4.70846405e+01
8.15983355e-01,8.41974393e-02,1.14975482e-01,1.71052575e-01,4.87137642e+01
8.62571895e-01,7.85929188e-02,1.08033709e-01,1.73518673e-01,5.04831886e+01
9.10359621e-01,7.73906261e-02,1.06127352e-01,1.76533446e-01,5.22504234e+01
9.59377348e-01,7.28000328e-02,1.00242250e-01,1.76520318e-01,5.39915581e+01
1.00965667e+00,6.96096122e-02,9.54131261e-02,1.79815963e-01,5.57372055e+01
1.06123006e+00,6.52313679e-02,8.88991654e-02,1.84452221e-01,5.74129410e+01
1.11413085e+00,6.01676106e-02,8.16298127e-02,1.91818818e-01,5.91144485e+01
1.16839325e+00,5.58225587e-02,7.56004080e-02,2.03771546e-01,6.09393082e+01
1.22405231e+00,5.22736460e-02,7.09668919e-02,2.21536398e-01,6.27763824e+01
1.28114390e+00,5.21765910e-02,7.13991746e-02,2.55525857e-01,6.47529755e+01
1.33970511e+00,5.80647849e-02,8.05476457e-02,3.04693043e-01,6.70545578e+01
1.39977336e+00,2.07210977e+04,2.90108281e+04,1.94667148e+04,1.24638489e+03
1.46138775e+00,2.63852695e+04,3.68959336e+04,2.22242617e+04,1.39112280e+03
1.52458799e+00,1.59792520e+04,2.23412148e+04,1.36585742e+04,1.02204541e+03
1.58941495e+00,1.51977441e+04,2.12632773e+04,1.36408477e+04,1.26468896e+03
1.65591037e+00,1.53641641e+04,2.15027734e+04,1.40896055e+04,1.40353589e+03
1.72411728e+00,1.56069795e+04,2.18456914e+04,1.44485488e+04,1.48070874e+03
1.79407966e+00,1.54783926e+04,2.16662734e+04,1.43480566e+04,1.47908936e+03
1.86584306e+00,1.47262637e+04,2.06129180e+04,1.36153770e+04,1.41105420e+03
1.93945324e+00,1.36419629e+04,1.90953047e+04,1.26038223e+04,1.34643823e+03
2.01495814e+00,1.29526660e+04,1.81327305e+04,1.20647734e+04,1.37784351e+03
2.09240627e+00,1.32396348e+04,1.85386719e+04,1.25266885e+04,1.52776929e+03
2.17184782e+00,1.43063047e+04,2.00363477e+04,1.37257852e+04,1.76142517e+03
2.25333428e+00,1.61008711e+04,2.25533945e+04,1.56592715e+04,2.12936816e+03
2.33691788e+00,1.88764707e+04,2.64447070e+04,1.86091328e+04,2.61538062e+03
2.42265272e+00,2.12337949e+04,2.97465723e+04,2.09570195e+04,2.87856470e+03
2.51059437e+00,2.16102930e+04,3.02705156e+04,2.11740527e+04,2.82149292e+03
2.60079956e+00,2.05546094e+04,2.87898496e+04,2.00549473e+04,2.64472070e+03
2.69332647e+00,1.92258086e+04,2.69288027e+04,1.87298125e+04,2.42507300e+03
2.78823495e+00,1.77249375e+04,2.48245586e+04,1.71095078e+04,2.14150049e+03
2.88558602e+00,1.62568389e+04,2.27676055e+04,1.56280098e+04,1.96173047e+03
2.98544264e+00,1.58680234e+04,2.22245566e+04,1.52998994e+04,1.94049683e+03
3.08786964e+00,1.68620898e+04,2.36187578e+04,1.63156133e+04,2.11749048e+03
3.19293284e+00,1.94266055e+04,2.72125137e+04,1.88146719e+04,2.41308081e+03
3.30070019e+00,2.01672500e+04,2.82452109e+04,1.93297773e+04,2.43034375e+03
3.41124129e+00,1.99494844e+04,2.79393730e+04,1.91172305e+04,2.44042847e+03
3.52462745e+00,2.02119180e+04,2.83046641e+04,1.92746133e+04,2.46286890e+03
3.64093208e+00,1.92947754e+04,2.70179922e+04,1.83055527e+04,2.35775366e+03
3.76023054e+00,1.69997305e+04,2.38020352e+04,1.60500508e+04,2.10700537e+03
3.88259912e+00,1.42807383e+04,1.99984531e+04,1.36406621e+04,1.93622559e+03
4.00811720e+00,1.41448906e+04,1.98137578e+04,1.37202725e+04,1.99479150e+03
4.13686609e+00,1.48273633e+04,2.07672383e+04,1.42884541e+04,2.01146826e+03
4.26892853e+00,1.43101348e+04,2.00454375e+04,1.39462803e+04,2.07293213e+03
4.40439081e+00,1.55658027e+04,2.18112305e+04,1.54625723e+04,2.38334131e+03
4.54333878e+00,1.97894844e+04,2.77305000e+04,1.96479297e+04,2.84851294e+03
4.68586397e+00,2.14329453e+04,3.00259961e+04,2.09881230e+04,2.91242944e+03
4.83205652e+00,2.04433223e+04,2.86380723e+04,1.99991836e+04,2.83263354e+03
4.98201227e+00,2.06624297e+04,2.89426016e+04,2.01148789e+04,2.81352588e+03
5.13582754e+00,1.98840117e+04,2.78480137e+04,1.91584668e+04,2.57236328e+03
5.29360199e+00,1.77504062e+04,2.48551445e+04,1.68914961e+04,2.20878735e+03
5.45543718e+00,1.56845449e+04,2.19614414e+04,1.48875898e+04,1.96771240e+03
5.62143755e+00,1.50371035e+04,2.10561641e+04,1.43255068e+04,1.93012048e+03
5.79171038e+00,1.49777402e+04,2.09723828e+04,1.42491621e+04,1.92652295e+03
5.96636629e+00,1.40577539e+04,1.96846035e+04,1.34111416e+04,1.88005908e+03
6.14551687e+00,1.32763496e+04,1.85935391e+04,1.27864785e+04,1.86240454e+03
6.32927942e+00,1.35031201e+04,1.89115820e+04,1.29930938e+04,1.86905371e+03
6.51777077e+00,1.33135293e+04,1.86447344e+04,1.27518105e+04,1.84112366e+03
6.71111441e+00,1.27732480e+04,1.78885664e+04,1.22658340e+04,1.83119031e+03
6.90943432e+00,1.26080234e+04,1.76575586e+04,1.21346377e+04,1.85349438e+03
7.11285782e+00,1.27169629e+04,1.78104453e+04,1.22625332e+04,1.88918457e+03
7.32151794e+00,1.32218340e+04,1.85168711e+04,1.27317764e+04,1.94031580e+03
7.53554821e+00,1.35101406e+04,1.89188281e+04,1.29498096e+04,1.95332886e+03
7.75508738e+00,1.31433809e+04,1.84037773e+04,1.25566309e+04,1.90359131e+03
7.98027754e+00,1.23661055e+04,1.73143477e+04,1.17888818e+04,1.81341797e+03
8.21126270e+00,1.11469961e+04,1.56071191e+04,1.06305645e+04,1.68267700e+03
8.44819450e+00,1.00388086e+04,1.40560029e+04,9.59905469e+03,1.58015125e+03
8.69122219e+00,9.27952246e+03,1.29936621e+04,8.90435547e+03,1.51721655e+03
8.94050789e+00,8.81736133e+03,1.23477578e+04,8.52574219e+03,1.50845349e+03
9.19620800e+00,9.13270117e+03,1.27894580e+04,8.87879102e+03,1.56759814e+03
9.45849037e+00,9.83796094e+03,1.37757871e+04,9.56319238e+03,1.63876294e+03
9.72752285e+00,1.00940713e+04,1.41338174e+04,9.86132617e+03,1.67684961e+03
1.00034800e+01,1.01546113e+04,1.42188369e+04,1.00318262e+04,1.71171594e+03
1.02865391e+01,1.02705381e+04,1.43817393e+04,1.02976748e+04,1.76760059e+03
1.05768833e+01,1.07112119e+04,1.49985537e+04,1.08748750e+04,1.84345154e+03
1.08747025e+01,1.10180840e+04,1.54271621e+04,1.13102285e+04,1.90022351e+03
1.11801853e+01,1.08219678e+04,1.51526660e+04,1.13110684e+04,1.93004956e+03
1.14935322e+01,1.07363467e+04,1.50327051e+04,1.14124316e+04,1.95984973e+03
1.18149433e+01,9.98480078e+03,1.39809922e+04,1.09365244e+04,1.93259790e+03
1.21446266e+01,9.35464355e+03,1.30999785e+04,1.06169199e+04,1.92098730e+03
1.24827967e+01,8.75863281e+03,1.22680801e+04,1.03739932e+04,1.91076416e+03
1.28296700e+01,7.87560596e+03,1.10381914e+04,1.00488301e+04,1.87719678e+03
1.31854706e+01,7.80604053e+03,1.09508516e+04,1.03615273e+04,1.89601562e+03
1.35504293e+01,8.20038672e+03,1.15118574e+04,1.08334873e+04,1.96344019e+03
1.39247818e+01,8.69946680e+03,1.22119277e+04,1.13320088e+04,2.04679810e+03
1.43087692e+01,9.30605664e+03,1.30611641e+04,1.20856006e+04,2.10624219e+03
1.47026405e+01,1.02664336e+04,1.44098994e+04,1.33823594e+04,2.19679980e+03
1.51066484e+01,1.20971992e+04,1.69826543e+04,1.56457773e+04,2.39262476e+03
1.55210552e+01,1.41217227e+04,1.98271094e+04,1.78744160e+04,2.62234033e+03
1.59461288e+01,1.50985693e+04,2.12071094e+04,1.92412539e+04,2.80880054e+03
1.63821430e+01,1.78911367e+04,2.51339922e+04,2.28701836e+04,3.06882031e+03
1.68293781e+01,2.26549062e+04,3.18167168e+04,2.80007305e+04,3.33528760e+03
1.72881241e+01,2.46339336e+04,3.45918984e+04,2.99463477e+04,3.32115869e+03
1.77586803e+01,2.55633770e+04,3.58825625e+04,3.09300801e+04,3.34642725e+03
1.82413464e+01,2.66322988e+04,3.73865195e+04,3.31912773e+04,3.33186670e+03
1.87364349e+01,2.79901289e+04,3.93178633e+04,3.47581016e+04,3.13719531e+03
1.92442665e+01,2.76058086e+04,3.88212461e+04,3.34083320e+04,2.82478125e+03
1.97651691e+01,3.04591504e+04,4.28594414e+04,3.29930469e+04,2.73670264e+03
2.02994785e+01,3.73985664e+04,5.25605664e+04,3.45130859e+04,2.89819775e+03
2.08475418e+01,4.44409609e+04,6.23084375e+04,3.54775586e+04,3.00344165e+03
2.14097099e+01,4.42150586e+04,6.18099375e+04,3.18089375e+04,2.77698096e+03
2.19863453e+01,4.18604297e+04,5.84017773e+04,2.88470469e+04,2.66007935e+03
2.25778236e+01,4.15208125e+04,5.78604805e+04,2.80872969e+04,2.58770996e+03
2.31845264e+01,3.63628906e+04,5.05794258e+04,2.41335957e+04,2.36678174e+03
2.38068466e+01,2.79875664e+04,3.88861172e+04,1.96725293e+04,2.35891602e+03
2.44451809e+01,2.48728945e+04,3.46325781e+04,2.03931777e+04,2.53615381e+03
2.50999470e+01,2.69663828e+04,3.75951914e+04,2.31877109e+04,2.68972852e+03
2.57715645e+01,2.69704434e+04,3.76534102e+04,2.44388145e+04,2.98491797e+03
2.64604683e+01,2.77872188e+04,3.88220469e+04,2.51302773e+04,2.86479688e+03
2.71671047e+01,2.65782383e+04,3.71646602e+04,2.48374766e+04,3.20070557e+03
2.78919277e+01,3.03609629e+04,4.24807500e+04,2.87096445e+04,3.07178418e+03
2.86354065e+01,2.66929531e+04,3.73146016e+04,2.35418223e+04,1.96543750e+03
2.93980217e+01,2.01311328e+04,2.81312617e+04,1.72031406e+04,1.27714160e+03
3.01802654e+01,2.42963164e+04,3.39593125e+04,2.08192812e+04,1.52460010e+03
3.09826431e+01,3.09698281e+04,4.32895703e+04,2.64566836e+04,1.76398853e+03
3.18056717e+01,2.61977070e+04,3.66007031e+04,2.14575000e+04,9.98947998e+02
3.26498833e+01,1.16037598e+04,1.61801133e+04,8.22020215e+03,1.38802414e+02
3.35158234e+01,1.51863574e+03,2.10293652e+03,7.11294434e+02,2.22324595e-01
3.44040565e+01,1.36869614e+02,1.86530121e+02,1.92100410e+01,7.85765424e-03
3.53151436e+01,8.57649002e+01,1.15453949e+02,1.37381613e+00,4.80639865e-05
3.62496834e+01,3.44779282e+01,4.57550964e+01,4.47002560e-01,5.07861077e-05
3.72082787e+01,1.47448044e+01,1.95425987e+01,2.68084228e-01,3.60252238e-06
3.81915474e+01,1.23554211e+01,1.65005722e+01,3.37142587e-01,3.47625632e-06
3.92001228e+01,6.26231432e+00,8.26393223e+00,5.32344654e-02,1.42585600e-06
4.02346535e+01,2.20605397e+00,2.87262154e+00,9.47401952e-03,4.20054164e-07
4.12958107e+01,7.63836920e-01,9.87669289e-01,1.82839436e-03,1.24857095e-07
4.23842850e+01,2.58634716e-01,3.33398700e-01,4.80777817e-04,4.78936215e-08
4.35007744e+01,9.92543250e-02,1.27296373e-01,1.59993157e-04,3.19488933e-08
4.46459999e+01,4.60594846e-03,5.76258078e-03,1.14765896e-06,2.09699724e-09
4.58207016e+01,1.23476648e-05,1.42902354e-05,2.70717067e-08,1.19068201e-11
4.70256386e+01,1.56770511e-06,1.79703466e-06,2.42051712e-09,2.00721080e-12
4.82615852e+01,6.16457569e-08,7.11315735e-08,1.36466560e-10,1.00797151e-13
4.95293465e+01,7.42949391e-09,8.46234549e-09,1.24745258e-11,1.67946322e-14
5.08297386e+01,1.04833496e-10,1.21885085e-10,4.74608688e-13,2.78180112e-17
5.21635971e+01,9.51692631e-12,1.07658526e-11,2.36179162e-14,1.34946775e-17
5.35317917e+01,5.30519855e-13,5.91865532e-13,1.20405596e-15,1.29138000e-18
5.49351997e+01,1.69594919e-14,1.90907911e-14,5.79273963e-18,2.65035761e-20
5.63747253e+01,5.22812717e-16,6.34075629e-16,3.50480106e-18,9.29796952e-22
5.78513031e+01,5.55875877e-18,5.53027274e-18,5.12626961e-20,3.46684078e-23
5.93278885e+01,2.88389572e-18,3.43539234e-18,2.14478219e-21,7.48505740e-25
6.08044662e+01,2.62586062e-21,2.85498581e-21,5.20214955e-23,2.43421244e-26
6.22810478e+01,2.81311383e-21,3.36626845e-21,1.38782593e-24,6.59611987e-28
6.37576256e+01,2.27361447e-24,2.13970533e-24,5.43759973e-26,1.80236724e-29
6.52341995e+01,1.76999837e-24,2.12850449e-24,6.99087629e-28,4.44259235e-31
6.67107849e+01,1.03011106e-26,1.27112994e-26,3.46803680e-29,1.01362856e-32
6.81873703e+01,1.52360010e-27,1.80783327e-27,8.78854590e-31,4.17250582e-34
6.96639481e+01,2.48477207e-29,3.00675581e-29,5.89216896e-32,1.95126208e-35
7.11405258e+01,1.70164017e-30,1.97984169e-30,2.16676449e-33,8.18504128e-37
7.26171036e+01,4.35465085e-32,5.13023057e-32,1.18791349e-34,3.80578650e-38
7.40936813e+01,1.65009524e-33,1.78551053e-33,5.07625404e-36,1.36206211e-39
7.55702591e+01,4.57814556e-35,4.68666326e-35,2.42079892e-37,4.62428493e-41
7.70468445e+01,1.38868400e-36,1.23358963e-36,9.21213610e-39,0.00000000e+00
7.85234222e+01,3.46695253e-38,3.17492193e-38,2.10194770e-40,0.00000000e+00
8.00000000e+01,7.15923385e-39,8.61378166e-39,0.00000000e+00,0.00000000e+00
