Height (km), 7_8 um ash conc (g/kg), 15_6 um ash conc (g/kg), 125 um ash conc (g/kg), 1 mm ash conc (g/kg)
0.00000000e+00,0.00000000e+00,0.00000000e+00,0.00000000e+00,0.00000000e+00
3.99999991e-02,2.36154273e-01,3.34475577e-01,5.46840429e-01,3.56266141e+00
7.99999982e-02,2.42224112e-01,3.41851950e-01,5.40552378e-01,3.72826505e+00
1.19999997e-01,2.47701347e-01,3.48429650e-01,5.32098889e-01,3.80251336e+00
1.59999996e-01,2.50911355e-01,3.51526588e-01,5.18756270e-01,3.91555095e+00
2.00000003e-01,2.42148519e-01,3.38023275e-01,4.98672605e-01,3.97621417e+00
2.39999995e-01,2.35742375e-01,3.27909321e-01,4.79044437e-01,4.08765459e+00
2.80000001e-01,2.24884346e-01,3.12347144e-01,4.63336021e-01,4.17503071e+00
3.19999993e-01,2.14858338e-01,2.98154861e-01,4.50677216e-01,4.26687670e+00
3.60000014e-01,2.02350482e-01,2.80738831e-01,4.40147549e-01,4.34771538e+00
4.00000006e-01,1.96475819e-01,2.72517681e-01,4.32115376e-01,4.42852354e+00
4.39999998e-01,1.84642628e-01,2.56283730e-01,4.25659090e-01,4.48378134e+00
4.79999989e-01,1.85608014e-01,2.57430285e-01,4.22009110e-01,4.55896711e+00
5.19999981e-01,1.75571948e-01,2.43770495e-01,4.20196772e-01,4.59772444e+00
5.60000002e-01,1.79174751e-01,2.48537481e-01,4.21049654e-01,4.66836119e+00
6.00000024e-01,1.71009034e-01,2.37509161e-01,4.24058497e-01,4.69951010e+00
6.41029537e-01,1.76437452e-01,2.44880810e-01,4.29702640e-01,4.77868795e+00
6.83115125e-01,1.68866932e-01,2.34784782e-01,4.37602997e-01,4.81456566e+00
7.26283848e-01,1.70220137e-01,2.36903533e-01,4.47925985e-01,4.86993980e+00
7.70563781e-01,1.68428272e-01,2.34723181e-01,4.61098313e-01,4.92975855e+00
8.15983355e-01,1.71290621e-01,2.38918036e-01,4.76342499e-01,5.01388407e+00
8.62571895e-01,1.69715315e-01,2.37401262e-01,4.93966967e-01,5.04560900e+00
9.10359621e-01,1.72309056e-01,2.41443768e-01,5.13079762e-01,5.12933207e+00
9.59377348e-01,1.75639972e-01,2.46495306e-01,5.34128547e-01,5.15315104e+00
1.00965667e+00,1.77607268e-01,2.49542683e-01,5.57842493e-01,5.22388315e+00
1.06123006e+00,1.83081061e-01,2.57333547e-01,5.85202396e-01,5.28895998e+00
1.11413085e+00,1.91463515e-01,2.69030899e-01,6.16166711e-01,5.33552170e+00
1.16839325e+00,2.03995720e-01,2.86308497e-01,6.48841918e-01,5.39528179e+00
1.22405231e+00,2.22164422e-01,3.10994655e-01,6.78568840e-01,5.42523766e+00
1.28114390e+00,2.49146700e-01,3.47050071e-01,7.02351809e-01,5.47040224e+00
1.33970511e+00,2.81463742e-01,3.89909625e-01,7.19298005e-01,5.53379250e+00
1.39977336e+00,2.00457344e+04,2.80795977e+04,1.98272695e+04,2.07162061e+03
1.46138775e+00,2.46234453e+04,3.44736289e+04,2.32621953e+04,2.01222839e+03
1.52458799e+00,1.83286914e+04,2.56617598e+04,1.74423555e+04,1.65992847e+03
1.58941495e+00,1.74535918e+04,2.44430938e+04,1.69321113e+04,1.84239258e+03
1.65591037e+00,1.75170508e+04,2.45351738e+04,1.71624883e+04,1.98921594e+03
1.72411728e+00,1.78534375e+04,2.50082852e+04,1.75930859e+04,2.11416748e+03
1.79407966e+00,1.81865469e+04,2.54760098e+04,1.79800391e+04,2.20696313e+03
1.86584306e+00,1.84675898e+04,2.58703906e+04,1.82929883e+04,2.27396240e+03
1.93945324e+00,1.86288145e+04,2.60965371e+04,1.84679375e+04,2.31228662e+03
2.01495814e+00,1.86862227e+04,2.61770762e+04,1.85319648e+04,2.32904883e+03
2.09240627e+00,1.86577695e+04,2.61372070e+04,1.85033125e+04,2.32902588e+03
2.17184782e+00,1.85256953e+04,2.59520273e+04,1.83655176e+04,2.31145850e+03
2.25333428e+00,1.82923047e+04,2.56249004e+04,1.81257969e+04,2.27867944e+03
2.33691788e+00,1.79676445e+04,2.51698848e+04,1.77927539e+04,2.23328833e+03
2.42265272e+00,1.75562266e+04,2.45933613e+04,1.73746562e+04,2.17742920e+03
2.51059437e+00,1.70869766e+04,2.39358535e+04,1.69006445e+04,2.11598926e+03
2.60079956e+00,1.65888672e+04,2.32379531e+04,1.63999863e+04,2.05245312e+03
2.69332647e+00,1.60812266e+04,2.25267637e+04,1.58925078e+04,1.99117090e+03
2.78823495e+00,1.55924561e+04,2.18420586e+04,1.54063086e+04,1.93386621e+03
2.88558602e+00,1.51287246e+04,2.11924492e+04,1.49463066e+04,1.88167358e+03
2.98544264e+00,1.46871982e+04,2.05739629e+04,1.45101289e+04,1.83418127e+03
3.08786964e+00,1.42833457e+04,2.00082031e+04,1.41097607e+04,1.79015991e+03
3.19293284e+00,1.39129111e+04,1.94892383e+04,1.37436201e+04,1.75146021e+03
3.30070019e+00,1.36447197e+04,1.91134844e+04,1.34777441e+04,1.72517773e+03
3.41124129e+00,1.34615664e+04,1.88567598e+04,1.32931660e+04,1.70460889e+03
3.52462745e+00,1.32216113e+04,1.85203320e+04,1.30460000e+04,1.67048877e+03
3.64093208e+00,1.26616484e+04,1.77355215e+04,1.24783018e+04,1.58672803e+03
3.76023054e+00,1.14888623e+04,1.60925410e+04,1.13158018e+04,1.43822925e+03
3.88259912e+00,1.00652754e+04,1.40989160e+04,9.93014355e+03,1.27403052e+03
4.00811720e+00,8.57984375e+03,1.20186865e+04,8.48464844e+03,1.10392871e+03
4.13686609e+00,7.25220996e+03,1.01599385e+04,7.20961719e+03,9.74042480e+02
4.26892853e+00,7.67935059e+03,1.07592139e+04,7.65540625e+03,1.03924268e+03
4.40439081e+00,9.10253906e+03,1.27520479e+04,9.02234766e+03,1.17312085e+03
4.54333878e+00,9.37339258e+03,1.31298555e+04,9.24026660e+03,1.18674854e+03
4.68586397e+00,9.31408789e+03,1.30467559e+04,9.19050781e+03,1.21152039e+03
4.83205652e+00,1.02571484e+04,1.43677637e+04,1.01190859e+04,1.34030566e+03
4.98201227e+00,1.09294180e+04,1.53094844e+04,1.07779941e+04,1.40102856e+03
5.13582754e+00,9.12307031e+03,1.27791289e+04,8.99925000e+03,1.15653345e+03
5.29360199e+00,6.36801953e+03,8.92038770e+03,6.30506689e+03,8.46913940e+02
5.45543718e+00,5.75849854e+03,8.06825879e+03,5.74943750e+03,7.98315308e+02
5.62143755e+00,7.70224316e+03,1.07879375e+04,7.54781934e+03,9.31223022e+02
5.79171038e+00,8.63348047e+03,1.20889473e+04,8.35820801e+03,1.00497437e+03
5.96636629e+00,8.75136328e+03,1.22569668e+04,8.57872461e+03,1.12256104e+03
6.14551687e+00,8.13675195e+03,1.13981504e+04,8.05190527e+03,1.09385034e+03
6.32927942e+00,6.00604590e+03,8.41401562e+03,5.97536377e+03,8.35144653e+02
6.51777077e+00,4.38713477e+03,6.14720264e+03,4.41010986e+03,6.53779419e+02
6.71111441e+00,4.01711157e+03,5.62883301e+03,4.04416333e+03,6.11603577e+02
6.90943432e+00,4.11572803e+03,5.76635645e+03,4.12146094e+03,6.13171936e+02
7.11285782e+00,4.26504785e+03,5.97497363e+03,4.24799951e+03,6.14570801e+02
7.32151794e+00,4.37264648e+03,6.12533105e+03,4.33872803e+03,6.09993408e+02
7.53554821e+00,4.33196631e+03,6.06827100e+03,4.29337744e+03,5.93145264e+02
7.75508738e+00,4.03564209e+03,5.65319043e+03,4.00048193e+03,5.58559143e+02
7.98027754e+00,3.66732349e+03,5.13719434e+03,3.63739014e+03,5.27469788e+02
8.21126270e+00,3.85242773e+03,5.39633887e+03,3.81680127e+03,5.53102905e+02
8.44819450e+00,4.67159766e+03,6.54255469e+03,4.57946094e+03,6.15383972e+02
8.69122219e+00,5.01646484e+03,7.02448096e+03,4.88354932e+03,6.50592712e+02
8.94050789e+00,5.03473438e+03,7.05206543e+03,4.97676758e+03,7.28371643e+02
9.19620800e+00,5.43300830e+03,7.61295117e+03,5.47231250e+03,8.38382263e+02
9.45849037e+00,5.30568555e+03,7.43436133e+03,5.33571777e+03,7.89095459e+02
9.72752285e+00,4.14100586e+03,5.80173535e+03,4.14879736e+03,6.14314453e+02
1.00034800e+01,2.97984033e+03,4.17482422e+03,2.99112451e+03,4.63896698e+02
1.02865391e+01,2.21313281e+03,3.10091406e+03,2.23643286e+03,3.72212189e+02
1.05768833e+01,1.79174170e+03,2.51076440e+03,1.82415515e+03,3.24564789e+02
1.08747025e+01,1.65658447e+03,2.32143750e+03,1.69141077e+03,3.14235687e+02
1.11801853e+01,1.79056055e+03,2.50927148e+03,1.83325977e+03,3.50122589e+02
1.14935322e+01,2.58599170e+03,3.62306641e+03,2.61250684e+03,4.55977661e+02
1.18149433e+01,3.61776831e+03,5.06694141e+03,3.59293579e+03,5.81586853e+02
1.21446266e+01,4.31736426e+03,6.04781934e+03,4.33153711e+03,7.36519653e+02
1.24827967e+01,4.96670801e+03,6.95953027e+03,5.06372803e+03,8.78972046e+02
1.28296700e+01,5.02553125e+03,7.04218506e+03,5.14279053e+03,8.71948547e+02
1.31854706e+01,4.08833936e+03,5.72955664e+03,4.24586426e+03,7.57709656e+02
1.35504293e+01,3.35471997e+03,4.70399170e+03,3.64280640e+03,7.06804871e+02
1.39247818e+01,3.56194482e+03,4.99712109e+03,3.99623657e+03,7.47301697e+02
1.43087692e+01,4.22047412e+03,5.92066943e+03,4.72532812e+03,8.19824219e+02
1.47026405e+01,4.80387695e+03,6.73855469e+03,5.40567676e+03,8.89034668e+02
1.51066484e+01,5.62848193e+03,7.89624854e+03,6.41155225e+03,9.74037354e+02
1.55210552e+01,6.29708838e+03,8.83710059e+03,7.28996973e+03,1.03476636e+03
1.59461288e+01,6.47933984e+03,9.09854395e+03,7.67718213e+03,1.04994739e+03
1.63821430e+01,7.05208350e+03,9.90824316e+03,8.52709473e+03,9.93062744e+02
1.68293781e+01,9.43698438e+03,1.32554316e+04,1.09664414e+04,8.97073242e+02
1.72881241e+01,1.19028789e+04,1.66882969e+04,1.22343096e+04,8.41564819e+02
1.77586803e+01,1.27118848e+04,1.78033145e+04,1.22408369e+04,8.15823181e+02
1.82413464e+01,1.31060293e+04,1.83601621e+04,1.24560283e+04,8.28730286e+02
1.87364349e+01,1.43446914e+04,2.00988516e+04,1.32143574e+04,8.39567566e+02
1.92442665e+01,1.47214443e+04,2.05930469e+04,1.17697588e+04,8.53192566e+02
1.97651691e+01,1.20263457e+04,1.67790410e+04,9.06517188e+03,1.06727942e+03
2.02994785e+01,1.20505264e+04,1.68363184e+04,1.04437461e+04,1.28229773e+03
2.08475418e+01,1.38310273e+04,1.93269512e+04,1.22419014e+04,1.13617639e+03
2.14097099e+01,1.35502363e+04,1.89310430e+04,1.16701484e+04,9.47128052e+02
2.19863453e+01,1.16061240e+04,1.62122969e+04,9.84166016e+03,8.44121887e+02
2.25778236e+01,9.42168066e+03,1.31661592e+04,8.29762109e+03,7.88546387e+02
2.31845264e+01,7.72436719e+03,1.07999688e+04,6.97130957e+03,5.80184937e+02
2.38068466e+01,5.78172803e+03,8.08139697e+03,4.98978857e+03,2.84903809e+02
2.44451809e+01,3.75620752e+03,5.24748682e+03,3.09247388e+03,1.80699493e+02
2.50999470e+01,1.71958118e+03,2.40152100e+03,1.41820483e+03,9.22158203e+01
2.57715645e+01,5.69580566e+02,7.94525452e+02,4.35270172e+02,1.68936501e+01
2.64604683e+01,9.54837646e+01,1.32486572e+02,4.91428299e+01,5.32575585e-02
2.71671047e+01,2.83847504e+01,3.90985909e+01,7.14262533e+00,1.08647905e-03
2.78919277e+01,1.95136623e+01,2.68290558e+01,3.91164708e+00,3.91414855e-04
2.86354065e+01,1.12773733e+01,1.54543762e+01,1.76167250e+00,7.28269733e-05
2.93980217e+01,5.07841349e+00,6.92600918e+00,5.34387589e-01,1.38605401e-05
3.01802654e+01,1.43696380e+00,1.93557119e+00,6.66772500e-02,3.59989212e-06
3.09826431e+01,3.16807747e-01,4.19279814e-01,2.35336646e-03,7.64190361e-07
3.18056717e+01,8.85896236e-02,1.16158433e-01,5.92569006e-04,2.20472117e-07
3.26498833e+01,2.13046093e-02,2.76294257e-02,9.39777819e-05,7.97317057e-08
3.35158234e+01,3.63890524e-03,4.64378390e-03,2.07946523e-05,2.52849670e-08
3.44040565e+01,6.81168167e-04,8.62003595e-04,6.52413701e-06,1.05716937e-08
3.53151436e+01,1.45977465e-04,1.85059223e-04,1.04130527e-06,3.70225717e-09
3.62496834e+01,3.23522872e-05,4.11279907e-05,1.77667772e-07,1.08607423e-09
3.72082787e+01,7.57614725e-06,9.65907748e-06,5.84913060e-08,2.80039270e-10
3.81915474e+01,1.39116366e-06,1.76805372e-06,1.66393157e-08,4.84996175e-11
3.92001228e+01,1.85664604e-07,2.35631660e-07,3.55341689e-09,8.39255575e-12
4.02346535e+01,1.36213423e-08,1.74780830e-08,5.24784605e-10,8.60128375e-13
4.12958107e+01,7.02144565e-10,9.09223585e-10,4.75773448e-11,5.70695767e-14
4.23842850e+01,6.53744212e-11,8.67036928e-11,3.22685932e-12,7.43563383e-15
4.35007744e+01,4.12076319e-12,5.49824899e-12,1.75317212e-13,4.10227533e-16
4.46459999e+01,1.46439339e-13,1.96641328e-13,8.77772789e-15,8.85006162e-18
4.58207016e+01,6.81784993e-15,9.10708056e-15,4.70461316e-16,9.89867704e-19
4.70256386e+01,3.10912972e-16,4.44370531e-16,1.67868083e-17,5.07861496e-20
4.82615852e+01,4.37896636e-18,4.56252519e-18,6.71068728e-19,7.86569346e-22
4.95293465e+01,2.93504232e-19,3.10572638e-19,6.04809099e-21,3.71232483e-23
5.08297386e+01,5.65692180e-21,1.27548044e-20,1.85057037e-22,7.42593572e-25
5.21635971e+01,1.37631590e-22,1.69067319e-22,1.33555098e-23,3.29937006e-26
5.35317917e+01,7.50141009e-24,1.10567683e-23,2.52484547e-25,6.17543226e-28
5.49351997e+01,8.74458107e-26,1.13085516e-25,7.03067968e-27,1.03548827e-29
5.63747253e+01,2.22869961e-27,3.20985268e-27,6.67278212e-29,1.24088005e-31
5.78513031e+01,9.90157072e-30,1.53327857e-29,2.61975260e-30,3.15829361e-33
5.93278885e+01,8.53222700e-31,1.33197550e-30,3.59042466e-32,8.67040328e-35
6.08044662e+01,5.52123121e-33,8.01540798e-33,1.92324596e-33,2.06148394e-36
6.22810478e+01,4.98400789e-34,7.17516196e-34,2.45736807e-35,5.08825485e-38
6.37576256e+01,2.90661803e-36,3.76376409e-36,8.31848525e-37,1.00332970e-39
6.52341995e+01,2.01304932e-37,2.56434794e-37,1.40340041e-38,1.40129846e-41
6.67107849e+01,1.59467765e-39,4.45893171e-39,8.53390765e-40,0.00000000e+00
6.81873703e+01,1.79366203e-40,5.46506401e-41,2.80259693e-42,0.00000000e+00
6.96639481e+01,0.00000000e+00,1.40129846e-42,0.00000000e+00,0.00000000e+00
7.11405258e+01,0.00000000e+00,0.00000000e+00,0.00000000e+00,0.00000000e+00
7.26171036e+01,0.00000000e+00,0.00000000e+00,0.00000000e+00,0.00000000e+00
7.40936813e+01,0.00000000e+00,0.00000000e+00,0.00000000e+00,0.00000000e+00
7.55702591e+01,0.00000000e+00,0.00000000e+00,0.00000000e+00,0.00000000e+00
7.70468445e+01,0.00000000e+00,0.00000000e+00,0.00000000e+00,0.00000000e+00
7.85234222e+01,0.00000000e+00,0.00000000e+00,0.00000000e+00,0.00000000e+00
8.00000000e+01,0.00000000e+00,0.00000000e+00,0.00000000e+00,0.00000000e+00
