Height (km), 7_8 um ash conc (g/kg), 15_6 um ash conc (g/kg), 125 um ash conc (g/kg), 1 mm ash conc (g/kg)
0.00000000e+00,0.00000000e+00,0.00000000e+00,0.00000000e+00,0.00000000e+00
3.99999991e-02,3.69378398e-07,1.51462984e-06,2.50959098e-01,2.88617496e+01
7.99999982e-02,1.58992680e-06,6.56983593e-06,2.87328213e-01,3.22511024e+01
1.19999997e-01,3.98390966e-06,1.50416054e-05,2.96511352e-01,3.27733459e+01
1.59999996e-01,7.97282792e-06,2.78240404e-05,3.20378840e-01,3.80025787e+01
2.00000003e-01,1.29096679e-05,4.27983177e-05,3.46293479e-01,3.85314674e+01
2.39999995e-01,1.91781874e-05,6.06477042e-05,3.90384614e-01,4.32940140e+01
2.80000001e-01,2.67745163e-05,8.09127087e-05,4.20811355e-01,4.56199074e+01
3.19999993e-01,3.74666270e-05,1.08811168e-04,5.00182986e-01,5.48796921e+01
3.60000014e-01,5.56585110e-05,1.55350412e-04,7.14613497e-01,6.67766266e+01
4.00000006e-01,8.72311939e-05,2.36340944e-04,9.15361762e-01,6.70756836e+01
4.39999998e-01,1.42730918e-04,3.70884052e-04,8.22401702e-01,6.99146957e+01
4.79999989e-01,2.13916996e-04,5.42377587e-04,9.81074691e-01,9.26233521e+01
5.19999981e-01,3.40107828e-04,8.42064328e-04,9.84596729e-01,9.19703217e+01
5.60000002e-01,5.05040691e-04,1.24018569e-03,1.02793491e+00,8.63111725e+01
6.00000024e-01,8.30737699e-04,2.02759076e-03,9.56500590e-01,8.89414825e+01
6.41029537e-01,1.70318526e-03,3.92766437e-03,1.13506937e+00,8.54775467e+01
6.83115125e-01,3.64868599e-03,7.68492697e-03,1.22117329e+00,8.44981613e+01
7.26283848e-01,7.04783155e-03,1.36337485e-02,1.44882691e+00,7.92864838e+01
7.70563781e-01,1.25841005e-02,2.23708469e-02,1.69258964e+00,8.20820541e+01
8.15983355e-01,1.99148450e-02,3.31870504e-02,2.06762600e+00,7.69005585e+01
8.62571895e-01,2.91267689e-02,4.60413583e-02,2.53431988e+00,8.47131195e+01
9.10359621e-01,3.54419239e-02,5.46731688e-02,3.18536496e+00,7.84934998e+01
9.59377348e-01,3.85651626e-02,5.92930429e-02,3.92529941e+00,7.60157013e+01
1.00965667e+00,4.19280268e-02,6.49967343e-02,4.76519918e+00,7.43855591e+01
1.06123006e+00,4.93462272e-02,7.75625706e-02,5.65028000e+00,7.11815338e+01
1.11413085e+00,6.56737983e-02,1.04242839e-01,6.43631744e+00,7.19816589e+01
1.16839325e+00,9.37570408e-02,1.48609191e-01,7.03783321e+00,7.16547165e+01
1.22405231e+00,1.32560641e-01,2.07064509e-01,7.30355167e+00,7.68268051e+01
1.28114390e+00,1.72976300e-01,2.65851736e-01,7.28342152e+00,7.47631302e+01
1.33970511e+00,2.10469380e-01,3.20112616e-01,7.08935785e+00,8.03808060e+01
1.39977336e+00,2.07515762e+04,2.90542109e+04,1.95487656e+04,1.28066187e+03
1.46138775e+00,2.70243125e+04,3.77903984e+04,2.27892969e+04,1.44940405e+03
1.52458799e+00,1.64273652e+04,2.29689414e+04,1.41163086e+04,1.06552527e+03
1.58941495e+00,1.62777549e+04,2.27751016e+04,1.46424355e+04,1.33393811e+03
1.65591037e+00,1.62756191e+04,2.27754688e+04,1.47606523e+04,1.34882739e+03
1.72411728e+00,1.53509688e+04,2.14803652e+04,1.38531729e+04,1.26608447e+03
1.79407966e+00,1.37019629e+04,1.91718320e+04,1.23111582e+04,1.14590051e+03
1.86584306e+00,1.22091309e+04,1.70842227e+04,1.10272129e+04,1.11182910e+03
1.93945324e+00,1.15711855e+04,1.61945820e+04,1.05846367e+04,1.15732227e+03
2.01495814e+00,1.16261621e+04,1.62765078e+04,1.08622441e+04,1.34772571e+03
2.09240627e+00,1.28353643e+04,1.79768672e+04,1.23740137e+04,1.72118994e+03
2.17184782e+00,1.55365117e+04,2.17668809e+04,1.53729951e+04,2.31144995e+03
2.25333428e+00,1.84493672e+04,2.58505508e+04,1.84700410e+04,2.78409839e+03
2.33691788e+00,2.01430938e+04,2.82243691e+04,2.02622305e+04,3.04069580e+03
2.42265272e+00,2.07902051e+04,2.91303750e+04,2.08826211e+04,3.02772681e+03
2.51059437e+00,2.04590547e+04,2.86638926e+04,2.04171113e+04,2.85994263e+03
2.60079956e+00,1.93874453e+04,2.71603242e+04,1.92111641e+04,2.53825635e+03
2.69332647e+00,1.87466309e+04,2.62605605e+04,1.84053105e+04,2.32299707e+03
2.78823495e+00,1.84461719e+04,2.58381426e+04,1.79683965e+04,2.18300977e+03
2.88558602e+00,1.89994160e+04,2.66133223e+04,1.84664922e+04,2.26994141e+03
2.98544264e+00,2.07247793e+04,2.90291172e+04,2.00514922e+04,2.41297583e+03
3.08786964e+00,2.22459688e+04,3.11568047e+04,2.13663086e+04,2.56030640e+03
3.19293284e+00,2.27958008e+04,3.19214629e+04,2.16576504e+04,2.48447803e+03
3.30070019e+00,2.11694102e+04,2.96383633e+04,1.98391895e+04,2.26588745e+03
3.41124129e+00,1.85326855e+04,2.59440273e+04,1.72079766e+04,1.94304297e+03
3.52462745e+00,1.61531572e+04,2.26127617e+04,1.49658350e+04,1.79455347e+03
3.64093208e+00,1.45016787e+04,2.03030312e+04,1.35129678e+04,1.65797156e+03
3.76023054e+00,1.40837197e+04,1.97216914e+04,1.33071328e+04,1.78975378e+03
3.88259912e+00,1.46999863e+04,2.05880859e+04,1.40954414e+04,1.93691138e+03
4.00811720e+00,1.52248545e+04,2.13252266e+04,1.47341104e+04,2.11549609e+03
4.13686609e+00,1.54747695e+04,2.16767617e+04,1.50621162e+04,2.16859644e+03
4.26892853e+00,1.59669473e+04,2.23687129e+04,1.56599648e+04,2.34394043e+03
4.40439081e+00,1.66838691e+04,2.33744883e+04,1.64311172e+04,2.42060547e+03
4.54333878e+00,1.67892910e+04,2.35210859e+04,1.65096875e+04,2.47889355e+03
4.68586397e+00,1.64587070e+04,2.30580762e+04,1.62336660e+04,2.41906738e+03
4.83205652e+00,1.66857344e+04,2.33768945e+04,1.65359023e+04,2.53332910e+03
4.98201227e+00,1.70817812e+04,2.39312598e+04,1.69396719e+04,2.49073779e+03
5.13582754e+00,1.71956387e+04,2.40894043e+04,1.70096719e+04,2.47450244e+03
5.29360199e+00,1.73037246e+04,2.42389746e+04,1.70278242e+04,2.32915503e+03
5.45543718e+00,1.72174785e+04,2.41155508e+04,1.68062891e+04,2.26906543e+03
5.62143755e+00,1.65985820e+04,2.32463945e+04,1.60759199e+04,2.06275195e+03
5.79171038e+00,1.61240898e+04,2.25801758e+04,1.55003027e+04,1.99385229e+03
5.96636629e+00,1.58326602e+04,2.21693809e+04,1.50600547e+04,1.83447668e+03
6.14551687e+00,1.49464746e+04,2.09260469e+04,1.40871836e+04,1.74074146e+03
6.32927942e+00,1.39286250e+04,1.94996973e+04,1.30541875e+04,1.58920752e+03
6.51777077e+00,1.28508213e+04,1.79900039e+04,1.20000518e+04,1.51522607e+03
6.71111441e+00,1.18189893e+04,1.65448887e+04,1.10154648e+04,1.40221582e+03
6.90943432e+00,1.09979492e+04,1.53950635e+04,1.02458145e+04,1.36426685e+03
7.11285782e+00,1.08900449e+04,1.52448223e+04,1.01929336e+04,1.39774304e+03
7.32151794e+00,1.13674385e+04,1.59141172e+04,1.06930469e+04,1.50607935e+03
7.53554821e+00,1.08901680e+04,1.52457324e+04,1.02590635e+04,1.46976978e+03
7.75508738e+00,9.68451074e+03,1.35579473e+04,9.15147461e+03,1.38130725e+03
7.98027754e+00,8.79082129e+03,1.23088096e+04,8.39997363e+03,1.33605835e+03
8.21126270e+00,7.86601562e+03,1.10167480e+04,7.63422461e+03,1.28160742e+03
8.44819450e+00,7.45029785e+03,1.04344297e+04,7.23625342e+03,1.22606445e+03
8.69122219e+00,7.70521191e+03,1.07899160e+04,7.44442871e+03,1.24774170e+03
8.94050789e+00,9.07714844e+03,1.27106943e+04,8.75917285e+03,1.40452515e+03
9.19620800e+00,1.07606436e+04,1.50666992e+04,1.03160947e+04,1.55150574e+03
9.45849037e+00,1.06981621e+04,1.49769004e+04,1.01692363e+04,1.49082788e+03
9.72752285e+00,9.20686133e+03,1.28876045e+04,8.71749707e+03,1.32823950e+03
1.00034800e+01,7.20436230e+03,1.00850742e+04,6.88722754e+03,1.15898364e+03
1.02865391e+01,5.84872852e+03,8.18916895e+03,5.71279590e+03,1.06886304e+03
1.05768833e+01,5.71712598e+03,8.00682861e+03,5.70287256e+03,1.08949756e+03
1.08747025e+01,7.70656445e+03,1.07893691e+04,7.58586426e+03,1.28315356e+03
1.11801853e+01,1.06864883e+04,1.49566211e+04,1.03847500e+04,1.53554480e+03
1.14935322e+01,1.18247041e+04,1.65521113e+04,1.17256699e+04,1.68782422e+03
1.18149433e+01,1.13813545e+04,1.59377012e+04,1.18038398e+04,1.73486084e+03
1.21446266e+01,1.04094668e+04,1.45816318e+04,1.12934609e+04,1.67918311e+03
1.24827967e+01,9.75871094e+03,1.36747598e+04,1.09326572e+04,1.63810229e+03
1.28296700e+01,1.07135391e+04,1.50198848e+04,1.21108574e+04,1.78725916e+03
1.31854706e+01,1.29215801e+04,1.81164707e+04,1.43745459e+04,2.05222852e+03
1.35504293e+01,1.43583516e+04,2.01282598e+04,1.58575674e+04,2.12472656e+03
1.39247818e+01,1.38489844e+04,1.94133281e+04,1.54423633e+04,1.97660083e+03
1.43087692e+01,1.23731289e+04,1.73504375e+04,1.43010703e+04,1.86801477e+03
1.47026405e+01,1.21620723e+04,1.70591523e+04,1.46063838e+04,1.92806189e+03
1.51066484e+01,1.38022227e+04,1.93571250e+04,1.66321172e+04,2.10940576e+03
1.55210552e+01,1.57649805e+04,2.21052988e+04,1.91890371e+04,2.31142578e+03
1.59461288e+01,1.55448984e+04,2.18013477e+04,2.04532012e+04,2.30742773e+03
1.63821430e+01,1.37800312e+04,1.93370312e+04,2.10672695e+04,2.12364917e+03
1.68293781e+01,1.16378223e+04,1.63805195e+04,2.20263672e+04,2.00209521e+03
1.72881241e+01,1.23858281e+04,1.74892070e+04,2.32919844e+04,2.15674683e+03
1.77586803e+01,1.54577793e+04,2.18263672e+04,2.42957070e+04,2.36038843e+03
1.82413464e+01,1.94534766e+04,2.74170703e+04,2.51025547e+04,2.45543115e+03
1.87364349e+01,2.32663711e+04,3.27288242e+04,2.56906211e+04,2.53208105e+03
1.92442665e+01,2.82010410e+04,3.96527656e+04,2.72424336e+04,2.80801685e+03
1.97651691e+01,3.43167070e+04,4.81723242e+04,2.93109102e+04,3.05489551e+03
2.02994785e+01,3.63329766e+04,5.09092891e+04,2.85732930e+04,2.93409375e+03
2.08475418e+01,3.47973359e+04,4.86866445e+04,2.61461406e+04,2.64767993e+03
2.14097099e+01,3.29243906e+04,4.59567344e+04,2.33054180e+04,2.30741284e+03
2.19863453e+01,3.12856016e+04,4.35433750e+04,2.09520820e+04,2.03601855e+03
2.25778236e+01,2.89261484e+04,4.01192812e+04,1.96065352e+04,1.85697864e+03
2.31845264e+01,2.57993301e+04,3.57995820e+04,1.84072461e+04,1.20769458e+03
2.38068466e+01,2.31801113e+04,3.21718477e+04,1.52330312e+04,9.69560608e+02
2.44451809e+01,1.91785117e+04,2.66573086e+04,1.33521846e+04,1.04904919e+03
2.50999470e+01,1.60282891e+04,2.23071758e+04,1.14877559e+04,1.00515820e+03
2.57715645e+01,1.19864688e+04,1.66880176e+04,9.39726270e+03,9.08711365e+02
2.64604683e+01,1.04435166e+04,1.45550586e+04,8.30500586e+03,6.52607300e+02
2.71671047e+01,6.37100488e+03,8.86585156e+03,4.68417773e+03,2.81251282e+02
2.78919277e+01,2.86646338e+03,3.97093311e+03,1.75978809e+03,5.21519699e+01
2.86354065e+01,9.71812866e+02,1.33480847e+03,3.90968781e+02,1.27946639e+00
2.93980217e+01,3.95255890e+02,5.42448242e+02,1.07128105e+02,4.53176629e-03
3.01802654e+01,3.76944275e+02,5.19158569e+02,7.85986786e+01,7.06618931e-03
3.09826431e+01,2.76171417e+02,3.77535583e+02,3.18421497e+01,9.71999892e-04
3.18056717e+01,1.64926849e+02,2.23662918e+02,1.44134274e+01,9.93278692e-04
3.26498833e+01,4.41687469e+01,5.90311050e+01,1.69068086e+00,3.25867702e-04
3.35158234e+01,9.35466099e+00,1.22870865e+01,3.70560348e-01,3.28264490e-04
3.44040565e+01,3.26249075e+00,4.28773499e+00,2.89823532e-01,1.84600925e-04
3.53151436e+01,1.19717824e+00,1.59181094e+00,1.25151187e-01,3.17597187e-05
3.62496834e+01,3.58653128e-01,4.77608234e-01,2.02100389e-02,2.35573543e-06
3.72082787e+01,1.38073504e-01,1.83595777e-01,1.42453820e-03,5.33259310e-07
3.81915474e+01,9.55093205e-02,1.24893650e-01,1.03604951e-04,2.48528949e-07
3.92001228e+01,3.74289267e-02,4.75815088e-02,3.37176753e-05,8.94619063e-08
4.02346535e+01,4.57636919e-03,5.61449584e-03,3.51351423e-06,2.37442777e-08
4.12958107e+01,1.94369606e-03,2.43866444e-03,1.67313749e-06,8.96876351e-09
4.23842850e+01,3.14991223e-04,3.94129340e-04,9.36665629e-07,2.23037189e-09
4.35007744e+01,1.95220819e-05,2.38526263e-05,5.04380004e-08,9.46755244e-11
4.46459999e+01,5.04159689e-05,6.30437353e-05,3.79498140e-08,1.52850121e-10
4.58207016e+01,3.28456281e-06,4.02494379e-06,2.47564080e-09,8.49423223e-12
4.70256386e+01,2.33773989e-07,2.81868353e-07,1.56191809e-10,5.81307734e-13
4.82615852e+01,7.11356707e-09,8.59699867e-09,1.01679359e-11,2.77714863e-14
4.95293465e+01,1.27715546e-10,1.60046712e-10,5.91736946e-13,1.49052610e-15
5.08297386e+01,4.15681378e-12,5.05594308e-12,2.64884838e-14,4.54244827e-18
5.21635971e+01,1.64452965e-13,2.03671471e-13,1.20002207e-15,4.72584052e-19
5.35317917e+01,3.85876108e-15,4.79226127e-15,8.88373366e-19,2.55615870e-20
5.49351997e+01,2.57123171e-17,4.45547933e-17,1.26934122e-18,1.04658896e-22
5.63747253e+01,2.23242999e-18,2.34414838e-18,3.22623897e-20,3.59275718e-23
5.78513031e+01,9.79482761e-19,1.20375955e-18,7.50643333e-22,2.10736672e-26
5.93278885e+01,1.74398895e-21,1.82626899e-21,7.56714950e-23,4.34156502e-26
6.08044662e+01,1.00544359e-21,1.16858760e-21,5.19047303e-25,8.73403259e-28
6.22810478e+01,1.85526359e-24,2.75340618e-24,1.23005442e-25,6.03651746e-29
6.37576256e+01,1.22875676e-24,1.43076472e-24,5.45172556e-28,1.65928457e-30
6.52341995e+01,4.05500467e-27,8.98317205e-27,2.26203361e-28,1.23077820e-31
6.67107849e+01,2.00461805e-27,2.42452047e-27,1.17217334e-30,2.15925327e-33
6.81873703e+01,2.34996736e-29,3.61066876e-29,4.05003507e-31,2.97569507e-34
6.96639481e+01,4.19068024e-30,5.21495862e-30,4.66374188e-33,4.45548160e-36
7.11405258e+01,1.81369903e-31,2.12422902e-31,1.04202367e-33,8.62258181e-37
7.26171036e+01,1.35205742e-32,1.66557940e-32,2.07793006e-35,2.88177029e-38
7.40936813e+01,7.71822795e-34,9.65631691e-34,2.76206985e-36,3.27903841e-39
7.55702591e+01,4.09469194e-35,4.77340103e-35,6.37058308e-38,1.13505176e-40
7.70468445e+01,1.65397773e-36,2.03366262e-36,4.09879801e-39,0.00000000e+00
7.85234222e+01,5.36136792e-38,6.04772391e-38,8.12753109e-41,0.00000000e+00
8.00000000e+01,1.18311629e-38,1.22893875e-38,9.80908925e-42,0.00000000e+00
