Height (km), 7_8 um ash conc (g/kg), 15_6 um ash conc (g/kg), 125 um ash conc (g/kg), 1 mm ash conc (g/kg)
0.00000000e+00,0.00000000e+00,0.00000000e+00,0.00000000e+00,0.00000000e+00
3.99999991e-02,5.89169450e-02,8.44380409e-02,4.38367948e-02,1.22951590e-01
7.99999982e-02,7.15681165e-02,1.00214034e-01,4.09841947e-02,2.44640321e-01
1.19999997e-01,7.45248795e-02,1.02888077e-01,3.85876521e-02,3.24381262e-01
1.59999996e-01,7.48727620e-02,1.02407940e-01,3.55836451e-02,3.75707746e-01
2.00000003e-01,7.59251416e-02,1.03146851e-01,3.21363732e-02,4.08283561e-01
2.39999995e-01,7.24565536e-02,9.78773385e-02,2.87667811e-02,4.27362084e-01
2.80000001e-01,7.45866895e-02,1.00402310e-01,2.55178548e-02,4.42699015e-01
3.19999993e-01,6.97181970e-02,9.33910310e-02,2.26480477e-02,4.58301246e-01
3.60000014e-01,7.20241591e-02,9.61626843e-02,2.00055614e-02,4.74617660e-01
4.00000006e-01,6.77249804e-02,9.02739614e-02,1.79155041e-02,4.87468064e-01
4.39999998e-01,6.62495494e-02,8.79096836e-02,1.57640297e-02,5.01087606e-01
4.79999989e-01,6.26927018e-02,8.33079517e-02,1.40596973e-02,5.20644665e-01
5.19999981e-01,5.86612709e-02,7.77135491e-02,1.24819120e-02,5.36849022e-01
5.60000002e-01,5.41271269e-02,7.19033480e-02,1.12543181e-02,5.55789471e-01
6.00000024e-01,4.86239642e-02,6.46015480e-02,1.02823507e-02,5.82183003e-01
6.41029537e-01,4.34674881e-02,5.79285659e-02,9.43680294e-03,6.07088983e-01
6.83115125e-01,3.82142998e-02,5.09877466e-02,8.77626054e-03,6.37157679e-01
7.26283848e-01,3.43654081e-02,4.59067337e-02,8.34643375e-03,6.75960839e-01
7.70563781e-01,3.05585060e-02,4.07534912e-02,8.05014651e-03,7.17487454e-01
8.15983355e-01,2.75000948e-02,3.66605036e-02,8.05263221e-03,7.69916296e-01
8.62571895e-01,2.46027466e-02,3.27510163e-02,8.36213678e-03,8.32394242e-01
9.10359621e-01,2.22810786e-02,2.96734218e-02,8.96140561e-03,9.07527447e-01
9.59377348e-01,2.06225608e-02,2.75034327e-02,1.00234542e-02,9.86494660e-01
1.00965667e+00,1.95231289e-02,2.61128880e-02,1.18502490e-02,1.09094143e+00
1.06123006e+00,1.93234757e-02,2.59174705e-02,1.46753453e-02,1.20722175e+00
1.11413085e+00,2.01982129e-02,2.71804594e-02,1.91893764e-02,1.34453344e+00
1.16839325e+00,2.29970049e-02,3.11744045e-02,2.74398159e-02,1.49838161e+00
1.22405231e+00,2.81715505e-02,3.86004448e-02,4.07327600e-02,1.67736983e+00
1.28114390e+00,3.84997725e-02,5.33989370e-02,6.28937408e-02,1.90007269e+00
1.33970511e+00,5.52328490e-02,7.70256817e-02,8.74955729e-02,2.16390514e+00
1.39977336e+00,2.01825508e+04,2.82722695e+04,2.00216133e+04,2.10244727e+03
1.46138775e+00,2.56488203e+04,3.59086406e+04,2.41224141e+04,2.00311646e+03
1.52458799e+00,1.55798008e+04,2.18098848e+04,1.46876816e+04,1.32922437e+03
1.58941495e+00,1.45725527e+04,2.04061406e+04,1.40464648e+04,1.46928979e+03
1.65591037e+00,1.42902910e+04,2.00137793e+04,1.39230273e+04,1.56183179e+03
1.72411728e+00,1.42791719e+04,2.00001777e+04,1.40142383e+04,1.65232495e+03
1.79407966e+00,1.45316992e+04,2.03555039e+04,1.43457617e+04,1.76064697e+03
1.86584306e+00,1.50461572e+04,2.10775195e+04,1.49250996e+04,1.89009924e+03
1.93945324e+00,1.57119941e+04,2.20111758e+04,1.56335830e+04,2.01742590e+03
2.01495814e+00,1.62169062e+04,2.27187617e+04,1.61524873e+04,2.09780078e+03
2.09240627e+00,1.62567012e+04,2.27743457e+04,1.61869404e+04,2.09860913e+03
2.17184782e+00,1.57123281e+04,2.20113438e+04,1.56242031e+04,2.01109497e+03
2.25333428e+00,1.47704004e+04,2.06915156e+04,1.46643848e+04,1.87732996e+03
2.33691788e+00,1.40823672e+04,1.97279570e+04,1.39857705e+04,1.80677417e+03
2.42265272e+00,1.42359863e+04,1.99440469e+04,1.41765195e+04,1.87180615e+03
2.51059437e+00,1.51145205e+04,2.11757109e+04,1.50931426e+04,2.03418774e+03
2.60079956e+00,1.61945547e+04,2.26893555e+04,1.62046621e+04,2.21972998e+03
2.69332647e+00,1.71116387e+04,2.39744258e+04,1.71457793e+04,2.37465991e+03
2.78823495e+00,1.74555410e+04,2.44560586e+04,1.74918125e+04,2.43200439e+03
2.88558602e+00,1.71811777e+04,2.40715430e+04,1.72165117e+04,2.40966235e+03
2.98544264e+00,1.66100781e+04,2.32716836e+04,1.66575195e+04,2.35460693e+03
3.08786964e+00,1.58874082e+04,2.22590234e+04,1.59200332e+04,2.24950781e+03
3.19293284e+00,1.53325713e+04,2.14817090e+04,1.53624316e+04,2.18588794e+03
3.30070019e+00,1.58511650e+04,2.22089219e+04,1.59079570e+04,2.29264697e+03
3.41124129e+00,1.71021992e+04,2.39620078e+04,1.71730137e+04,2.48518262e+03
3.52462745e+00,1.80545898e+04,2.52958047e+04,1.81040156e+04,2.61029541e+03
3.64093208e+00,1.85238945e+04,2.59527227e+04,1.85532324e+04,2.67517578e+03
3.76023054e+00,1.84487656e+04,2.58467031e+04,1.84457773e+04,2.65768750e+03
3.88259912e+00,1.74400156e+04,2.44328867e+04,1.74099922e+04,2.53075317e+03
4.00811720e+00,1.63342236e+04,2.28842812e+04,1.63238926e+04,2.43097607e+03
4.13686609e+00,1.54067969e+04,2.15847207e+04,1.53776289e+04,2.31206128e+03
4.26892853e+00,1.38288379e+04,1.93738242e+04,1.37937842e+04,2.13254688e+03
4.40439081e+00,1.40234668e+04,1.96480000e+04,1.40530293e+04,2.25506860e+03
4.54333878e+00,1.64146172e+04,2.29991914e+04,1.64886094e+04,2.64274976e+03
4.68586397e+00,1.79327598e+04,2.51249766e+04,1.79608184e+04,2.83846582e+03
4.83205652e+00,1.77218926e+04,2.48289922e+04,1.77396836e+04,2.84988184e+03
4.98201227e+00,1.78597695e+04,2.50222949e+04,1.78889004e+04,2.92062305e+03
5.13582754e+00,1.75832715e+04,2.46342578e+04,1.75856680e+04,2.89428491e+03
5.29360199e+00,1.58703252e+04,2.22338066e+04,1.58475762e+04,2.67570654e+03
5.45543718e+00,1.42440234e+04,1.99566602e+04,1.42717812e+04,2.52254858e+03
5.62143755e+00,1.48304180e+04,2.07783633e+04,1.48584648e+04,2.61983423e+03
5.79171038e+00,1.49782090e+04,2.09838887e+04,1.49499492e+04,2.62276050e+03
5.96636629e+00,1.41636094e+04,1.98442109e+04,1.42104766e+04,2.62161060e+03
6.14551687e+00,1.57627900e+04,2.20867461e+04,1.58875146e+04,2.91350635e+03
6.32927942e+00,1.80586738e+04,2.53021484e+04,1.81266387e+04,3.18845337e+03
6.51777077e+00,1.75880469e+04,2.46416719e+04,1.76172480e+04,3.14140308e+03
6.71111441e+00,1.75087227e+04,2.45299727e+04,1.75164883e+04,3.17327734e+03
6.90943432e+00,1.69081094e+04,2.36868711e+04,1.68468848e+04,3.07090771e+03
7.11285782e+00,1.47450762e+04,2.06552090e+04,1.46328965e+04,2.77091089e+03
7.32151794e+00,1.22266387e+04,1.71266934e+04,1.21094248e+04,2.44307568e+03
7.53554821e+00,1.03210781e+04,1.44580430e+04,1.02488359e+04,2.23365674e+03
7.75508738e+00,9.55839746e+03,1.33907422e+04,9.53742480e+03,2.16745508e+03
7.98027754e+00,9.54096680e+03,1.33669355e+04,9.54908203e+03,2.17794946e+03
8.21126270e+00,9.66644434e+03,1.35433916e+04,9.70656836e+03,2.21195459e+03
8.44819450e+00,1.05116143e+04,1.47280645e+04,1.05799258e+04,2.33587207e+03
8.69122219e+00,1.18122070e+04,1.65496074e+04,1.18600039e+04,2.48086035e+03
8.94050789e+00,1.22148867e+04,1.71144375e+04,1.22966914e+04,2.56453052e+03
9.19620800e+00,1.50197090e+04,2.10440000e+04,1.51036553e+04,2.93780371e+03
9.45849037e+00,1.71579648e+04,2.40376660e+04,1.71570234e+04,3.17538208e+03
9.72752285e+00,1.73742578e+04,2.43412480e+04,1.73978164e+04,3.26680566e+03
1.00034800e+01,1.84765254e+04,2.58834609e+04,1.84112695e+04,3.41005908e+03
1.02865391e+01,1.57776924e+04,2.21008711e+04,1.56492500e+04,3.13438916e+03
1.05768833e+01,1.11127441e+04,1.55673145e+04,1.10733594e+04,2.71995361e+03
1.08747025e+01,8.37632422e+03,1.17359004e+04,8.44344629e+03,2.56408789e+03
1.11801853e+01,7.37339844e+03,1.03323105e+04,7.52376270e+03,2.62170215e+03
1.14935322e+01,7.14733740e+03,1.00172383e+04,7.40360938e+03,2.76720703e+03
1.18149433e+01,9.15229688e+03,1.28268887e+04,9.49247461e+03,3.12394287e+03
1.21446266e+01,1.21145020e+04,1.69757832e+04,1.25000215e+04,3.50346729e+03
1.24827967e+01,1.34117139e+04,1.87922656e+04,1.39200068e+04,3.66275854e+03
1.28296700e+01,1.43812676e+04,2.01516211e+04,1.52127529e+04,3.81935596e+03
1.31854706e+01,1.52670098e+04,2.13969883e+04,1.66732383e+04,3.98272852e+03
1.35504293e+01,1.69376211e+04,2.37486016e+04,1.91380078e+04,4.23144922e+03
1.39247818e+01,1.94123730e+04,2.72252695e+04,2.19716875e+04,4.39052881e+03
1.43087692e+01,1.96473281e+04,2.75638477e+04,2.24760762e+04,4.29056201e+03
1.47026405e+01,1.85571367e+04,2.60441289e+04,2.16300742e+04,4.17106982e+03
1.51066484e+01,1.71398281e+04,2.40586758e+04,2.05325508e+04,4.08208740e+03
1.55210552e+01,1.43215361e+04,2.01254883e+04,1.87495977e+04,3.85340454e+03
1.59461288e+01,1.27915117e+04,1.80014863e+04,1.80451152e+04,3.64652832e+03
1.63821430e+01,1.37070586e+04,1.92911973e+04,1.99370039e+04,3.79889600e+03
1.68293781e+01,1.69498711e+04,2.38505625e+04,2.41104180e+04,4.13272363e+03
1.72881241e+01,2.05122168e+04,2.88595488e+04,2.78868027e+04,4.28671533e+03
1.77586803e+01,2.45017363e+04,3.44469141e+04,3.12070117e+04,4.33632812e+03
1.82413464e+01,2.54921250e+04,3.58399883e+04,3.13326758e+04,4.13311816e+03
1.87364349e+01,2.98678340e+04,4.19617812e+04,3.36166133e+04,4.29895020e+03
1.92442665e+01,3.77832773e+04,5.30221250e+04,3.92676289e+04,4.70411230e+03
1.97651691e+01,4.18871133e+04,5.87219766e+04,4.16128984e+04,4.46533008e+03
2.02994785e+01,4.15772422e+04,5.82405508e+04,3.94916016e+04,3.94346973e+03
2.08475418e+01,4.21669453e+04,5.90085312e+04,3.82020391e+04,3.93624707e+03
2.14097099e+01,4.19530391e+04,5.86703320e+04,3.64044453e+04,3.95070166e+03
2.19863453e+01,4.23207969e+04,5.91481523e+04,3.54114922e+04,4.10937061e+03
2.25778236e+01,4.28016641e+04,5.97972500e+04,3.51375820e+04,3.79606372e+03
2.31845264e+01,4.04437578e+04,5.64876680e+04,3.31296523e+04,3.45346069e+03
2.38068466e+01,3.50637422e+04,4.89669023e+04,2.89719238e+04,3.17536060e+03
2.44451809e+01,3.32619492e+04,4.64745938e+04,2.89574336e+04,3.46400293e+03
2.50999470e+01,3.27775312e+04,4.58253750e+04,2.95547520e+04,3.43319971e+03
2.57715645e+01,3.11539336e+04,4.35742695e+04,2.85569336e+04,2.90559790e+03
2.64604683e+01,2.58110566e+04,3.60966055e+04,2.30685059e+04,1.55630774e+03
2.71671047e+01,1.48358477e+04,2.07275332e+04,1.22526670e+04,5.42546997e+02
2.78919277e+01,7.67936475e+03,1.07202656e+04,6.02923096e+03,2.69167511e+02
2.86354065e+01,2.71394849e+03,3.77987305e+03,1.78475671e+03,4.93594074e+00
2.93980217e+01,4.23672424e+02,5.87322021e+02,2.09870255e+02,3.08200747e-01
3.01802654e+01,2.15626129e+02,2.99276123e+02,1.16670235e+02,5.40002733e-02
3.09826431e+01,2.29850952e+02,3.19031525e+02,1.02177925e+02,6.52490109e-02
3.18056717e+01,2.83752533e+02,3.93401276e+02,7.17828140e+01,1.78290755e-02
3.26498833e+01,1.92292877e+02,2.63639587e+02,2.87052917e+01,2.46388465e-03
3.35158234e+01,7.45190582e+01,1.01553963e+02,1.02121124e+01,3.03123816e-04
3.44040565e+01,2.11369514e+01,2.84946232e+01,8.80971193e-01,5.27697375e-05
3.53151436e+01,1.23208342e+01,1.65737267e+01,5.17461777e-01,9.90766603e-06
3.62496834e+01,6.41107655e+00,8.61072731e+00,3.84548753e-01,4.88631304e-06
3.72082787e+01,1.34499240e+00,1.78926539e+00,4.54796664e-02,3.66202494e-06
3.81915474e+01,3.15152943e-01,4.17656183e-01,6.19951915e-03,1.21421897e-06
3.92001228e+01,5.39032705e-02,7.06540495e-02,4.62616794e-04,2.36798343e-07
4.02346535e+01,6.17071800e-03,8.11684504e-03,8.23088048e-05,3.38894210e-08
4.12958107e+01,1.01104158e-03,1.31729001e-03,6.75564797e-06,5.60975533e-09
4.23842850e+01,1.01307349e-04,1.30196553e-04,1.57545560e-06,6.70927869e-10
4.35007744e+01,5.73361285e-06,7.35186677e-06,1.42058681e-07,3.53350404e-11
4.46459999e+01,8.55737881e-07,1.11580130e-06,1.82695832e-08,6.35943251e-12
4.58207016e+01,3.56222856e-08,4.69730601e-08,1.11240650e-09,2.45246586e-13
4.70256386e+01,1.33349320e-09,1.68747161e-09,4.62139528e-11,9.77372005e-15
4.82615852e+01,7.40519451e-11,9.82246645e-11,2.35343993e-12,3.45960628e-16
4.95293465e+01,2.52663428e-12,3.27041931e-12,7.46933711e-14,1.38448131e-17
5.08297386e+01,6.83954033e-14,8.97503372e-14,1.99690198e-15,1.79088614e-18
5.21635971e+01,1.82532636e-15,2.44816408e-15,1.64526836e-17,7.42905448e-21
5.35317917e+01,1.26550627e-17,1.37541045e-17,9.49767539e-18,9.64937688e-22
5.49351997e+01,6.72887109e-18,7.57997873e-18,3.74688131e-20,3.24380334e-24
5.63747253e+01,4.20040958e-20,1.13273790e-19,5.33960757e-21,4.75135903e-25
5.78513031e+01,4.17127392e-21,4.43546684e-21,4.81735708e-23,2.14563503e-27
5.93278885e+01,6.48764699e-23,1.41418034e-22,3.38475878e-24,3.46289547e-28
6.08044662e+01,3.37867469e-24,3.76023330e-24,4.97250121e-26,2.30811137e-30
6.22810478e+01,6.98312246e-26,1.17741225e-25,3.43644065e-27,3.47231439e-31
6.37576256e+01,3.57324408e-27,4.10200429e-27,5.45938065e-29,3.55462953e-33
6.52341995e+01,7.57929026e-29,1.44762404e-28,4.37376358e-30,3.70801083e-34
6.67107849e+01,4.91297883e-30,5.74613462e-30,7.76948281e-32,6.88000614e-36
6.81873703e+01,1.04230167e-31,2.01978729e-31,6.50596377e-33,5.37522665e-37
6.96639481e+01,7.43062599e-33,1.01096805e-32,1.44061769e-34,1.62032141e-38
7.11405258e+01,1.88876928e-34,3.36261960e-34,1.37301299e-35,1.27938550e-39
7.26171036e+01,1.32040445e-35,2.05294736e-35,3.41043805e-37,1.40129846e-41
7.40936813e+01,3.79510860e-37,7.04174899e-37,3.34756190e-38,0.00000000e+00
7.55702591e+01,3.15264129e-38,5.48314076e-38,1.36766730e-39,0.00000000e+00
7.70468445e+01,8.51989466e-40,1.86512826e-39,1.82168800e-41,0.00000000e+00
7.85234222e+01,2.80259693e-42,2.38220739e-41,0.00000000e+00,0.00000000e+00
8.00000000e+01,0.00000000e+00,0.00000000e+00,0.00000000e+00,0.00000000e+00
