Height (km), 7_8 um ash conc (g/kg), 15_6 um ash conc (g/kg), 125 um ash conc (g/kg), 1 mm ash conc (g/kg)
0.00000000e+00,0.00000000e+00,0.00000000e+00,0.00000000e+00,0.00000000e+00
3.99999991e-02,9.56371521e-30,1.61423082e-29,4.00808065e-19,5.03489399e+00
7.99999982e-02,1.68170855e-27,2.77442014e-27,2.18320744e-16,6.17904568e+00
1.19999997e-01,8.06396051e-26,1.37317585e-25,9.30610535e-15,5.96871901e+00
1.59999996e-01,1.44527936e-24,2.47713171e-24,1.46719469e-13,7.64576721e+00
2.00000003e-01,2.21017716e-23,3.84170401e-23,1.61670688e-12,7.30078220e+00
2.39999995e-01,1.80586001e-22,3.16892065e-22,1.33759861e-11,9.74521065e+00
2.80000001e-01,1.05536109e-21,1.84821149e-21,7.74987019e-11,8.82324982e+00
3.19999993e-01,6.98098270e-21,1.22595187e-20,4.03608424e-10,1.17867994e+01
3.60000014e-01,3.88729425e-20,6.83606163e-20,2.08266604e-09,1.08439379e+01
4.00000006e-01,2.02361245e-19,3.55945278e-19,8.74726958e-09,1.22812958e+01
4.39999998e-01,9.73247681e-19,1.72306447e-18,3.77072169e-08,1.25808163e+01
4.79999989e-01,4.26519677e-18,7.58043947e-18,1.55795476e-07,1.32299423e+01
5.19999981e-01,1.75925798e-17,3.22819046e-17,6.05252183e-07,1.34603748e+01
5.60000002e-01,4.81994603e-17,9.09752296e-17,2.17724596e-06,1.39858398e+01
6.00000024e-01,2.15415579e-16,4.13333311e-16,6.55602253e-06,1.59430075e+01
6.41029537e-01,7.36704047e-16,1.43719193e-15,1.66900099e-05,1.56880112e+01
6.83115125e-01,2.63417082e-15,5.17905421e-15,4.27938539e-05,1.65441170e+01
7.26283848e-01,1.02827750e-14,2.03142963e-14,1.11184003e-04,1.84325275e+01
7.70563781e-01,3.44723470e-14,6.88835585e-14,2.32724313e-04,2.01333237e+01
8.15983355e-01,1.13634613e-13,2.28759448e-13,5.45449671e-04,2.15488491e+01
8.62571895e-01,4.36130136e-13,8.86475409e-13,1.14314887e-03,2.12200603e+01
9.10359621e-01,1.34771296e-12,2.81591720e-12,2.15427042e-03,2.50100403e+01
9.59377348e-01,3.77665607e-12,7.82671063e-12,4.17560432e-03,2.71739616e+01
1.00965667e+00,1.20308867e-11,2.45433431e-11,7.58891366e-03,3.04652042e+01
1.06123006e+00,3.65812554e-11,7.51530504e-11,1.32104158e-02,2.95761089e+01
1.11413085e+00,9.91452337e-11,2.03052769e-10,2.13552415e-02,3.20362625e+01
1.16839325e+00,2.82382701e-10,5.91389104e-10,3.25327739e-02,3.30559998e+01
1.22405231e+00,1.08122689e-09,2.21563434e-09,4.78642881e-02,3.51330795e+01
1.28114390e+00,4.32784208e-09,7.90585020e-09,6.72540963e-02,3.82107620e+01
1.33970511e+00,2.57124455e-08,3.83008860e-08,9.29193348e-02,4.06895676e+01
1.39977336e+00,2.01880820e+04,2.82798770e+04,2.00203145e+04,2.10927539e+03
1.46138775e+00,2.55271406e+04,3.57396250e+04,2.40607832e+04,2.05610034e+03
1.52458799e+00,1.53347441e+04,2.14679883e+04,1.45260117e+04,1.39651904e+03
1.58941495e+00,1.56352705e+04,2.18968281e+04,1.52056416e+04,1.70922827e+03
1.65591037e+00,1.65649473e+04,2.32012793e+04,1.62290371e+04,1.86866748e+03
1.72411728e+00,1.65295156e+04,2.31508516e+04,1.61519883e+04,1.81116687e+03
1.79407966e+00,1.52712285e+04,2.13869043e+04,1.48362783e+04,1.61358716e+03
1.86584306e+00,1.34766367e+04,1.88724844e+04,1.30298164e+04,1.40056177e+03
1.93945324e+00,1.17128652e+04,1.64021953e+04,1.13038320e+04,1.23075171e+03
2.01495814e+00,1.03081738e+04,1.44356211e+04,9.96738574e+03,1.13270154e+03
2.09240627e+00,9.41800293e+03,1.31901465e+04,9.15602930e+03,1.09741724e+03
2.17184782e+00,9.10135449e+03,1.27483320e+04,8.92349609e+03,1.15393384e+03
2.25333428e+00,9.45429297e+03,1.32449141e+04,9.37733496e+03,1.30821521e+03
2.33691788e+00,1.07082656e+04,1.50042305e+04,1.07589287e+04,1.61994275e+03
2.42265272e+00,1.29592285e+04,1.81606523e+04,1.31666172e+04,2.09469702e+03
2.51059437e+00,1.60323574e+04,2.24691992e+04,1.64297812e+04,2.72662891e+03
2.60079956e+00,1.96395312e+04,2.75259902e+04,2.02531641e+04,3.44075854e+03
2.69332647e+00,2.32986328e+04,3.26546895e+04,2.40957031e+04,4.09294653e+03
2.78823495e+00,2.60741484e+04,3.65429805e+04,2.69056562e+04,4.40327002e+03
2.88558602e+00,2.69259902e+04,3.77331641e+04,2.75916875e+04,4.24729736e+03
2.98544264e+00,2.60151660e+04,3.64523164e+04,2.64002773e+04,3.76164868e+03
3.08786964e+00,2.40834512e+04,3.37412070e+04,2.41749609e+04,3.20152075e+03
3.19293284e+00,2.16336211e+04,3.03051504e+04,2.14835820e+04,2.66146533e+03
3.30070019e+00,1.91300391e+04,2.67951602e+04,1.88203320e+04,2.22859717e+03
3.41124129e+00,1.68204766e+04,2.35582910e+04,1.64293008e+04,1.89518726e+03
3.52462745e+00,1.48365000e+04,2.07785781e+04,1.44245723e+04,1.66479749e+03
3.64093208e+00,1.32171807e+04,1.85104258e+04,1.28259766e+04,1.50488062e+03
3.76023054e+00,1.19224697e+04,1.66974922e+04,1.15780410e+04,1.40597998e+03
3.88259912e+00,1.09340947e+04,1.53140088e+04,1.06509365e+04,1.35061536e+03
4.00811720e+00,1.02759346e+04,1.43932031e+04,1.00565234e+04,1.33504126e+03
4.13686609e+00,9.89527148e+03,1.38611348e+04,9.73827539e+03,1.35496155e+03
4.26892853e+00,9.80901367e+03,1.37414609e+04,9.71138477e+03,1.40598413e+03
4.40439081e+00,1.00445127e+04,1.40724941e+04,1.00036709e+04,1.50210315e+03
4.54333878e+00,1.06015078e+04,1.48539805e+04,1.06225508e+04,1.64401562e+03
4.68586397e+00,1.15334307e+04,1.61607637e+04,1.16205664e+04,1.84284863e+03
4.83205652e+00,1.27553594e+04,1.78738555e+04,1.29129199e+04,2.08293286e+03
4.98201227e+00,1.42032090e+04,1.99035000e+04,1.44373145e+04,2.36019482e+03
5.13582754e+00,1.59431055e+04,2.23421875e+04,1.62522363e+04,2.67864868e+03
5.29360199e+00,1.78074121e+04,2.49551113e+04,1.81969727e+04,3.02786011e+03
5.45543718e+00,1.95109258e+04,2.73425898e+04,1.99807148e+04,3.34171240e+03
5.62143755e+00,2.12448945e+04,2.97722480e+04,2.17716875e+04,3.61531763e+03
5.79171038e+00,2.25122324e+04,3.15473945e+04,2.30485840e+04,3.75025806e+03
5.96636629e+00,2.26903926e+04,3.17954141e+04,2.31508633e+04,3.62511865e+03
6.14551687e+00,2.25624727e+04,3.16136484e+04,2.28705293e+04,3.39496753e+03
6.32927942e+00,2.18582070e+04,3.06239473e+04,2.19868203e+04,3.08945654e+03
6.51777077e+00,2.04395059e+04,2.86348047e+04,2.04497656e+04,2.77187012e+03
6.71111441e+00,2.11531328e+04,2.96319375e+04,2.09787461e+04,2.70064771e+03
6.90943432e+00,1.90442363e+04,2.66755586e+04,1.87703203e+04,2.37578076e+03
7.11285782e+00,1.82189023e+04,2.55198223e+04,1.79434863e+04,2.29468066e+03
7.32151794e+00,2.01846055e+04,2.82709180e+04,1.97471406e+04,2.45959229e+03
7.53554821e+00,1.81163418e+04,2.53725410e+04,1.76558262e+04,2.21323633e+03
7.75508738e+00,1.26998555e+04,1.77865117e+04,1.23909717e+04,1.63759192e+03
7.98027754e+00,8.57744824e+03,1.20150830e+04,8.47226465e+03,1.25381580e+03
8.21126270e+00,8.68037695e+03,1.21622295e+04,8.71316309e+03,1.39062427e+03
8.44819450e+00,1.06679639e+04,1.49478984e+04,1.07621172e+04,1.73025940e+03
8.69122219e+00,1.18140029e+04,1.65539824e+04,1.19512080e+04,1.93287427e+03
8.94050789e+00,1.17439844e+04,1.64563848e+04,1.19273242e+04,1.96929028e+03
9.19620800e+00,1.15675205e+04,1.62108750e+04,1.18411025e+04,2.00292505e+03
9.45849037e+00,1.39407549e+04,1.95367402e+04,1.42724746e+04,2.34626001e+03
9.72752285e+00,1.62020820e+04,2.27039922e+04,1.65167598e+04,2.61449365e+03
1.00034800e+01,1.65370527e+04,2.31734473e+04,1.68652441e+04,2.64344629e+03
1.02865391e+01,1.85349863e+04,2.59713340e+04,1.88040469e+04,2.79902222e+03
1.05768833e+01,1.86602617e+04,2.61442441e+04,1.88015547e+04,2.67661035e+03
1.08747025e+01,1.76412637e+04,2.47170117e+04,1.77655527e+04,2.51313696e+03
1.11801853e+01,1.78175000e+04,2.49633418e+04,1.78855566e+04,2.48954492e+03
1.14935322e+01,1.85776719e+04,2.60247773e+04,1.85226484e+04,2.47633081e+03
1.18149433e+01,1.76410508e+04,2.47096992e+04,1.75465781e+04,2.28097778e+03
1.21446266e+01,1.73179219e+04,2.42590117e+04,1.73903340e+04,2.30013843e+03
1.24827967e+01,1.68998164e+04,2.36780684e+04,1.72794746e+04,2.37507349e+03
1.28296700e+01,1.27134072e+04,1.78200977e+04,1.34771934e+04,1.95631604e+03
1.31854706e+01,9.44276074e+03,1.32435879e+04,1.05172842e+04,1.55452380e+03
1.35504293e+01,1.01945723e+04,1.43017646e+04,1.15199258e+04,1.65788623e+03
1.39247818e+01,1.22814697e+04,1.72302285e+04,1.36910439e+04,1.90731042e+03
1.43087692e+01,1.32247891e+04,1.85555215e+04,1.46769795e+04,2.01365698e+03
1.47026405e+01,1.35685098e+04,1.90409297e+04,1.51999551e+04,2.06840674e+03
1.51066484e+01,1.25916602e+04,1.76772129e+04,1.43383320e+04,1.92866345e+03
1.55210552e+01,1.19147227e+04,1.67334531e+04,1.36510439e+04,1.75056970e+03
1.59461288e+01,1.29074922e+04,1.81278320e+04,1.47110967e+04,1.68054187e+03
1.63821430e+01,1.41692139e+04,1.99026016e+04,1.57019082e+04,1.65160498e+03
1.68293781e+01,1.64139648e+04,2.30489746e+04,1.72256562e+04,1.77106421e+03
1.72881241e+01,2.14684746e+04,3.01086992e+04,2.14184082e+04,2.01898779e+03
1.77586803e+01,2.47738516e+04,3.46968750e+04,2.26319121e+04,1.96868042e+03
1.82413464e+01,2.46334668e+04,3.44579531e+04,2.10326035e+04,1.72717371e+03
1.87364349e+01,2.26286016e+04,3.15990312e+04,1.79014609e+04,1.48800952e+03
1.92442665e+01,1.98729590e+04,2.77226406e+04,1.54360918e+04,1.33827649e+03
1.97651691e+01,1.64855488e+04,2.29991387e+04,1.29841572e+04,1.14590784e+03
2.02994785e+01,1.44599648e+04,2.01734805e+04,1.13401934e+04,1.03180896e+03
2.08475418e+01,1.26040459e+04,1.75862500e+04,1.01399678e+04,1.01340955e+03
2.14097099e+01,1.00228760e+04,1.39949531e+04,8.53768848e+03,8.93909546e+02
2.19863453e+01,8.55217676e+03,1.19480020e+04,7.48940381e+03,7.73929443e+02
2.25778236e+01,8.32637988e+03,1.16401963e+04,7.44076855e+03,7.73201904e+02
2.31845264e+01,7.46052637e+03,1.04316514e+04,6.64892529e+03,6.71563660e+02
2.38068466e+01,6.21108008e+03,8.68378516e+03,5.49088379e+03,5.40294495e+02
2.44451809e+01,6.35358984e+03,8.88651465e+03,5.74334375e+03,5.91887756e+02
2.50999470e+01,6.98432373e+03,9.76918066e+03,6.31479980e+03,5.95292786e+02
2.57715645e+01,6.88823486e+03,9.63715332e+03,6.33452832e+03,6.63275879e+02
2.64604683e+01,6.20255615e+03,8.67947070e+03,5.76544629e+03,6.13372070e+02
2.71671047e+01,5.24502295e+03,7.33713721e+03,4.77231689e+03,3.48787598e+02
2.78919277e+01,2.86935669e+03,4.00888965e+03,2.35830981e+03,5.23595810e+01
2.86354065e+01,4.30715149e+02,5.97932495e+02,2.22994400e+02,1.71411950e-02
2.93980217e+01,5.13401489e+01,7.02666397e+01,1.21907320e+01,1.15346136e-02
3.01802654e+01,2.23625317e+01,3.05810509e+01,4.55501842e+00,5.39040848e-05
3.09826431e+01,6.62970495e+00,9.02722931e+00,1.01572537e+00,1.14953655e-05
3.18056717e+01,1.86850572e+00,2.52781439e+00,8.26421753e-02,2.43673662e-06
3.26498833e+01,4.34714586e-01,5.83840251e-01,8.72373208e-03,8.98716451e-07
3.35158234e+01,1.24448799e-01,1.66451409e-01,2.78314715e-03,3.24497989e-07
3.44040565e+01,3.49815525e-02,4.66339849e-02,5.94689569e-04,9.92280320e-08
3.53151436e+01,9.22377873e-03,1.22770751e-02,1.16001589e-04,2.11115214e-08
3.62496834e+01,1.88294100e-03,2.49585463e-03,1.74282759e-05,3.34217787e-09
3.72082787e+01,3.40031780e-04,4.48710722e-04,2.99938461e-06,5.72596803e-10
3.81915474e+01,4.72053398e-05,6.20409264e-05,4.61730252e-07,7.86242807e-11
3.92001228e+01,3.22826122e-06,4.20595597e-06,5.42025589e-08,9.14714138e-12
4.02346535e+01,5.52485275e-08,7.21980413e-08,3.82053988e-09,9.10011324e-13
4.12958107e+01,2.25107488e-09,2.98467384e-09,1.13778618e-10,4.74535945e-14
4.23842850e+01,9.71571781e-11,1.27045263e-10,7.15587528e-13,2.21230619e-16
4.35007744e+01,1.08573708e-12,1.47458098e-12,3.26209634e-14,5.56670673e-18
4.46459999e+01,3.84492056e-15,5.17287595e-15,9.22283553e-17,4.23579611e-20
4.58207016e+01,1.97195768e-16,2.58810679e-16,1.09879664e-18,7.96199154e-22
4.70256386e+01,5.37842812e-19,6.12077206e-19,5.99886050e-20,1.37883877e-23
4.82615852e+01,1.57775474e-19,1.91745584e-19,5.68391625e-22,6.59878696e-25
4.95293465e+01,1.43361661e-22,1.65291010e-22,3.85414530e-23,7.11580732e-27
5.08297386e+01,8.13303413e-23,9.20883404e-23,3.60677708e-25,2.68159167e-28
5.21635971e+01,5.52023969e-26,6.63359421e-26,1.28381681e-26,9.53279275e-31
5.35317917e+01,2.37695855e-26,2.35330289e-26,1.54482620e-28,8.67707494e-32
5.49351997e+01,1.21388167e-29,1.93383724e-29,3.00519287e-30,1.59872283e-34
5.63747253e+01,5.52856622e-30,5.72262059e-30,5.39556727e-32,3.52192801e-35
5.78513031e+01,5.34310672e-33,2.06633525e-32,9.33512043e-34,5.98690756e-38
5.93278885e+01,1.70936972e-33,1.75818010e-33,2.09328352e-35,1.28653212e-38
6.08044662e+01,4.76452025e-36,9.90391944e-36,3.98945503e-37,2.94272678e-41
6.22810478e+01,8.05516849e-37,9.20456775e-37,1.73775023e-38,0.00000000e+00
6.37576256e+01,5.02085240e-39,6.62393784e-39,2.27010351e-40,0.00000000e+00
6.52341995e+01,4.52619404e-40,5.35296013e-40,9.80908925e-42,0.00000000e+00
6.67107849e+01,2.80259693e-42,1.40129846e-42,0.00000000e+00,0.00000000e+00
6.81873703e+01,0.00000000e+00,0.00000000e+00,0.00000000e+00,0.00000000e+00
6.96639481e+01,0.00000000e+00,0.00000000e+00,0.00000000e+00,0.00000000e+00
7.11405258e+01,0.00000000e+00,0.00000000e+00,0.00000000e+00,0.00000000e+00
7.26171036e+01,0.00000000e+00,0.00000000e+00,0.00000000e+00,0.00000000e+00
7.40936813e+01,0.00000000e+00,0.00000000e+00,0.00000000e+00,0.00000000e+00
7.55702591e+01,0.00000000e+00,0.00000000e+00,0.00000000e+00,0.00000000e+00
7.70468445e+01,0.00000000e+00,0.00000000e+00,0.00000000e+00,0.00000000e+00
7.85234222e+01,0.00000000e+00,0.00000000e+00,0.00000000e+00,0.00000000e+00
8.00000000e+01,0.00000000e+00,0.00000000e+00,0.00000000e+00,0.00000000e+00
