Height (km), 7_8 um ash conc (g/kg), 15_6 um ash conc (g/kg), 125 um ash conc (g/kg), 1 mm ash conc (g/kg)
0.00000000e+00,0.00000000e+00,0.00000000e+00,0.00000000e+00,0.00000000e+00
3.99999991e-02,7.38687379e-26,8.69768082e-26,1.38179543e-23,1.69954891e+01
7.99999982e-02,1.15967207e-24,1.59321524e-24,1.81432846e-22,2.00673618e+01
1.19999997e-01,1.51007083e-23,1.50217891e-23,2.76291694e-21,2.14870510e+01
1.59999996e-01,1.14032292e-22,1.83539559e-22,1.96366134e-20,2.38409443e+01
2.00000003e-01,1.90079158e-21,1.85226015e-21,2.10374700e-19,2.56282616e+01
2.39999995e-01,1.11520733e-20,9.97479006e-21,8.04735894e-18,2.77724133e+01
2.80000001e-01,4.66495938e-20,5.91662776e-20,4.83663171e-16,2.94329453e+01
3.19999993e-01,3.62708540e-19,3.75914814e-19,9.34497705e-14,3.12776051e+01
3.60000014e-01,2.41964826e-18,2.65304823e-18,3.48832898e-12,3.27378197e+01
4.00000006e-01,8.24878900e-18,1.05197050e-17,3.53660053e-11,3.43429222e+01
4.39999998e-01,8.11732187e-17,8.30165345e-17,2.02271155e-09,3.57167130e+01
4.79999989e-01,2.70972193e-16,3.13943339e-16,3.30940679e-08,3.75053864e+01
5.19999981e-01,9.83558353e-16,1.19701743e-15,2.46956063e-07,3.91687660e+01
5.60000002e-01,3.55231875e-15,4.69862855e-15,2.93701441e-06,4.11511078e+01
6.00000024e-01,1.07771814e-14,1.79477083e-14,1.26191480e-06,4.29920044e+01
6.41029537e-01,2.36932246e-13,4.56556451e-13,4.61696663e-06,4.62482147e+01
6.83115125e-01,1.25062482e-12,2.45707512e-12,9.86480882e-06,4.66435471e+01
7.26283848e-01,6.39093769e-12,1.24190606e-11,3.71364622e-05,5.15874825e+01
7.70563781e-01,4.27356657e-11,8.38377701e-11,9.16126810e-05,5.10549927e+01
8.15983355e-01,1.44581333e-10,2.88149449e-10,2.52777594e-04,5.90194931e+01
8.62571895e-01,7.00245306e-10,1.40734446e-09,6.14743214e-04,5.74060211e+01
9.10359621e-01,2.04044515e-09,4.19396251e-09,1.07926223e-03,6.83481293e+01
9.59377348e-01,5.45049783e-09,1.14798251e-08,1.59023795e-03,7.73941498e+01
1.00965667e+00,1.56644759e-08,3.37053478e-08,2.21417542e-03,8.99102631e+01
1.06123006e+00,4.40748558e-08,9.71724390e-08,3.49375745e-03,9.63367615e+01
1.11413085e+00,1.57565083e-07,3.52463957e-07,3.76373343e-03,9.81648865e+01
1.16839325e+00,7.36481525e-07,1.72016530e-06,4.33505699e-03,1.14886429e+02
1.22405231e+00,3.22770029e-06,8.53705933e-06,5.65159321e-03,1.24420395e+02
1.28114390e+00,9.91020261e-06,3.55899974e-05,4.04244941e-03,1.39829147e+02
1.33970511e+00,1.75931764e-05,5.25717624e-05,5.62198460e-03,1.38843094e+02
1.39977336e+00,2.07195215e+04,2.90084414e+04,1.94507461e+04,1.35548120e+03
1.46138775e+00,2.59428223e+04,3.62751094e+04,2.16716855e+04,1.38072632e+03
1.52458799e+00,1.50388398e+04,2.10220508e+04,1.26569600e+04,9.94723389e+02
1.58941495e+00,1.30925918e+04,1.83134551e+04,1.15672793e+04,1.14177173e+03
1.65591037e+00,1.27932676e+04,1.79037637e+04,1.17350430e+04,1.36767554e+03
1.72411728e+00,1.39387852e+04,1.95164961e+04,1.32522461e+04,1.71392432e+03
1.79407966e+00,1.62517061e+04,2.27633672e+04,1.58728691e+04,2.16230054e+03
1.86584306e+00,1.89401250e+04,2.65328418e+04,1.86881914e+04,2.46721973e+03
1.93945324e+00,2.08701328e+04,2.92345352e+04,2.04657852e+04,2.54372754e+03
2.01495814e+00,2.13819922e+04,2.99461211e+04,2.06679434e+04,2.38115991e+03
2.09240627e+00,2.06316836e+04,2.88891250e+04,1.95989766e+04,2.09964136e+03
2.17184782e+00,1.89878848e+04,2.65812656e+04,1.76951348e+04,1.77885730e+03
2.25333428e+00,1.69212871e+04,2.36830684e+04,1.54848320e+04,1.49739465e+03
2.33691788e+00,1.48566982e+04,2.07898848e+04,1.33981748e+04,1.29931628e+03
2.42265272e+00,1.29976582e+04,1.81863809e+04,1.16079922e+04,1.14950256e+03
2.51059437e+00,1.14263535e+04,1.59874570e+04,1.01818574e+04,1.05291479e+03
2.60079956e+00,1.02608730e+04,1.43582334e+04,9.20978906e+03,1.03013281e+03
2.69332647e+00,9.63467090e+03,1.34846816e+04,8.76684375e+03,1.05704333e+03
2.78823495e+00,9.46683008e+03,1.32524805e+04,8.73602637e+03,1.11744080e+03
2.88558602e+00,9.46093262e+03,1.32468359e+04,8.85847461e+03,1.20095398e+03
2.98544264e+00,9.63187402e+03,1.34891602e+04,9.17232227e+03,1.30783691e+03
3.08786964e+00,1.01707578e+04,1.42469160e+04,9.85204492e+03,1.48103589e+03
3.19293284e+00,1.11006846e+04,1.55524922e+04,1.09262754e+04,1.70522351e+03
3.30070019e+00,1.24405137e+04,1.74323105e+04,1.24144941e+04,2.00906006e+03
3.41124129e+00,1.42236885e+04,1.99331133e+04,1.43467158e+04,2.35599780e+03
3.52462745e+00,1.65885020e+04,2.32482871e+04,1.68476602e+04,2.77823486e+03
3.64093208e+00,1.93660059e+04,2.71409102e+04,1.97468789e+04,3.22768042e+03
3.76023054e+00,2.21968496e+04,3.11073418e+04,2.26713750e+04,3.62205371e+03
3.88259912e+00,2.46971172e+04,3.46088555e+04,2.51586387e+04,3.81619946e+03
4.00811720e+00,2.62513770e+04,3.67820117e+04,2.64847656e+04,3.70382520e+03
4.13686609e+00,2.63115156e+04,3.68590156e+04,2.61064980e+04,3.30435645e+03
4.26892853e+00,2.48957695e+04,3.48675859e+04,2.41930527e+04,2.77911035e+03
4.40439081e+00,2.27365195e+04,3.18359961e+04,2.16270781e+04,2.28537329e+03
4.54333878e+00,2.03261016e+04,2.84551172e+04,1.89745840e+04,1.92098315e+03
4.68586397e+00,1.80165391e+04,2.52181719e+04,1.65834648e+04,1.64240735e+03
4.83205652e+00,1.60664336e+04,2.24866016e+04,1.46576973e+04,1.46891736e+03
4.98201227e+00,1.44612510e+04,2.02394746e+04,1.31503789e+04,1.36336902e+03
5.13582754e+00,1.32945410e+04,1.86073203e+04,1.21184102e+04,1.31434778e+03
5.29360199e+00,1.25693086e+04,1.75938008e+04,1.15336064e+04,1.32232007e+03
5.45543718e+00,1.21555391e+04,1.70165938e+04,1.12589941e+04,1.36347681e+03
5.62143755e+00,1.19764834e+04,1.67681074e+04,1.12113359e+04,1.41955981e+03
5.79171038e+00,1.19843086e+04,1.67809922e+04,1.13260566e+04,1.48766309e+03
5.96636629e+00,1.20417402e+04,1.68631484e+04,1.14818174e+04,1.55834290e+03
6.14551687e+00,1.21359316e+04,1.69969023e+04,1.16796641e+04,1.63042871e+03
6.32927942e+00,1.23917305e+04,1.73569102e+04,1.20295469e+04,1.72242773e+03
6.51777077e+00,1.29202051e+04,1.80984844e+04,1.26273926e+04,1.83819092e+03
6.71111441e+00,1.37196064e+04,1.92191328e+04,1.34690234e+04,1.97499048e+03
6.90943432e+00,1.47530820e+04,2.06675508e+04,1.45412363e+04,2.14421411e+03
7.11285782e+00,1.60899570e+04,2.25410430e+04,1.59255977e+04,2.36250854e+03
7.32151794e+00,1.75645273e+04,2.46071133e+04,1.74365723e+04,2.57917065e+03
7.53554821e+00,1.88211211e+04,2.63671836e+04,1.87013125e+04,2.73916113e+03
7.75508738e+00,1.97755977e+04,2.77036387e+04,1.96377480e+04,2.80851025e+03
7.98027754e+00,2.04727676e+04,2.86789805e+04,2.02611719e+04,2.79321045e+03
8.21126270e+00,2.08000000e+04,2.91349922e+04,2.04349844e+04,2.67827148e+03
8.44819450e+00,2.06250234e+04,2.88865938e+04,2.00401777e+04,2.49666406e+03
8.69122219e+00,2.01965352e+04,2.82825859e+04,1.93672969e+04,2.31609839e+03
8.94050789e+00,1.96174609e+04,2.74684258e+04,1.86045508e+04,2.19716943e+03
9.19620800e+00,1.87536250e+04,2.62568340e+04,1.76502793e+04,2.10855518e+03
9.45849037e+00,1.79496016e+04,2.51299727e+04,1.68303438e+04,2.09034180e+03
9.72752285e+00,1.69239355e+04,2.36950391e+04,1.59368779e+04,2.10690991e+03
1.00034800e+01,1.64884805e+04,2.30889102e+04,1.57330410e+04,2.21016113e+03
1.02865391e+01,1.73195156e+04,2.42539336e+04,1.66555391e+04,2.37534985e+03
1.05768833e+01,1.74648555e+04,2.44567539e+04,1.68588828e+04,2.41261523e+03
1.08747025e+01,1.65211289e+04,2.31372148e+04,1.61248711e+04,2.34698877e+03
1.11801853e+01,1.70178359e+04,2.38358203e+04,1.68157754e+04,2.46286670e+03
1.14935322e+01,1.81431367e+04,2.54105332e+04,1.79670488e+04,2.56908081e+03
1.18149433e+01,1.74755508e+04,2.44777773e+04,1.75971172e+04,2.54902100e+03
1.21446266e+01,1.91036641e+04,2.67622148e+04,1.96125039e+04,2.84308545e+03
1.24827967e+01,2.17910039e+04,3.05245938e+04,2.24490684e+04,3.08931006e+03
1.28296700e+01,2.16934160e+04,3.03864727e+04,2.26279062e+04,3.02531348e+03
1.31854706e+01,1.99460957e+04,2.79441094e+04,2.14582988e+04,2.86660352e+03
1.35504293e+01,2.25177422e+04,3.15486719e+04,2.42220625e+04,3.08513379e+03
1.39247818e+01,3.00812871e+04,4.21309219e+04,3.10151016e+04,3.52659399e+03
1.43087692e+01,2.98684238e+04,4.18174492e+04,3.00389883e+04,3.15784229e+03
1.47026405e+01,1.98764043e+04,2.78361152e+04,2.08704258e+04,2.35003223e+03
1.51066484e+01,1.38371475e+04,1.94052402e+04,1.60157920e+04,1.98745996e+03
1.55210552e+01,1.44434531e+04,2.02727227e+04,1.67714160e+04,2.02408008e+03
1.59461288e+01,1.31060068e+04,1.84246016e+04,1.59522402e+04,2.22671362e+03
1.63821430e+01,1.47463027e+04,2.07537891e+04,1.81894902e+04,2.74447241e+03
1.68293781e+01,1.93394395e+04,2.72151133e+04,2.27446934e+04,3.12685107e+03
1.72881241e+01,2.55013008e+04,3.58502461e+04,2.80516113e+04,3.47251953e+03
1.77586803e+01,3.12489375e+04,4.38981836e+04,3.18958477e+04,3.59043799e+03
1.82413464e+01,2.71355254e+04,3.80956797e+04,2.65228008e+04,2.93634668e+03
1.87364349e+01,1.89676582e+04,2.66142988e+04,1.89481836e+04,2.38427588e+03
1.92442665e+01,1.84788613e+04,2.59255098e+04,1.87933320e+04,2.42361035e+03
1.97651691e+01,2.20515508e+04,3.09182637e+04,2.24365391e+04,2.64571899e+03
2.02994785e+01,2.65755547e+04,3.72498828e+04,2.66744609e+04,2.85358423e+03
2.08475418e+01,3.10315352e+04,4.34839180e+04,3.02877715e+04,3.11619458e+03
2.14097099e+01,3.75238438e+04,5.25312461e+04,3.42452812e+04,3.45280420e+03
2.19863453e+01,4.11366992e+04,5.74913242e+04,3.53729922e+04,3.67609082e+03
2.25778236e+01,4.21280078e+04,5.88382461e+04,3.53383203e+04,3.56483984e+03
2.31845264e+01,4.02078789e+04,5.61447891e+04,3.30467188e+04,3.23154688e+03
2.38068466e+01,3.39058789e+04,4.73424062e+04,2.80112109e+04,2.58385376e+03
2.44451809e+01,2.92271055e+04,4.08173555e+04,2.45681016e+04,2.25948608e+03
2.50999470e+01,3.24155410e+04,4.52863750e+04,2.70079062e+04,1.84785339e+03
2.57715645e+01,3.29045898e+04,4.59621797e+04,2.70369277e+04,2.28786133e+03
2.64604683e+01,2.90789414e+04,4.06275078e+04,2.48066504e+04,2.41129761e+03
2.71671047e+01,2.76496797e+04,3.86334453e+04,2.34390898e+04,1.86989038e+03
2.78919277e+01,2.76167305e+04,3.85820000e+04,2.30063184e+04,1.73750635e+03
2.86354065e+01,2.82572793e+04,3.94790469e+04,2.37119316e+04,2.01422583e+03
2.93980217e+01,3.08378359e+04,4.31252266e+04,2.77977246e+04,3.04544385e+03
3.01802654e+01,3.04478008e+04,4.25800508e+04,2.71927227e+04,2.31603271e+03
3.09826431e+01,1.90025586e+04,2.65425703e+04,1.54456152e+04,6.29374512e+02
3.18056717e+01,4.94498438e+03,6.88747412e+03,3.20760498e+03,3.89139009e+00
3.26498833e+01,5.71380005e+02,7.87051758e+02,1.55833817e+02,4.13010642e-03
3.35158234e+01,1.94313065e+02,2.65105377e+02,3.24266777e+01,3.62722506e-03
3.44040565e+01,1.42502411e+02,1.94701447e+02,2.49388046e+01,5.52259386e-04
3.53151436e+01,7.82084351e+01,1.06713219e+02,9.65645599e+00,8.50622455e-05
3.62496834e+01,3.51349144e+01,4.78662453e+01,3.87193823e+00,4.36111804e-06
3.72082787e+01,1.95026741e+01,2.65436325e+01,2.16345096e+00,4.65846097e-06
3.81915474e+01,1.35697079e+01,1.84850769e+01,1.97057903e+00,2.08217352e-06
3.92001228e+01,8.95179749e+00,1.21457682e+01,8.76400888e-01,5.71977466e-07
4.02346535e+01,6.86304152e-01,9.05867279e-01,2.74657621e-04,8.76486155e-08
4.12958107e+01,6.65333308e-03,8.30681715e-03,4.31857625e-05,6.45283826e-09
4.23842850e+01,9.24639811e-04,1.18331821e-03,4.68784992e-06,7.81284037e-10
4.35007744e+01,2.64822338e-05,3.26393274e-05,4.76420468e-07,5.55452490e-11
4.46459999e+01,4.20376728e-06,5.31705928e-06,1.97229738e-07,2.30405148e-12
4.58207016e+01,1.46897364e-07,1.83641291e-07,1.26533628e-08,6.90946053e-14
4.70256386e+01,7.81683873e-09,9.98410421e-09,7.29920901e-10,4.83089529e-15
4.82615852e+01,3.20234644e-10,4.16631590e-10,2.93057037e-11,2.12503388e-16
4.95293465e+01,1.14874941e-11,1.46865020e-11,7.78431898e-13,8.11160523e-18
5.08297386e+01,3.33080948e-13,3.98085590e-13,1.35078953e-14,2.12329560e-19
5.21635971e+01,6.51122316e-15,7.11275758e-15,1.67436682e-16,4.28212501e-21
5.35317917e+01,5.83476793e-17,6.24392388e-17,2.19528151e-18,6.73302249e-23
5.49351997e+01,2.30071757e-19,2.77604476e-19,2.14165139e-20,1.00853914e-24
5.63747253e+01,1.79316641e-21,2.17219709e-21,1.12143999e-22,2.10901008e-26
5.78513031e+01,4.32224779e-23,6.52102464e-23,1.75476251e-24,4.36959271e-28
5.93278885e+01,1.51465692e-24,1.72690330e-24,6.16366916e-26,7.13522438e-30
6.08044662e+01,5.03654778e-26,6.65957547e-26,1.76487694e-27,3.88813165e-31
6.22810478e+01,1.60133217e-27,2.30293381e-27,5.51971823e-29,8.53434907e-33
6.37576256e+01,4.86813250e-29,6.87469421e-29,1.64139241e-30,3.85670697e-34
6.52341995e+01,1.68673396e-30,2.39842075e-30,9.38150874e-32,1.36291711e-35
6.67107849e+01,5.42073754e-32,8.37716637e-32,2.37574535e-33,6.41242607e-37
6.81873703e+01,1.05857619e-33,1.41566530e-33,9.09637592e-35,1.69192777e-38
6.96639481e+01,6.55288911e-35,9.18752724e-35,4.33890613e-36,1.06078294e-39
7.11405258e+01,2.63269229e-36,3.54415565e-36,2.13958657e-37,2.94272678e-41
7.26171036e+01,1.11498516e-37,1.67521028e-37,8.38537001e-39,0.00000000e+00
7.40936813e+01,2.91049691e-39,4.14363956e-39,3.27903841e-40,0.00000000e+00
7.55702591e+01,6.16571324e-41,8.96831017e-41,0.00000000e+00,0.00000000e+00
7.70468445e+01,0.00000000e+00,0.00000000e+00,0.00000000e+00,0.00000000e+00
7.85234222e+01,0.00000000e+00,0.00000000e+00,0.00000000e+00,0.00000000e+00
8.00000000e+01,0.00000000e+00,0.00000000e+00,0.00000000e+00,0.00000000e+00
