Height (km), 7_8 um ash conc (g/kg), 15_6 um ash conc (g/kg), 125 um ash conc (g/kg), 1 mm ash conc (g/kg)
0.00000000e+00,0.00000000e+00,0.00000000e+00,0.00000000e+00,0.00000000e+00
3.99999991e-02,7.40684336e-04,1.11283083e-03,1.18747875e-02,2.88454151e+00
7.99999982e-02,3.40555236e-03,4.96465387e-03,4.03186455e-02,6.20651913e+00
1.19999997e-01,5.10803610e-03,7.64458021e-03,7.51757473e-02,8.90974140e+00
1.59999996e-01,6.94254227e-03,1.04495790e-02,9.70486253e-02,1.15428181e+01
2.00000003e-01,8.66042078e-03,1.29810506e-02,1.13031402e-01,1.35351086e+01
2.39999995e-01,1.04221599e-02,1.56895295e-02,1.32812753e-01,1.52572632e+01
2.80000001e-01,1.12498831e-02,1.67424474e-02,1.38469949e-01,1.68815002e+01
3.19999993e-01,1.37888808e-02,2.03943904e-02,1.48132935e-01,1.86141663e+01
3.60000014e-01,1.42881209e-02,2.09158994e-02,1.50068566e-01,2.05794506e+01
4.00000006e-01,1.61305591e-02,2.33769491e-02,1.52113885e-01,2.27966919e+01
4.39999998e-01,1.58828255e-02,2.29720082e-02,1.52122036e-01,2.48445244e+01
4.79999989e-01,1.73365492e-02,2.51476914e-02,1.51571751e-01,2.75035725e+01
5.19999981e-01,1.67393982e-02,2.43023131e-02,1.50546640e-01,2.96437702e+01
5.60000002e-01,1.73150171e-02,2.52619926e-02,1.49206400e-01,3.25027275e+01
6.00000024e-01,1.66446660e-02,2.43548695e-02,1.47516444e-01,3.50292473e+01
6.41029537e-01,1.61287524e-02,2.36919168e-02,1.45632386e-01,3.83913078e+01
6.83115125e-01,1.50057273e-02,2.20882669e-02,1.43521875e-01,4.09629822e+01
7.26283848e-01,1.40920850e-02,2.08239462e-02,1.41366437e-01,4.45584869e+01
7.70563781e-01,1.30963400e-02,1.93636548e-02,1.39290303e-01,4.82003632e+01
8.15983355e-01,1.22710150e-02,1.81544814e-02,1.37469739e-01,5.30441551e+01
8.62571895e-01,1.12480707e-02,1.66532546e-02,1.36239424e-01,5.69187584e+01
9.10359621e-01,1.03830611e-02,1.53934900e-02,1.35867864e-01,6.23631744e+01
9.59377348e-01,9.54830088e-03,1.41874803e-02,1.36503935e-01,6.70216675e+01
1.00965667e+00,8.85598548e-03,1.31903384e-02,1.39702797e-01,7.28656998e+01
1.06123006e+00,8.24549980e-03,1.23162549e-02,1.43603846e-01,7.98782120e+01
1.11413085e+00,7.68496748e-03,1.15085347e-02,1.48901269e-01,8.78589172e+01
1.16839325e+00,7.23313726e-03,1.08595267e-02,1.55948594e-01,9.68576508e+01
1.22405231e+00,6.85970485e-03,1.03250146e-02,1.63964808e-01,1.07109291e+02
1.28114390e+00,6.71618385e-03,1.01235798e-02,1.73810512e-01,1.19545639e+02
1.33970511e+00,6.76041003e-03,1.01840254e-02,1.84387580e-01,1.32762512e+02
1.39977336e+00,2.07017188e+04,2.89843086e+04,1.94893398e+04,1.38879614e+03
1.46138775e+00,2.64660859e+04,3.70112266e+04,2.23741484e+04,1.51377417e+03
1.52458799e+00,1.63387988e+04,2.28442676e+04,1.39972715e+04,1.15425916e+03
1.58941495e+00,1.56182246e+04,2.18514258e+04,1.40244199e+04,1.40167480e+03
1.65591037e+00,1.56047812e+04,2.18386758e+04,1.42801855e+04,1.51624329e+03
1.72411728e+00,1.54677637e+04,2.16492910e+04,1.42531895e+04,1.56965747e+03
1.79407966e+00,1.48880098e+04,2.08383223e+04,1.37324707e+04,1.53202966e+03
1.86584306e+00,1.39770977e+04,1.95638008e+04,1.29059902e+04,1.49464160e+03
1.93945324e+00,1.32579941e+04,1.85591133e+04,1.23231592e+04,1.50976807e+03
2.01495814e+00,1.32580498e+04,1.85627656e+04,1.24921133e+04,1.63489270e+03
2.09240627e+00,1.41005508e+04,1.97465117e+04,1.34887334e+04,1.85955322e+03
2.17184782e+00,1.55006025e+04,2.17108125e+04,1.50276172e+04,2.16219189e+03
2.25333428e+00,1.72591875e+04,2.41770117e+04,1.69255742e+04,2.49560303e+03
2.33691788e+00,1.89318984e+04,2.65213320e+04,1.86595469e+04,2.73369287e+03
2.42265272e+00,1.98363398e+04,2.77873711e+04,1.95179727e+04,2.79923926e+03
2.51059437e+00,1.99324727e+04,2.79203672e+04,1.95286660e+04,2.75217529e+03
2.60079956e+00,1.95853125e+04,2.74319805e+04,1.90804590e+04,2.64632617e+03
2.69332647e+00,1.86265469e+04,2.60870352e+04,1.80336074e+04,2.45804980e+03
2.78823495e+00,1.73999492e+04,2.43674199e+04,1.67288906e+04,2.24834619e+03
2.88558602e+00,1.64115820e+04,2.29816055e+04,1.56641152e+04,2.09712061e+03
2.98544264e+00,1.56764004e+04,2.19517227e+04,1.49188477e+04,2.02690259e+03
3.08786964e+00,1.56075137e+04,2.18561914e+04,1.48744277e+04,2.07180615e+03
3.19293284e+00,1.62077129e+04,2.26977285e+04,1.54772822e+04,2.19171484e+03
3.30070019e+00,1.67013730e+04,2.33886777e+04,1.59267598e+04,2.27447900e+03
3.41124129e+00,1.68749121e+04,2.36311992e+04,1.60838203e+04,2.33094678e+03
3.52462745e+00,1.68298477e+04,2.35675469e+04,1.60259688e+04,2.36017041e+03
3.64093208e+00,1.64016016e+04,2.29674199e+04,1.56031641e+04,2.35757983e+03
3.76023054e+00,1.57031074e+04,2.19893418e+04,1.49428945e+04,2.33641284e+03
3.88259912e+00,1.47206064e+04,2.06143691e+04,1.40505254e+04,2.30426221e+03
4.00811720e+00,1.38690869e+04,1.94238477e+04,1.33293018e+04,2.28719556e+03
4.13686609e+00,1.36251738e+04,1.90833516e+04,1.31473066e+04,2.30610303e+03
4.26892853e+00,1.39178203e+04,1.94945938e+04,1.34948652e+04,2.40355347e+03
4.40439081e+00,1.45814199e+04,2.04259648e+04,1.42392793e+04,2.57687793e+03
4.54333878e+00,1.62360215e+04,2.27473242e+04,1.60432373e+04,2.91688843e+03
4.68586397e+00,1.94782812e+04,2.72917578e+04,1.93461719e+04,3.38426367e+03
4.83205652e+00,2.08394844e+04,2.91948984e+04,2.05470039e+04,3.49645557e+03
4.98201227e+00,2.09489316e+04,2.93462578e+04,2.06173223e+04,3.50578320e+03
5.13582754e+00,2.16210586e+04,3.02857617e+04,2.11949902e+04,3.53712451e+03
5.29360199e+00,2.15048906e+04,3.01202656e+04,2.09300234e+04,3.43521313e+03
5.45543718e+00,2.03849648e+04,2.85480938e+04,1.96383984e+04,3.19988696e+03
5.62143755e+00,1.83893184e+04,2.57500469e+04,1.75402012e+04,2.91680786e+03
5.79171038e+00,1.65536465e+04,2.31788711e+04,1.57324287e+04,2.73497461e+03
5.96636629e+00,1.59323027e+04,2.23082676e+04,1.50960645e+04,2.68052466e+03
6.14551687e+00,1.55902822e+04,2.18283203e+04,1.47232217e+04,2.66118506e+03
6.32927942e+00,1.50615264e+04,2.10892910e+04,1.42799590e+04,2.67897827e+03
6.51777077e+00,1.52723457e+04,2.13864746e+04,1.45558271e+04,2.76273975e+03
6.71111441e+00,1.60171602e+04,2.24293398e+04,1.52501318e+04,2.84660254e+03
6.90943432e+00,1.59186689e+04,2.22905312e+04,1.51268740e+04,2.85698633e+03
7.11285782e+00,1.52614131e+04,2.13704727e+04,1.45380137e+04,2.84718604e+03
7.32151794e+00,1.49920078e+04,2.09940195e+04,1.43348994e+04,2.87780933e+03
7.53554821e+00,1.49165215e+04,2.08884863e+04,1.42899297e+04,2.90772852e+03
7.75508738e+00,1.46507168e+04,2.05169961e+04,1.40888711e+04,2.92771509e+03
7.98027754e+00,1.48195898e+04,2.07549551e+04,1.43213164e+04,2.99865161e+03
8.21126270e+00,1.55998945e+04,2.18476367e+04,1.50686680e+04,3.10372656e+03
8.44819450e+00,1.61321572e+04,2.25918359e+04,1.55295811e+04,3.16488110e+03
8.69122219e+00,1.64263984e+04,2.30013301e+04,1.56903965e+04,3.16643896e+03
8.94050789e+00,1.63346465e+04,2.28686504e+04,1.54170254e+04,3.08859521e+03
9.19620800e+00,1.57439463e+04,2.20381367e+04,1.47104688e+04,2.99951367e+03
9.45849037e+00,1.45676270e+04,2.03898848e+04,1.35575586e+04,2.89379883e+03
9.72752285e+00,1.37006484e+04,1.91783672e+04,1.28574854e+04,2.89802588e+03
1.00034800e+01,1.38244863e+04,1.93539844e+04,1.31033701e+04,2.96559839e+03
1.02865391e+01,1.25903203e+04,1.76281836e+04,1.20950938e+04,2.90674365e+03
1.05768833e+01,1.15721143e+04,1.62061113e+04,1.13770605e+04,2.91478418e+03
1.08747025e+01,1.23893838e+04,1.73497852e+04,1.22226074e+04,3.05032227e+03
1.11801853e+01,1.23852041e+04,1.73440332e+04,1.23363906e+04,3.14061060e+03
1.14935322e+01,1.28491387e+04,1.79957793e+04,1.30304219e+04,3.28106567e+03
1.18149433e+01,1.40841094e+04,1.97247227e+04,1.44742773e+04,3.46201514e+03
1.21446266e+01,1.58172773e+04,2.21533262e+04,1.66501797e+04,3.71361621e+03
1.24827967e+01,1.77375059e+04,2.48418242e+04,1.90752578e+04,3.94649268e+03
1.28296700e+01,2.03465352e+04,2.84930859e+04,2.22715703e+04,4.22608789e+03
1.31854706e+01,2.14478008e+04,3.00301250e+04,2.42170938e+04,4.33710352e+03
1.35504293e+01,1.71086152e+04,2.39553672e+04,2.13538789e+04,3.98225488e+03
1.39247818e+01,1.54972500e+04,2.17020840e+04,2.13183750e+04,3.85444971e+03
1.43087692e+01,1.55448477e+04,2.17677305e+04,2.29364727e+04,3.77813232e+03
1.47026405e+01,1.33396133e+04,1.86856562e+04,2.30112422e+04,3.63685938e+03
1.51066484e+01,1.42979092e+04,2.00355234e+04,2.64175938e+04,3.84123682e+03
1.55210552e+01,1.87960312e+04,2.63374492e+04,3.30945391e+04,4.24800146e+03
1.59461288e+01,2.06502930e+04,2.89335762e+04,3.68444375e+04,4.22571582e+03
1.63821430e+01,1.63095361e+04,2.28784688e+04,3.47443672e+04,3.78093579e+03
1.68293781e+01,1.53412930e+04,2.15879844e+04,3.47934141e+04,3.72666333e+03
1.72881241e+01,1.91048145e+04,2.69615742e+04,3.75038203e+04,3.85452344e+03
1.77586803e+01,2.23331250e+04,3.15874590e+04,3.86234922e+04,3.83781641e+03
1.82413464e+01,2.63512188e+04,3.72802539e+04,3.96230859e+04,3.88793140e+03
1.87364349e+01,3.23498477e+04,4.57351094e+04,4.13960547e+04,4.11111084e+03
1.92442665e+01,3.58693125e+04,5.06457148e+04,3.99003359e+04,4.08705444e+03
1.97651691e+01,4.07652344e+04,5.74116406e+04,3.97787266e+04,4.20876123e+03
2.02994785e+01,4.66832031e+04,6.55364375e+04,4.00008906e+04,4.30754346e+03
2.08475418e+01,4.88155078e+04,6.83026875e+04,3.75102695e+04,4.36631689e+03
2.14097099e+01,5.06273125e+04,7.06366250e+04,3.77105625e+04,4.40603125e+03
2.19863453e+01,4.82021172e+04,6.71387422e+04,3.64398672e+04,4.21830469e+03
2.25778236e+01,4.39209141e+04,6.11360312e+04,3.42829219e+04,4.12495410e+03
2.31845264e+01,3.96424062e+04,5.51790039e+04,3.28754766e+04,4.13799365e+03
2.38068466e+01,3.87051406e+04,5.39566211e+04,3.45394375e+04,4.26654102e+03
2.44451809e+01,3.99337500e+04,5.57421914e+04,3.65336602e+04,4.25264648e+03
2.50999470e+01,4.06794219e+04,5.68075469e+04,3.70825156e+04,4.20941016e+03
2.57715645e+01,4.41287812e+04,6.16402734e+04,3.94633555e+04,4.20127051e+03
2.64604683e+01,4.55480273e+04,6.36255000e+04,3.93179297e+04,3.64398779e+03
2.71671047e+01,3.72602891e+04,5.20447188e+04,3.19863945e+04,3.42678589e+03
2.78919277e+01,3.71831133e+04,5.19637500e+04,3.26174863e+04,3.24989307e+03
2.86354065e+01,2.69055371e+04,3.75702031e+04,2.21795195e+04,1.69119519e+03
2.93980217e+01,1.91969043e+04,2.67942734e+04,1.54566387e+04,1.13122070e+03
3.01802654e+01,2.53734395e+04,3.54488281e+04,2.14628242e+04,1.70786768e+03
3.09826431e+01,2.98259062e+04,4.16946484e+04,2.63735117e+04,2.19378198e+03
3.18056717e+01,2.73275625e+04,3.81963750e+04,2.38994023e+04,1.55751965e+03
3.26498833e+01,1.57368145e+04,2.19723633e+04,1.26117100e+04,3.95176025e+02
3.35158234e+01,3.74205078e+03,5.21021094e+03,2.43702881e+03,6.77845764e+00
3.44040565e+01,3.85617279e+02,5.32508484e+02,1.56275085e+02,2.86416663e-03
3.53151436e+01,4.52087555e+01,6.08873672e+01,6.29988050e+00,4.27140272e-04
3.62496834e+01,1.21894808e+01,1.60985508e+01,7.43919909e-01,2.01581497e-04
3.72082787e+01,4.77213097e+00,6.22943926e+00,8.52705389e-02,4.49645813e-05
3.81915474e+01,1.35140824e+00,1.72799456e+00,7.22976634e-03,9.92117066e-07
3.92001228e+01,3.05370063e-01,3.78945321e-01,7.09164888e-04,9.90772548e-08
4.02346535e+01,7.94555023e-02,9.63735878e-02,2.43525592e-05,1.10310694e-08
4.12958107e+01,2.62558367e-02,3.17887738e-02,7.43643022e-06,4.55891502e-09
4.23842850e+01,5.78815164e-03,6.93539530e-03,1.49830566e-06,1.18486920e-09
4.35007744e+01,3.04829155e-04,3.46283079e-04,1.46169057e-07,5.64582651e-11
4.46459999e+01,2.97118349e-05,3.67974644e-05,1.96631582e-08,8.70893808e-12
4.58207016e+01,1.12399339e-05,1.34446782e-05,3.11677972e-09,2.58398337e-12
4.70256386e+01,4.98937958e-08,6.10948518e-08,9.64721775e-11,1.56899369e-14
4.82615852e+01,6.25887964e-08,7.43527551e-08,3.25748560e-11,1.73331096e-14
4.95293465e+01,5.54446400e-09,6.65091804e-09,1.65597766e-12,1.48844081e-15
5.08297386e+01,2.49169557e-11,3.01488071e-11,6.27154714e-14,2.06610857e-18
5.21635971e+01,6.53967765e-12,7.71040176e-12,4.03075578e-15,9.42654199e-19
5.35317917e+01,1.96781204e-14,2.33283055e-14,2.86412776e-18,1.01298678e-20
5.49351997e+01,1.27226604e-15,1.46168833e-15,1.28936199e-18,3.56786490e-22
5.63747253e+01,2.20041499e-18,3.41806994e-18,3.46773913e-19,4.25426888e-24
5.78513031e+01,1.06245249e-18,1.33298501e-18,2.84194626e-22,3.17265681e-25
5.93278885e+01,1.02367368e-19,1.22144281e-19,1.61043770e-22,3.11909420e-27
6.08044662e+01,5.48327042e-22,5.17892309e-22,1.07156117e-25,1.90464589e-28
6.22810478e+01,3.92226880e-23,4.31649983e-23,8.20727928e-26,4.65923944e-30
6.37576256e+01,2.09086622e-25,1.55690131e-25,1.45739657e-28,1.05628688e-31
6.52341995e+01,4.35868530e-27,5.77368914e-27,3.38927679e-29,4.30456554e-33
6.67107849e+01,2.44656466e-28,2.51423413e-28,3.81531941e-31,1.22363613e-34
6.81873703e+01,7.47492833e-30,1.23359228e-29,4.80951486e-32,6.00808622e-36
6.96639481e+01,3.26488924e-31,4.25718680e-31,1.00637726e-33,1.85761730e-37
7.11405258e+01,1.29311549e-32,1.93628869e-32,6.86952241e-35,1.02645113e-38
7.26171036e+01,5.70966534e-34,7.91687731e-34,2.27352797e-36,3.51725915e-40
7.40936813e+01,2.19564953e-35,3.06640444e-35,1.03055693e-37,8.40779079e-42
7.55702591e+01,7.88670237e-37,1.06646212e-36,3.37712930e-39,0.00000000e+00
7.70468445e+01,2.19751625e-38,2.87532432e-38,8.26766094e-41,0.00000000e+00
7.85234222e+01,4.40007718e-40,5.68927177e-40,0.00000000e+00,0.00000000e+00
8.00000000e+01,0.00000000e+00,0.00000000e+00,0.00000000e+00,0.00000000e+00
