Height (km), 7_8 um ash conc (g/kg), 15_6 um ash conc (g/kg), 125 um ash conc (g/kg), 1 mm ash conc (g/kg)
0.00000000e+00,0.00000000e+00,0.00000000e+00,0.00000000e+00,0.00000000e+00
3.99999991e-02,6.45914182e-12,1.60301963e-11,6.83266819e-02,3.88189173e+00
7.99999982e-02,1.82263482e-10,5.07059339e-10,7.24247396e-02,4.53305578e+00
1.19999997e-01,2.08306039e-09,7.07379666e-09,7.46283680e-02,4.81457567e+00
1.59999996e-01,1.85412894e-08,7.12434627e-08,7.76364952e-02,5.30557728e+00
2.00000003e-01,1.52050603e-07,6.70961981e-07,8.08694437e-02,5.55198669e+00
2.39999995e-01,6.39815028e-07,2.73405703e-06,9.02993679e-02,5.98407030e+00
2.80000001e-01,2.01912849e-06,7.74400269e-06,8.89465734e-02,6.23561859e+00
3.19999993e-01,4.38470261e-06,1.57302002e-05,9.69637781e-02,6.65069675e+00
3.60000014e-01,8.56652423e-06,2.90157914e-05,1.02896228e-01,6.96449280e+00
4.00000006e-01,1.35376140e-05,4.48441606e-05,1.21437103e-01,7.33955956e+00
4.39999998e-01,2.48020333e-05,8.08925033e-05,1.36176273e-01,7.63635063e+00
4.79999989e-01,3.54400181e-05,1.19638222e-04,1.78308204e-01,8.05148888e+00
5.19999981e-01,5.50399272e-05,1.91077153e-04,1.90934107e-01,8.33201313e+00
5.60000002e-01,1.07015214e-04,3.66290740e-04,2.28145972e-01,8.63615036e+00
6.00000024e-01,2.18283632e-04,7.37285707e-04,2.21089870e-01,8.97899246e+00
6.41029537e-01,4.92100371e-04,1.60787231e-03,2.26012453e-01,9.30509758e+00
6.83115125e-01,1.11421500e-03,3.38254962e-03,2.10559532e-01,9.63795757e+00
7.26283848e-01,3.44118383e-03,9.34155099e-03,2.04861835e-01,1.00634518e+01
7.70563781e-01,8.32102634e-03,1.99668203e-02,2.02888519e-01,1.04955502e+01
8.15983355e-01,2.46306360e-02,4.96493615e-02,1.99425146e-01,1.09941683e+01
8.62571895e-01,4.11805771e-02,7.43266344e-02,2.03732193e-01,1.17273073e+01
9.10359621e-01,6.00695238e-02,1.00668311e-01,2.23426268e-01,1.25468369e+01
9.59377348e-01,7.76349232e-02,1.25131905e-01,2.48712957e-01,1.31531143e+01
1.00965667e+00,9.72880498e-02,1.50060520e-01,2.75613070e-01,1.32007580e+01
1.06123006e+00,1.13603935e-01,1.66977614e-01,3.18177700e-01,1.47185745e+01
1.11413085e+00,1.16017625e-01,1.63615137e-01,3.57701957e-01,1.47640486e+01
1.16839325e+00,1.06898651e-01,1.47577226e-01,4.04986382e-01,1.61015625e+01
1.22405231e+00,9.56698507e-02,1.31466180e-01,4.59975183e-01,1.66185265e+01
1.28114390e+00,8.84016454e-02,1.21963613e-01,5.13715506e-01,1.88212547e+01
1.33970511e+00,8.83740410e-02,1.23068534e-01,5.97410142e-01,2.03955803e+01
1.39977336e+00,2.07155820e+04,2.90032305e+04,1.94689922e+04,1.24871204e+03
1.46138775e+00,2.60812734e+04,3.64698750e+04,2.18813906e+04,1.29620850e+03
1.52458799e+00,1.54200430e+04,2.15564258e+04,1.30558740e+04,9.06937622e+02
1.58941495e+00,1.36603184e+04,1.91086367e+04,1.21131074e+04,1.06757227e+03
1.65591037e+00,1.32731953e+04,1.85755312e+04,1.21714570e+04,1.25407837e+03
1.72411728e+00,1.41523730e+04,1.98145000e+04,1.33910215e+04,1.56386987e+03
1.79407966e+00,1.62061699e+04,2.26983008e+04,1.57450713e+04,1.98862549e+03
1.86584306e+00,1.90692070e+04,2.67142305e+04,1.88355000e+04,2.39590039e+03
1.93945324e+00,2.17546172e+04,3.04748398e+04,2.13871484e+04,2.53639404e+03
2.01495814e+00,2.24674980e+04,3.14646152e+04,2.16147422e+04,2.31812988e+03
2.09240627e+00,2.07532402e+04,2.90562129e+04,1.95725508e+04,1.93889819e+03
2.17184782e+00,1.80491855e+04,2.52654434e+04,1.67333359e+04,1.54977124e+03
2.25333428e+00,1.52843633e+04,2.13908730e+04,1.38938965e+04,1.22571777e+03
2.33691788e+00,1.27273223e+04,1.78102773e+04,1.14403105e+04,1.04558875e+03
2.42265272e+00,1.13004199e+04,1.58158428e+04,1.02552266e+04,1.02784546e+03
2.51059437e+00,1.12984639e+04,1.58176318e+04,1.04604092e+04,1.17707983e+03
2.60079956e+00,1.24985557e+04,1.75034277e+04,1.18682793e+04,1.49762354e+03
2.69332647e+00,1.44802285e+04,2.02828477e+04,1.39726357e+04,1.83467139e+03
2.78823495e+00,1.57840684e+04,2.21093848e+04,1.52741084e+04,2.05592871e+03
2.88558602e+00,1.71069219e+04,2.39651875e+04,1.67627910e+04,2.38258838e+03
2.98544264e+00,1.84178984e+04,2.58018535e+04,1.81179102e+04,2.64598584e+03
3.08786964e+00,1.89309004e+04,2.65218223e+04,1.87453848e+04,2.84309937e+03
3.19293284e+00,1.89132461e+04,2.64988125e+04,1.88627305e+04,2.88221362e+03
3.30070019e+00,1.85134375e+04,2.59403965e+04,1.85774727e+04,2.79538428e+03
3.41124129e+00,1.80201680e+04,2.52488359e+04,1.80348789e+04,2.57963989e+03
3.52462745e+00,1.75751328e+04,2.46227266e+04,1.74684297e+04,2.43121680e+03
3.64093208e+00,1.76661484e+04,2.47502109e+04,1.75543574e+04,2.38262769e+03
3.76023054e+00,1.81063340e+04,2.53666465e+04,1.79423047e+04,2.37739160e+03
3.88259912e+00,1.90572070e+04,2.66994219e+04,1.88492539e+04,2.45053271e+03
4.00811720e+00,2.21097812e+04,3.09749922e+04,2.17030645e+04,2.66343750e+03
4.13686609e+00,2.27127109e+04,3.18123633e+04,2.19524023e+04,2.57810767e+03
4.26892853e+00,2.13742773e+04,2.99344609e+04,2.05121328e+04,2.40910254e+03
4.40439081e+00,2.09199648e+04,2.92941055e+04,1.98574961e+04,2.28226880e+03
4.54333878e+00,1.96888008e+04,2.75663887e+04,1.84862617e+04,2.08418115e+03
4.68586397e+00,1.77424629e+04,2.48384883e+04,1.65054492e+04,1.83442651e+03
4.83205652e+00,1.55153672e+04,2.17193242e+04,1.43717783e+04,1.63231519e+03
4.98201227e+00,1.37198613e+04,1.92087598e+04,1.28417031e+04,1.55222070e+03
5.13582754e+00,1.34907930e+04,1.88915820e+04,1.27895098e+04,1.61849695e+03
5.29360199e+00,1.39828779e+04,1.95807520e+04,1.32937832e+04,1.70721924e+03
5.45543718e+00,1.38579453e+04,1.94088984e+04,1.33501523e+04,1.81769568e+03
5.62143755e+00,1.44822607e+04,2.02884258e+04,1.41821846e+04,2.00178113e+03
5.79171038e+00,1.60954795e+04,2.25481250e+04,1.57529346e+04,2.17194165e+03
5.96636629e+00,1.64960645e+04,2.31070039e+04,1.60749355e+04,2.19541284e+03
6.14551687e+00,1.59449258e+04,2.23348574e+04,1.55719395e+04,2.17851758e+03
6.32927942e+00,1.55004629e+04,2.17127031e+04,1.51864199e+04,2.14669067e+03
6.51777077e+00,1.53148613e+04,2.14535273e+04,1.50484512e+04,2.12198364e+03
6.71111441e+00,1.57548203e+04,2.20684258e+04,1.54139951e+04,2.08745923e+03
6.90943432e+00,1.57556104e+04,2.20659746e+04,1.52651650e+04,1.97942188e+03
7.11285782e+00,1.48902578e+04,2.08526406e+04,1.43657314e+04,1.83323865e+03
7.32151794e+00,1.44725273e+04,2.02678008e+04,1.39426230e+04,1.75755554e+03
7.53554821e+00,1.46032949e+04,2.04494785e+04,1.39820801e+04,1.72480884e+03
7.75508738e+00,1.45457832e+04,2.03679258e+04,1.38778584e+04,1.71923303e+03
7.98027754e+00,1.44413369e+04,2.02212012e+04,1.37503086e+04,1.71396167e+03
8.21126270e+00,1.44489189e+04,2.02308457e+04,1.37072344e+04,1.71435364e+03
8.44819450e+00,1.43307646e+04,2.00645586e+04,1.35663516e+04,1.71284924e+03
8.69122219e+00,1.36336758e+04,1.90878867e+04,1.29028281e+04,1.65997668e+03
8.94050789e+00,1.28920605e+04,1.80501250e+04,1.22525605e+04,1.62709143e+03
9.19620800e+00,1.30089102e+04,1.82146250e+04,1.24329180e+04,1.68474377e+03
9.45849037e+00,1.31924609e+04,1.84725293e+04,1.26800039e+04,1.75940234e+03
9.72752285e+00,1.32593877e+04,1.85673672e+04,1.28138818e+04,1.80624243e+03
1.00034800e+01,1.29743164e+04,1.81688906e+04,1.25837363e+04,1.79498059e+03
1.02865391e+01,1.17113105e+04,1.64013828e+04,1.14337803e+04,1.66719653e+03
1.05768833e+01,1.10570967e+04,1.54873135e+04,1.09111201e+04,1.62544958e+03
1.08747025e+01,1.24034121e+04,1.73743301e+04,1.22968945e+04,1.77851624e+03
1.11801853e+01,1.43364570e+04,2.00789688e+04,1.40923164e+04,1.89986841e+03
1.14935322e+01,1.36395703e+04,1.91000938e+04,1.33639141e+04,1.73938818e+03
1.18149433e+01,1.23899980e+04,1.73491367e+04,1.22150469e+04,1.58339880e+03
1.21446266e+01,1.26651279e+04,1.77327910e+04,1.25385703e+04,1.58868750e+03
1.24827967e+01,1.31616094e+04,1.84270469e+04,1.30836162e+04,1.61948132e+03
1.28296700e+01,1.30568018e+04,1.82821992e+04,1.31218809e+04,1.62797534e+03
1.31854706e+01,1.21006768e+04,1.69497285e+04,1.24719834e+04,1.57431311e+03
1.35504293e+01,1.14859570e+04,1.60981201e+04,1.21726309e+04,1.53581946e+03
1.39247818e+01,1.26212363e+04,1.76928867e+04,1.34511504e+04,1.60613550e+03
1.43087692e+01,1.38095859e+04,1.93567832e+04,1.47330430e+04,1.64742273e+03
1.47026405e+01,1.33093652e+04,1.86572148e+04,1.44764004e+04,1.52622400e+03
1.51066484e+01,1.11609316e+04,1.56519727e+04,1.27512197e+04,1.29758887e+03
1.55210552e+01,1.00543955e+04,1.41077393e+04,1.19160576e+04,1.18632971e+03
1.59461288e+01,1.01354287e+04,1.42229033e+04,1.19855205e+04,1.19952246e+03
1.63821430e+01,1.08847490e+04,1.52713633e+04,1.26759004e+04,1.26005090e+03
1.68293781e+01,1.21457422e+04,1.70361289e+04,1.37766865e+04,1.33417737e+03
1.72881241e+01,1.31675117e+04,1.84699004e+04,1.46765781e+04,1.42193323e+03
1.77586803e+01,1.39158086e+04,1.95251875e+04,1.53004580e+04,1.50125513e+03
1.82413464e+01,1.58103350e+04,2.21890176e+04,1.67062344e+04,1.57838562e+03
1.87364349e+01,1.68661719e+04,2.36882773e+04,1.70090488e+04,1.58936938e+03
1.92442665e+01,1.85579004e+04,2.60607852e+04,1.78880977e+04,1.75754907e+03
1.97651691e+01,2.31452695e+04,3.24715859e+04,2.16159023e+04,2.07355908e+03
2.02994785e+01,2.80671348e+04,3.93265977e+04,2.46077461e+04,2.23580420e+03
2.08475418e+01,2.97045684e+04,4.15586914e+04,2.40069551e+04,2.14569824e+03
2.14097099e+01,2.95023711e+04,4.12025664e+04,2.22652305e+04,2.06098047e+03
2.19863453e+01,2.69833301e+04,3.76342930e+04,2.02071348e+04,2.08912573e+03
2.25778236e+01,2.57728730e+04,3.59320469e+04,2.00359902e+04,2.19557031e+03
2.31845264e+01,2.57973516e+04,3.59684375e+04,2.12555820e+04,2.29972437e+03
2.38068466e+01,2.68068359e+04,3.74032734e+04,2.29469180e+04,2.23480420e+03
2.44451809e+01,2.96840645e+04,4.14423516e+04,2.53615508e+04,2.34539526e+03
2.50999470e+01,2.96928633e+04,4.14663086e+04,2.52891094e+04,2.05164453e+03
2.57715645e+01,2.88583066e+04,4.02982227e+04,2.40872207e+04,1.81570776e+03
2.64604683e+01,2.77833047e+04,3.88037500e+04,2.32849336e+04,1.96432617e+03
2.71671047e+01,2.91746855e+04,4.07757578e+04,2.53460723e+04,2.16064771e+03
2.78919277e+01,2.77399219e+04,3.87522344e+04,2.28829805e+04,1.61266492e+03
2.86354065e+01,1.41161084e+04,1.96881641e+04,1.03599141e+04,4.80836792e+02
2.93980217e+01,2.30649194e+03,3.20589038e+03,1.38653101e+03,2.71312103e+01
3.01802654e+01,3.54654602e+02,4.88466553e+02,1.15603394e+02,8.49228632e-03
3.09826431e+01,1.66336533e+02,2.27225143e+02,1.95723915e+01,3.60781047e-03
3.18056717e+01,1.41703873e+02,1.93145035e+02,3.35995102e+01,1.17145057e-04
3.26498833e+01,1.88810196e+02,2.59569061e+02,4.73241882e+01,1.38016185e-04
3.35158234e+01,6.65947571e+01,9.04575043e+01,4.55048656e+00,7.84436816e-06
3.44040565e+01,2.33523893e+00,3.00946426e+00,8.50365870e-03,5.00253191e-06
3.53151436e+01,5.39186001e-01,6.87065244e-01,6.73114788e-03,4.27559416e-06
3.62496834e+01,8.89251232e-02,1.10730730e-01,1.11646438e-03,1.67989992e-06
3.72082787e+01,1.46059459e-02,1.84150394e-02,3.33941134e-04,2.48786392e-07
3.81915474e+01,6.92998338e-03,9.12781991e-03,1.23808612e-04,3.62068633e-08
3.92001228e+01,5.54478494e-04,7.10056978e-04,1.74058880e-06,3.71818132e-09
4.02346535e+01,4.32676097e-05,5.46835290e-05,1.33607927e-07,8.64578298e-10
4.12958107e+01,2.21489699e-06,2.72715897e-06,4.59957050e-08,2.24699689e-10
4.23842850e+01,6.37418509e-08,7.91004737e-08,2.58671551e-09,4.05030566e-12
4.35007744e+01,1.15690624e-09,1.40810341e-09,2.30551533e-11,9.76183110e-14
4.46459999e+01,4.90923135e-11,6.13583351e-11,7.26098110e-13,1.40499314e-15
4.58207016e+01,1.02627943e-12,1.35683608e-12,1.04846797e-14,1.45766793e-17
4.70256386e+01,2.72254753e-14,3.54493554e-14,2.75873866e-16,7.00092221e-19
4.82615852e+01,1.15761968e-16,1.58710787e-16,6.42799407e-18,3.96509552e-21
4.95293465e+01,4.63153107e-18,5.69239931e-18,7.93774510e-19,1.08227778e-22
5.08297386e+01,1.49514509e-18,2.42227621e-18,2.97061460e-21,1.37369694e-24
5.21635971e+01,1.54931484e-21,3.17747659e-21,3.33439716e-22,3.62162190e-26
5.35317917e+01,4.88404410e-22,8.39359817e-22,1.95077433e-24,1.26597923e-27
5.49351997e+01,5.65211985e-25,9.91138351e-25,1.57231380e-25,2.58779473e-29
5.63747253e+01,1.38708593e-25,2.31300378e-25,1.76310528e-27,1.16576624e-30
5.78513031e+01,5.09071625e-28,8.72686428e-28,9.05148134e-29,1.44489018e-32
5.93278885e+01,5.76267851e-29,8.83765497e-29,2.21082915e-30,8.57660974e-34
6.08044662e+01,6.55463925e-31,1.11006831e-30,1.12611959e-31,1.56028752e-35
6.22810478e+01,4.67387045e-32,6.86224038e-32,3.16185021e-33,7.16982767e-37
6.37576256e+01,8.45109449e-34,1.22330740e-33,1.76042149e-34,1.58136532e-38
6.52341995e+01,4.75225504e-35,6.56791397e-35,4.51124656e-36,6.45998592e-40
6.67107849e+01,1.06481590e-36,1.30822983e-36,2.74559211e-37,2.80259693e-42
6.81873703e+01,7.04727011e-38,8.63059724e-38,9.27519454e-39,0.00000000e+00
6.96639481e+01,1.88334514e-39,1.98003473e-39,5.38098610e-40,0.00000000e+00
7.11405258e+01,9.24856986e-41,1.23314265e-40,0.00000000e+00,0.00000000e+00
7.26171036e+01,0.00000000e+00,0.00000000e+00,0.00000000e+00,0.00000000e+00
7.40936813e+01,0.00000000e+00,0.00000000e+00,0.00000000e+00,0.00000000e+00
7.55702591e+01,0.00000000e+00,0.00000000e+00,0.00000000e+00,0.00000000e+00
7.70468445e+01,0.00000000e+00,0.00000000e+00,0.00000000e+00,0.00000000e+00
7.85234222e+01,0.00000000e+00,0.00000000e+00,0.00000000e+00,0.00000000e+00
8.00000000e+01,0.00000000e+00,0.00000000e+00,0.00000000e+00,0.00000000e+00
