Height (km), 7_8 um ash conc (g/kg), 15_6 um ash conc (g/kg), 125 um ash conc (g/kg), 1 mm ash conc (g/kg)
0.00000000e+00,0.00000000e+00,0.00000000e+00,0.00000000e+00,0.00000000e+00
3.99999991e-02,2.55185092e-04,4.47243568e-04,1.12629123e-02,1.77144003e+00
7.99999982e-02,5.99954510e-04,1.03091192e-03,2.52566990e-02,1.83396327e+00
1.19999997e-01,1.04868738e-03,1.77482911e-03,4.18304503e-02,1.84318876e+00
1.59999996e-01,1.93637330e-03,3.21355835e-03,5.67647777e-02,1.88531280e+00
2.00000003e-01,3.87116941e-03,6.24626502e-03,6.81908578e-02,1.91336870e+00
2.39999995e-01,7.75441527e-03,1.20077822e-02,7.62939751e-02,1.95079875e+00
2.80000001e-01,1.29680298e-02,1.94061194e-02,8.28898698e-02,1.98832417e+00
3.19999993e-01,1.87087804e-02,2.73978449e-02,8.88270959e-02,2.02801800e+00
3.60000014e-01,2.34994963e-02,3.39699648e-02,9.36277211e-02,2.06953812e+00
4.00000006e-01,2.73981038e-02,3.94655764e-02,9.64805111e-02,2.11245847e+00
4.39999998e-01,3.14779356e-02,4.51213792e-02,9.75811332e-02,2.15670514e+00
4.79999989e-01,3.51901017e-02,5.02138287e-02,9.69731212e-02,2.20220709e+00
5.19999981e-01,3.81536596e-02,5.43686673e-02,9.51905623e-02,2.24885893e+00
5.60000002e-01,3.93510982e-02,5.58791384e-02,9.25487727e-02,2.29675102e+00
6.00000024e-01,4.04682793e-02,5.72596490e-02,8.98124948e-02,2.34628010e+00
6.41029537e-01,3.95774022e-02,5.58906496e-02,8.69379342e-02,2.39763212e+00
6.83115125e-01,3.86626050e-02,5.44576272e-02,8.43663812e-02,2.45151520e+00
7.26283848e-01,3.77072245e-02,5.29472455e-02,8.21421593e-02,2.50863743e+00
7.70563781e-01,3.61881144e-02,5.05887493e-02,8.02221149e-02,2.56749201e+00
8.15983355e-01,3.44737023e-02,4.79714014e-02,7.86919370e-02,2.63104582e+00
8.62571895e-01,3.22352834e-02,4.46700267e-02,7.76005834e-02,2.69821405e+00
9.10359621e-01,2.98343506e-02,4.12138663e-02,7.66753927e-02,2.76966619e+00
9.59377348e-01,2.77877487e-02,3.82958241e-02,7.63566494e-02,2.84483099e+00
1.00965667e+00,2.60734223e-02,3.58605199e-02,7.60438964e-02,2.92745018e+00
1.06123006e+00,2.44343504e-02,3.35740000e-02,7.60092884e-02,3.01754093e+00
1.11413085e+00,2.34128647e-02,3.21474709e-02,7.61617944e-02,3.11486936e+00
1.16839325e+00,2.31923293e-02,3.18195857e-02,7.68244490e-02,3.21981502e+00
1.22405231e+00,2.31142081e-02,3.17276232e-02,7.86694363e-02,3.33043051e+00
1.28114390e+00,2.58116126e-02,3.56041901e-02,8.53611678e-02,3.45971489e+00
1.33970511e+00,3.48950028e-02,4.84646894e-02,9.92339030e-02,3.60884547e+00
1.39977336e+00,2.01491680e+04,2.82254316e+04,1.99813848e+04,2.09203613e+03
1.46138775e+00,2.56062031e+04,3.58492188e+04,2.40761484e+04,1.99951685e+03
1.52458799e+00,1.55311846e+04,2.17416484e+04,1.46421094e+04,1.33223694e+03
1.58941495e+00,1.46887012e+04,2.05689492e+04,1.41705557e+04,1.49381030e+03
1.65591037e+00,1.46202061e+04,2.04760781e+04,1.42583164e+04,1.60855762e+03
1.72411728e+00,1.47251230e+04,2.06247734e+04,1.44510928e+04,1.69523157e+03
1.79407966e+00,1.47848916e+04,2.07095039e+04,1.45613027e+04,1.74841650e+03
1.86584306e+00,1.46550459e+04,2.05281680e+04,1.44607285e+04,1.76093579e+03
1.93945324e+00,1.43129385e+04,2.00493438e+04,1.41397656e+04,1.74230811e+03
2.01495814e+00,1.39407617e+04,1.95285430e+04,1.37960635e+04,1.72955420e+03
2.09240627e+00,1.38911094e+04,1.94599766e+04,1.37925508e+04,1.77469727e+03
2.17184782e+00,1.44482109e+04,2.02416758e+04,1.44069707e+04,1.90753528e+03
2.25333428e+00,1.55363701e+04,2.17672109e+04,1.55483076e+04,2.10841113e+03
2.33691788e+00,1.68545117e+04,2.36147402e+04,1.69185664e+04,2.33792334e+03
2.42265272e+00,1.81055723e+04,2.53677852e+04,1.82000820e+04,2.52674536e+03
2.51059437e+00,1.86243555e+04,2.60938711e+04,1.86922734e+04,2.56509277e+03
2.60079956e+00,1.80976230e+04,2.53551953e+04,1.81329570e+04,2.46741553e+03
2.69332647e+00,1.71974824e+04,2.40939219e+04,1.72160117e+04,2.32548730e+03
2.78823495e+00,1.61045273e+04,2.25620449e+04,1.60783691e+04,2.13499951e+03
2.88558602e+00,1.50430596e+04,2.10749688e+04,1.50092422e+04,1.99110950e+03
2.98544264e+00,1.52471406e+04,2.13616680e+04,1.52398359e+04,2.04512134e+03
3.08786964e+00,1.64597051e+04,2.30609238e+04,1.64639570e+04,2.21944653e+03
3.19293284e+00,1.72486367e+04,2.41656738e+04,1.72278066e+04,2.30978711e+03
3.30070019e+00,1.75495977e+04,2.45869961e+04,1.75236328e+04,2.35361621e+03
3.41124129e+00,1.77300293e+04,2.48393223e+04,1.76891602e+04,2.37155029e+03
3.52462745e+00,1.70761172e+04,2.39226719e+04,1.70141738e+04,2.28223364e+03
3.64093208e+00,1.58894521e+04,2.22609707e+04,1.58638105e+04,2.16874219e+03
3.76023054e+00,1.53003584e+04,2.14359766e+04,1.52844609e+04,2.09501831e+03
3.88259912e+00,1.39412559e+04,1.95315488e+04,1.39145371e+04,1.91294092e+03
4.00811720e+00,1.34063877e+04,1.87838086e+04,1.34523467e+04,1.91713550e+03
4.13686609e+00,1.55494541e+04,2.17877930e+04,1.56570410e+04,2.26403638e+03
4.26892853e+00,1.78302891e+04,2.49827930e+04,1.79180195e+04,2.55656641e+03
4.40439081e+00,1.81502246e+04,2.54300879e+04,1.82121172e+04,2.59311816e+03
4.54333878e+00,1.84746445e+04,2.58841387e+04,1.85257148e+04,2.64006494e+03
4.68586397e+00,1.83652090e+04,2.57297578e+04,1.83729961e+04,2.60115967e+03
4.83205652e+00,1.66114492e+04,2.32722617e+04,1.65981172e+04,2.36111621e+03
4.98201227e+00,1.50692930e+04,2.11128789e+04,1.50949434e+04,2.18607153e+03
5.13582754e+00,1.52024297e+04,2.12984961e+04,1.51793340e+04,2.14962451e+03
5.29360199e+00,1.41126758e+04,1.97709180e+04,1.40632793e+04,2.00255396e+03
5.45543718e+00,1.36931025e+04,1.91854277e+04,1.37431113e+04,2.04788428e+03
5.62143755e+00,1.60708398e+04,2.25176250e+04,1.61487734e+04,2.38091577e+03
5.79171038e+00,1.76844648e+04,2.47764062e+04,1.76792383e+04,2.52719214e+03
5.96636629e+00,1.67373203e+04,2.34487031e+04,1.67124961e+04,2.41311646e+03
6.14551687e+00,1.61665186e+04,2.26486836e+04,1.61332783e+04,2.35003345e+03
6.32927942e+00,1.51410586e+04,2.12112227e+04,1.50783721e+04,2.19464404e+03
6.51777077e+00,1.32998672e+04,1.86312539e+04,1.32223916e+04,1.93700903e+03
6.71111441e+00,1.17877656e+04,1.65133672e+04,1.17362637e+04,1.75916748e+03
6.90943432e+00,1.14335986e+04,1.60175557e+04,1.13969590e+04,1.72840369e+03
7.11285782e+00,1.14611689e+04,1.60558828e+04,1.14145322e+04,1.74356543e+03
7.32151794e+00,1.12923408e+04,1.58198555e+04,1.12722949e+04,1.77951953e+03
7.53554821e+00,1.16444414e+04,1.63144668e+04,1.16805273e+04,1.90911206e+03
7.75508738e+00,1.30330459e+04,1.82601230e+04,1.30749355e+04,2.12726953e+03
7.98027754e+00,1.38966904e+04,1.94689688e+04,1.38926240e+04,2.24827100e+03
8.21126270e+00,1.34520469e+04,1.88457969e+04,1.34431318e+04,2.24424414e+03
8.44819450e+00,1.29340566e+04,1.81196328e+04,1.29065449e+04,2.21217383e+03
8.69122219e+00,1.18057100e+04,1.65380020e+04,1.17423252e+04,2.08088770e+03
8.94050789e+00,9.89167578e+03,1.38568008e+04,9.84305469e+03,1.88492456e+03
9.19620800e+00,9.29518164e+03,1.30218438e+04,9.27599219e+03,1.86341089e+03
9.45849037e+00,1.00451934e+04,1.40720547e+04,1.00033789e+04,1.96883191e+03
9.72752285e+00,1.05676729e+04,1.48045068e+04,1.05554521e+04,2.08390283e+03
1.00034800e+01,1.24431777e+04,1.74324492e+04,1.24555898e+04,2.34841919e+03
1.02865391e+01,1.43034404e+04,2.00382832e+04,1.43024307e+04,2.56357227e+03
1.05768833e+01,1.39852734e+04,1.95928398e+04,1.40068574e+04,2.53801514e+03
1.08747025e+01,1.37377285e+04,1.92458867e+04,1.37639238e+04,2.52505542e+03
1.11801853e+01,1.27824980e+04,1.79068145e+04,1.27777979e+04,2.40672583e+03
1.14935322e+01,1.01203633e+04,1.41779326e+04,1.01473125e+04,2.15245459e+03
1.18149433e+01,8.49067578e+03,1.18965742e+04,8.59892969e+03,2.11461987e+03
1.21446266e+01,8.77291211e+03,1.22919922e+04,8.89430273e+03,2.30297876e+03
1.24827967e+01,9.36999512e+03,1.31275566e+04,9.47691797e+03,2.50150635e+03
1.28296700e+01,1.00616270e+04,1.40975137e+04,1.02649375e+04,2.75538379e+03
1.31854706e+01,1.20856348e+04,1.69345605e+04,1.24567363e+04,3.14317041e+03
1.35504293e+01,1.47563369e+04,2.06744219e+04,1.52354980e+04,3.46824854e+03
1.39247818e+01,1.65133086e+04,2.31388594e+04,1.75468828e+04,3.83757690e+03
1.43087692e+01,2.01157656e+04,2.81936953e+04,2.21875156e+04,4.41222461e+03
1.47026405e+01,2.23682754e+04,3.13503730e+04,2.53870938e+04,4.54512109e+03
1.51066484e+01,1.63545449e+04,2.29322695e+04,2.07906211e+04,3.73093799e+03
1.55210552e+01,8.78743555e+03,1.23627793e+04,1.58691064e+04,2.97460181e+03
1.59461288e+01,7.31532959e+03,1.03474590e+04,1.71833008e+04,2.83695264e+03
1.63821430e+01,9.98513574e+03,1.41360703e+04,2.11728203e+04,2.91978711e+03
1.68293781e+01,1.40694121e+04,1.98975898e+04,2.48800898e+04,3.08973584e+03
1.72881241e+01,1.90846953e+04,2.69487969e+04,2.87712930e+04,3.38679492e+03
1.77586803e+01,2.57815762e+04,3.62987266e+04,3.32309922e+04,3.69384668e+03
1.82413464e+01,3.12688789e+04,4.39442500e+04,3.66151367e+04,3.82334912e+03
1.87364349e+01,3.61843633e+04,5.08144180e+04,3.72484688e+04,3.91982861e+03
1.92442665e+01,3.97746250e+04,5.57495234e+04,3.64698516e+04,4.17577441e+03
1.97651691e+01,4.43908789e+04,6.21295195e+04,3.89176875e+04,4.75084473e+03
2.02994785e+01,4.72276523e+04,6.60572109e+04,4.06297734e+04,4.86739990e+03
2.08475418e+01,4.60039219e+04,6.42627734e+04,3.85351016e+04,4.75959229e+03
2.14097099e+01,4.83066250e+04,6.74584375e+04,4.21654102e+04,5.04946387e+03
2.19863453e+01,4.55082031e+04,6.35766055e+04,4.04231797e+04,4.50673730e+03
2.25778236e+01,3.81572500e+04,5.33295898e+04,3.44579727e+04,3.75456592e+03
2.31845264e+01,3.42968633e+04,4.79505430e+04,3.07411836e+04,3.10186621e+03
2.38068466e+01,3.12277051e+04,4.36774062e+04,2.84818984e+04,2.90901514e+03
2.44451809e+01,2.80409258e+04,3.92176016e+04,2.52463457e+04,2.29779785e+03
2.50999470e+01,2.53215020e+04,3.54169688e+04,2.28512227e+04,2.05827466e+03
2.57715645e+01,2.51013398e+04,3.51221094e+04,2.32526406e+04,2.41169531e+03
2.64604683e+01,2.54400469e+04,3.56018281e+04,2.37665059e+04,2.48732812e+03
2.71671047e+01,2.21514980e+04,3.09969219e+04,2.05380039e+04,2.37373682e+03
2.78919277e+01,2.10647461e+04,2.94853555e+04,2.00195508e+04,2.32631274e+03
2.86354065e+01,2.00987344e+04,2.81285391e+04,1.87270195e+04,1.43977698e+03
2.93980217e+01,1.58418320e+04,2.21612324e+04,1.42956816e+04,1.01274463e+03
3.01802654e+01,1.00816533e+04,1.40965498e+04,8.75478223e+03,3.60971619e+02
3.09826431e+01,2.32187598e+03,3.23940332e+03,1.69678821e+03,7.63043976e+00
3.18056717e+01,1.78965591e+02,2.47127777e+02,5.99475403e+01,7.34719336e-02
3.26498833e+01,5.25776443e+01,7.22470779e+01,1.49940739e+01,3.86554049e-03
3.35158234e+01,1.38572102e+01,1.89824810e+01,3.82683301e+00,2.42520310e-03
3.44040565e+01,6.92272091e+00,9.54836559e+00,2.74697518e+00,1.58800383e-03
3.53151436e+01,3.17976022e+00,4.38643169e+00,1.24910450e+00,7.16146547e-04
3.62496834e+01,1.00611293e+00,1.38767481e+00,3.84503365e-01,4.28535823e-05
3.72082787e+01,2.03628734e-01,2.80020207e-01,6.83348775e-02,6.10739505e-07
3.81915474e+01,2.29573883e-02,3.13567668e-02,5.38793253e-03,1.00066742e-07
3.92001228e+01,1.94483169e-03,2.58302270e-03,1.64308236e-04,9.86732740e-09
4.02346535e+01,4.09175933e-04,5.25374955e-04,3.69245367e-06,7.41633477e-10
4.12958107e+01,8.38976193e-05,1.07769767e-04,4.86324893e-07,6.57311913e-11
4.23842850e+01,5.44258955e-06,7.06662331e-06,8.18731465e-08,2.72112749e-11
4.35007744e+01,4.66107650e-08,6.10174311e-08,3.71015496e-10,3.30264855e-14
4.46459999e+01,1.12165042e-08,1.53297179e-08,1.97064837e-10,5.95181321e-14
4.58207016e+01,1.46708086e-08,1.89973210e-08,1.61591518e-10,6.50094263e-14
4.70256386e+01,1.55126710e-11,2.05223651e-11,2.86223763e-13,7.71227601e-17
4.82615852e+01,1.90329193e-11,2.47129157e-11,2.63857702e-13,4.57687702e-17
4.95293465e+01,3.93410619e-14,5.13563428e-14,7.06578579e-16,7.51178069e-19
5.08297386e+01,5.50444276e-15,7.00719864e-15,5.51339635e-17,5.00042603e-20
5.21635971e+01,3.77072102e-18,4.51533329e-18,6.44682339e-19,2.56324486e-22
5.35317917e+01,6.00528368e-19,6.09793722e-19,6.85548680e-20,5.13752567e-24
5.49351997e+01,4.00846620e-20,5.46567538e-20,1.03231411e-22,2.61782505e-26
5.63747253e+01,8.81210264e-23,1.07941579e-22,6.88593844e-24,4.52387944e-28
5.78513031e+01,5.59032079e-24,7.25921953e-24,1.64320389e-26,3.85234739e-30
5.93278885e+01,1.93391747e-26,2.50836845e-26,3.65588833e-28,4.91869389e-32
6.08044662e+01,2.72106866e-28,3.59284374e-28,2.11847573e-30,5.66367413e-34
6.22810478e+01,2.20495544e-30,2.83552785e-30,3.40296563e-32,9.71177089e-36
6.37576256e+01,4.66875147e-32,6.13651427e-32,4.80695548e-34,2.10267637e-37
6.52341995e+01,5.49117630e-34,7.17547879e-34,1.40592123e-35,6.51043267e-39
6.67107849e+01,1.63027148e-35,2.01970392e-35,5.35012974e-37,3.53127213e-40
6.81873703e+01,2.20588189e-37,3.39355252e-37,1.08754774e-38,0.00000000e+00
6.96639481e+01,1.08460501e-38,1.53526260e-38,9.12245300e-40,0.00000000e+00
7.11405258e+01,1.44333742e-40,3.26502542e-40,8.40779079e-42,0.00000000e+00
7.26171036e+01,1.40129846e-42,2.80259693e-42,0.00000000e+00,0.00000000e+00
7.40936813e+01,0.00000000e+00,0.00000000e+00,0.00000000e+00,0.00000000e+00
7.55702591e+01,0.00000000e+00,0.00000000e+00,0.00000000e+00,0.00000000e+00
7.70468445e+01,0.00000000e+00,0.00000000e+00,0.00000000e+00,0.00000000e+00
7.85234222e+01,0.00000000e+00,0.00000000e+00,0.00000000e+00,0.00000000e+00
8.00000000e+01,0.00000000e+00,0.00000000e+00,0.00000000e+00,0.00000000e+00
