Height (km), 7_8 um ash conc (g/kg), 15_6 um ash conc (g/kg), 125 um ash conc (g/kg), 1 mm ash conc (g/kg)
0.00000000e+00,0.00000000e+00,0.00000000e+00,0.00000000e+00,0.00000000e+00
3.99999991e-02,1.35547943e-16,1.69852155e-16,3.73073507e-13,2.40918694e+01
7.99999982e-02,1.59359561e-15,2.03101348e-15,7.89097780e-12,3.24380951e+01
1.19999997e-01,1.37628658e-14,1.75663334e-14,8.34196462e-11,3.86193466e+01
1.59999996e-01,1.06435002e-13,1.36624246e-13,7.04316661e-10,4.53326302e+01
2.00000003e-01,4.10320947e-13,5.43784256e-13,3.76781362e-09,4.84222565e+01
2.39999995e-01,1.96727335e-12,2.60311109e-12,1.14499903e-08,5.41563263e+01
2.80000001e-01,1.02293772e-11,1.38695990e-11,4.50302728e-08,5.73535347e+01
3.19999993e-01,6.32388655e-11,8.72988140e-11,1.55871390e-07,6.29018173e+01
3.60000014e-01,2.80987705e-10,3.96362998e-10,7.24382176e-07,6.61006165e+01
4.00000006e-01,1.68894687e-09,2.36218511e-09,5.67412826e-06,7.11899567e+01
4.39999998e-01,5.10329068e-09,7.31246663e-09,1.08555632e-05,7.39549561e+01
4.79999989e-01,2.09044888e-08,2.91927051e-08,1.55896232e-05,7.88397980e+01
5.19999981e-01,4.52257574e-08,6.46631761e-08,3.81468089e-05,8.16776886e+01
5.60000002e-01,1.34644452e-07,1.86484215e-07,5.45658113e-05,8.64125366e+01
6.00000024e-01,2.26750331e-07,3.22214817e-07,1.12105030e-04,8.94639587e+01
6.41029537e-01,5.25812311e-07,7.23809194e-07,1.80762640e-04,9.36279907e+01
6.83115125e-01,7.32480430e-07,1.03785271e-06,3.02013417e-04,9.65265656e+01
7.26283848e-01,1.15964508e-06,1.61598416e-06,4.56608599e-04,1.00284065e+02
7.70563781e-01,1.87411342e-06,2.62998083e-06,7.38138624e-04,1.03642471e+02
8.15983355e-01,3.46984825e-06,4.90487037e-06,1.04095379e-03,1.07000916e+02
8.62571895e-01,4.19989510e-06,6.26312521e-06,1.52949162e-03,1.10359879e+02
9.10359621e-01,7.05960792e-06,1.08337726e-05,2.13966193e-03,1.13617523e+02
9.59377348e-01,8.73671797e-06,1.34516413e-05,3.00530763e-03,1.16848503e+02
1.00965667e+00,1.26449841e-05,1.96503934e-05,4.16733325e-03,1.20230591e+02
1.06123006e+00,1.73511617e-05,2.72748148e-05,5.85985091e-03,1.23784035e+02
1.11413085e+00,2.19425092e-05,3.42413041e-05,8.36342201e-03,1.27413162e+02
1.16839325e+00,2.50133162e-05,3.82669969e-05,1.15043093e-02,1.31084747e+02
1.22405231e+00,2.73091136e-05,4.15442701e-05,1.59384664e-02,1.34915085e+02
1.28114390e+00,3.29895956e-05,5.10410609e-05,2.39302944e-02,1.38752411e+02
1.33970511e+00,4.15044706e-05,6.57573109e-05,3.42096910e-02,1.43101547e+02
1.39977336e+00,2.06645273e+04,2.89320020e+04,1.94418711e+04,1.41539185e+03
1.46138775e+00,2.58690977e+04,3.61770586e+04,2.18927852e+04,1.45826184e+03
1.52458799e+00,1.56610156e+04,2.18963828e+04,1.33808203e+04,1.06925525e+03
1.58941495e+00,1.45692676e+04,2.03823906e+04,1.30059072e+04,1.26096179e+03
1.65591037e+00,1.43315547e+04,2.00560566e+04,1.30780938e+04,1.38057471e+03
1.72411728e+00,1.43375820e+04,2.00684453e+04,1.32675850e+04,1.47795337e+03
1.79407966e+00,1.44214941e+04,2.01886484e+04,1.34749336e+04,1.55775635e+03
1.86584306e+00,1.45563164e+04,2.03794648e+04,1.36996211e+04,1.62790381e+03
1.93945324e+00,1.47310391e+04,2.06256797e+04,1.39403408e+04,1.69096558e+03
2.01495814e+00,1.49135752e+04,2.08824180e+04,1.41695039e+04,1.74410156e+03
2.09240627e+00,1.50807969e+04,2.11173828e+04,1.43680547e+04,1.78652795e+03
2.17184782e+00,1.52178730e+04,2.13098379e+04,1.45231836e+04,1.81751538e+03
2.25333428e+00,1.52765781e+04,2.13922617e+04,1.45903984e+04,1.83399707e+03
2.33691788e+00,1.52242881e+04,2.13190957e+04,1.45434229e+04,1.83627954e+03
2.42265272e+00,1.50775156e+04,2.11135801e+04,1.44029121e+04,1.82477637e+03
2.51059437e+00,1.48540195e+04,2.08005938e+04,1.41885684e+04,1.81254004e+03
2.60079956e+00,1.46092324e+04,2.04579492e+04,1.39591797e+04,1.79592590e+03
2.69332647e+00,1.44371396e+04,2.02173203e+04,1.38087061e+04,1.78983130e+03
2.78823495e+00,1.44087832e+04,2.01781055e+04,1.38043457e+04,1.80786597e+03
2.88558602e+00,1.45322979e+04,2.03516094e+04,1.39491875e+04,1.84410278e+03
2.98544264e+00,1.47475146e+04,2.06534551e+04,1.41811348e+04,1.88850378e+03
3.08786964e+00,1.49988340e+04,2.10057812e+04,1.44458984e+04,1.93395874e+03
3.19293284e+00,1.52421523e+04,2.13467949e+04,1.46983945e+04,1.98101807e+03
3.30070019e+00,1.54345781e+04,2.16164102e+04,1.48954043e+04,2.01326880e+03
3.41124129e+00,1.55589561e+04,2.17906094e+04,1.50214707e+04,2.03922681e+03
3.52462745e+00,1.56344629e+04,2.18963125e+04,1.50961299e+04,2.04641199e+03
3.64093208e+00,1.56768691e+04,2.19555977e+04,1.51340830e+04,2.06376221e+03
3.76023054e+00,1.56812910e+04,2.19616211e+04,1.51313848e+04,2.06502783e+03
3.88259912e+00,1.56423135e+04,2.19068184e+04,1.50840469e+04,2.06284839e+03
4.00811720e+00,1.55706934e+04,2.18062910e+04,1.50037539e+04,2.04992993e+03
4.13686609e+00,1.54666973e+04,2.16604316e+04,1.48921660e+04,2.04550635e+03
4.26892853e+00,1.53238896e+04,2.14602227e+04,1.47434668e+04,2.02769946e+03
4.40439081e+00,1.51605518e+04,2.12313301e+04,1.45769736e+04,2.02065088e+03
4.54333878e+00,1.50034531e+04,2.10112285e+04,1.44193604e+04,2.00713684e+03
4.68586397e+00,1.48697480e+04,2.08239355e+04,1.42871367e+04,2.00651465e+03
4.83205652e+00,1.47855527e+04,2.07060430e+04,1.42057285e+04,2.01984912e+03
4.98201227e+00,1.47727725e+04,2.06882188e+04,1.41969512e+04,2.03717847e+03
5.13582754e+00,1.48260498e+04,2.07629297e+04,1.42534180e+04,2.06468750e+03
5.29360199e+00,1.49238965e+04,2.09000449e+04,1.43537480e+04,2.08980591e+03
5.45543718e+00,1.50522539e+04,2.10799023e+04,1.44852031e+04,2.12562354e+03
5.62143755e+00,1.51855508e+04,2.12666289e+04,1.46196729e+04,2.14321045e+03
5.79171038e+00,1.53064365e+04,2.14359688e+04,1.47423232e+04,2.17273291e+03
5.96636629e+00,1.54103438e+04,2.15815098e+04,1.48477373e+04,2.19077612e+03
6.14551687e+00,1.54575615e+04,2.16475898e+04,1.48953750e+04,2.19415161e+03
6.32927942e+00,1.55316914e+04,2.17514219e+04,1.49710215e+04,2.20437988e+03
6.51777077e+00,1.56796777e+04,2.19585918e+04,1.51128047e+04,2.21315723e+03
6.71111441e+00,1.57664150e+04,2.20799453e+04,1.51938574e+04,2.22366504e+03
6.90943432e+00,1.59506250e+04,2.23379102e+04,1.53728164e+04,2.23831592e+03
7.11285782e+00,1.62820254e+04,2.28018164e+04,1.56841133e+04,2.27194727e+03
7.32151794e+00,1.64387207e+04,2.30209746e+04,1.58241191e+04,2.29087695e+03
7.53554821e+00,1.66086895e+04,2.32586445e+04,1.59728965e+04,2.31467749e+03
7.75508738e+00,1.67328301e+04,2.34320996e+04,1.60766865e+04,2.34183154e+03
7.98027754e+00,1.67652363e+04,2.34771621e+04,1.60947891e+04,2.36932422e+03
8.21126270e+00,1.65928438e+04,2.32352344e+04,1.59064307e+04,2.37988379e+03
8.44819450e+00,1.60583066e+04,2.24864004e+04,1.53787988e+04,2.37492627e+03
8.69122219e+00,1.56482246e+04,2.19122031e+04,1.49820205e+04,2.39859375e+03
8.94050789e+00,1.51562178e+04,2.12232305e+04,1.45048691e+04,2.43426392e+03
9.19620800e+00,1.45837012e+04,2.04219668e+04,1.39764629e+04,2.46966797e+03
9.45849037e+00,1.49656035e+04,2.09574160e+04,1.43796152e+04,2.63073486e+03
9.72752285e+00,1.57482715e+04,2.20539453e+04,1.51727715e+04,2.82378394e+03
1.00034800e+01,1.64266797e+04,2.30049570e+04,1.59085430e+04,3.00587622e+03
1.02865391e+01,1.75934688e+04,2.46386641e+04,1.70834141e+04,3.18539038e+03
1.05768833e+01,1.78627812e+04,2.50150352e+04,1.73717930e+04,3.23364258e+03
1.08747025e+01,1.74010430e+04,2.43684004e+04,1.69903164e+04,3.17685547e+03
1.11801853e+01,1.72284355e+04,2.41263809e+04,1.69205273e+04,3.13762305e+03
1.14935322e+01,1.72266172e+04,2.41241660e+04,1.71054707e+04,3.11975195e+03
1.18149433e+01,1.74162422e+04,2.43891719e+04,1.74705117e+04,3.11506226e+03
1.21446266e+01,1.69583398e+04,2.37469609e+04,1.72135293e+04,3.02695947e+03
1.24827967e+01,1.62308711e+04,2.27286211e+04,1.67768613e+04,2.95707153e+03
1.28296700e+01,1.62896523e+04,2.28109648e+04,1.71487383e+04,2.97732812e+03
1.31854706e+01,1.51747168e+04,2.12499727e+04,1.65129258e+04,2.88300610e+03
1.35504293e+01,1.50377090e+04,2.10609102e+04,1.69930645e+04,2.96432446e+03
1.39247818e+01,1.72240098e+04,2.41240820e+04,1.97368203e+04,3.23807178e+03
1.43087692e+01,1.71330059e+04,2.39987617e+04,2.06755293e+04,3.25500195e+03
1.47026405e+01,1.63420625e+04,2.28984199e+04,2.14263027e+04,3.32440259e+03
1.51066484e+01,1.90955664e+04,2.67646777e+04,2.56427227e+04,3.83299927e+03
1.55210552e+01,2.13698750e+04,2.99532656e+04,3.08806465e+04,4.33256445e+03
1.59461288e+01,2.21818926e+04,3.11129531e+04,3.57316953e+04,4.64815918e+03
1.63821430e+01,2.32066250e+04,3.25921289e+04,3.93304688e+04,4.81924609e+03
1.68293781e+01,2.36911191e+04,3.33153516e+04,4.08137969e+04,4.76615332e+03
1.72881241e+01,2.64599121e+04,3.72307539e+04,4.43694141e+04,4.86116162e+03
1.77586803e+01,3.00826719e+04,4.23894727e+04,4.81762266e+04,4.93855078e+03
1.82413464e+01,3.21163359e+04,4.53172031e+04,4.78805625e+04,4.74245898e+03
1.87364349e+01,3.71909219e+04,5.24521875e+04,5.02350234e+04,4.94176562e+03
1.92442665e+01,4.56037422e+04,6.42300547e+04,5.43336953e+04,5.22114648e+03
1.97651691e+01,4.97257656e+04,6.99777891e+04,5.33658750e+04,5.09465576e+03
2.02994785e+01,5.18601055e+04,7.29929531e+04,5.02844688e+04,4.93058691e+03
2.08475418e+01,5.66219609e+04,7.96004062e+04,4.79703086e+04,4.90135547e+03
2.14097099e+01,6.17392422e+04,8.65641562e+04,4.71697148e+04,4.77354004e+03
2.19863453e+01,6.28941406e+04,8.79210781e+04,4.54731094e+04,4.65632227e+03
2.25778236e+01,6.02226797e+04,8.39385781e+04,4.41767812e+04,4.66293701e+03
2.31845264e+01,5.93421250e+04,8.26192734e+04,4.55545938e+04,4.70619238e+03
2.38068466e+01,5.81242188e+04,8.09303125e+04,4.70761797e+04,4.79293604e+03
2.44451809e+01,5.53108438e+04,7.70858438e+04,4.70715312e+04,4.84962891e+03
2.50999470e+01,5.43728984e+04,7.58466562e+04,4.76856562e+04,4.97081543e+03
2.57715645e+01,5.71624609e+04,7.98354531e+04,5.13337891e+04,5.01207617e+03
2.64604683e+01,5.79716797e+04,8.10115312e+04,5.12123125e+04,4.43029785e+03
2.71671047e+01,4.63137695e+04,6.47238438e+04,4.07670469e+04,3.41359595e+03
2.78919277e+01,3.81278711e+04,5.32984375e+04,3.44166484e+04,2.86808325e+03
2.86354065e+01,2.85767070e+04,3.98814102e+04,2.18318223e+04,7.35229553e+02
2.93980217e+01,9.37184766e+03,1.29614824e+04,3.05266992e+03,1.64793549e+01
3.01802654e+01,2.06588452e+03,2.83018701e+03,4.38158356e+02,1.23751211e+00
3.09826431e+01,9.56364014e+02,1.31246448e+03,2.88735321e+02,3.92918028e-02
3.18056717e+01,1.55929248e+03,2.15363940e+03,5.98583313e+02,1.72275212e-02
3.26498833e+01,1.62913147e+03,2.24991235e+03,4.46102325e+02,1.14570735e-02
3.35158234e+01,9.83609985e+02,1.35276343e+03,2.21125702e+02,4.34182398e-03
3.44040565e+01,5.07680206e+02,6.96607178e+02,1.25142815e+02,2.39223009e-03
3.53151436e+01,4.71297760e+02,6.49574646e+02,1.70885773e+02,8.01438931e-04
3.62496834e+01,6.32748901e+02,8.73699280e+02,2.26273178e+02,1.46936020e-03
3.72082787e+01,6.77619141e+02,9.35332703e+02,1.96735840e+02,9.12129981e-05
3.81915474e+01,4.39017548e+02,6.01192871e+02,5.32752419e+01,1.34624934e-04
3.92001228e+01,7.59506989e+01,1.02243660e+02,4.09685946e+00,4.00685967e-05
4.02346535e+01,7.98867702e+00,1.08172464e+01,1.02224398e+00,1.59354731e-05
4.12958107e+01,9.11216068e+00,1.24680338e+01,1.51722872e+00,1.63070599e-05
4.23842850e+01,1.28749180e+01,1.75007935e+01,1.18295717e+00,6.01880993e-06
4.35007744e+01,2.52007222e+00,3.36144137e+00,2.31037457e-02,1.37282404e-06
4.46459999e+01,1.48880091e-02,1.94099136e-02,5.84023146e-05,2.44798812e-08
4.58207016e+01,1.34981947e-03,1.81131414e-03,1.69830615e-04,1.64464675e-09
4.70256386e+01,7.22679426e-04,9.17018333e-04,3.69793020e-06,2.15793119e-10
4.82615852e+01,8.00220641e-06,1.00274247e-05,7.28436511e-09,9.08666285e-12
4.95293465e+01,1.08916758e-07,1.40082250e-07,6.35841824e-10,7.83996145e-14
5.08297386e+01,3.93303479e-09,5.76951642e-09,7.45515357e-13,2.88738476e-15
5.21635971e+01,1.39478377e-11,1.47864412e-11,1.63903830e-13,2.73057085e-17
5.35317917e+01,7.13126877e-13,1.10746655e-12,6.53009410e-16,5.79060881e-18
5.49351997e+01,2.01239358e-15,1.79944526e-15,1.87838159e-17,7.24237258e-21
5.63747253e+01,4.69166719e-17,6.65957817e-17,1.37732965e-18,2.28559818e-21
5.78513031e+01,2.22161977e-18,2.29380534e-18,4.31735935e-21,2.20548627e-24
5.93278885e+01,1.70451390e-20,4.00055273e-20,9.53497413e-22,9.14366802e-25
6.08044662e+01,2.29807980e-21,2.47534808e-21,1.87233454e-24,1.11519606e-27
6.22810478e+01,1.47509101e-23,2.88117530e-23,5.00269307e-25,5.60821218e-28
6.37576256e+01,1.16460472e-24,1.35064199e-24,1.32177882e-27,1.22737456e-30
6.52341995e+01,1.81247464e-26,2.48625831e-26,2.35826583e-28,3.32712932e-31
6.67107849e+01,1.75885764e-27,2.04548898e-27,3.55042740e-30,4.52411923e-33
6.81873703e+01,4.01252157e-29,5.35667743e-29,4.25626051e-31,6.56895768e-34
6.96639481e+01,2.93068177e-30,3.45409893e-30,8.17375809e-33,1.25010423e-35
7.11405258e+01,6.96528716e-32,8.33212025e-32,5.22195733e-34,9.11994546e-37
7.26171036e+01,3.73427115e-33,4.33339637e-33,8.66785097e-36,1.57253714e-38
7.40936813e+01,7.58276451e-35,7.75668716e-35,4.17093685e-37,6.27781712e-40
7.55702591e+01,4.43042486e-36,4.55078568e-36,4.56122650e-39,0.00000000e+00
7.70468445e+01,4.56557053e-38,5.35576273e-38,1.17709071e-40,0.00000000e+00
7.85234222e+01,3.62235653e-39,3.17113842e-39,0.00000000e+00,0.00000000e+00
8.00000000e+01,9.16449196e-40,7.97338826e-40,0.00000000e+00,0.00000000e+00
