Height (km), 7_8 um ash conc (g/kg), 15_6 um ash conc (g/kg), 125 um ash conc (g/kg), 1 mm ash conc (g/kg)
0.00000000e+00,0.00000000e+00,0.00000000e+00,0.00000000e+00,0.00000000e+00
3.99999991e-02,1.35774799e-17,2.01864214e-17,4.03716152e-16,5.44072172e-05
7.99999982e-02,9.83403029e-13,1.45225455e-12,2.81364099e-11,9.25594755e-03
1.19999997e-01,4.68087895e-11,6.87341434e-11,1.42837275e-09,6.05382286e-02
1.59999996e-01,4.94737862e-10,7.21279758e-10,2.08517115e-08,1.61855131e-01
2.00000003e-01,3.13513215e-09,4.58065497e-09,3.65708303e-07,3.06297362e-01
2.39999995e-01,1.45189798e-08,2.14541540e-08,3.60558397e-06,4.83834475e-01
2.80000001e-01,5.80069326e-08,8.62913936e-08,1.46639395e-05,7.11717010e-01
3.19999993e-01,2.29267442e-07,3.43158860e-07,5.20376852e-05,9.73306239e-01
3.60000014e-01,6.68026246e-07,1.01125602e-06,1.33027788e-04,1.34820151e+00
4.00000006e-01,1.83061366e-06,2.78790822e-06,3.01820983e-04,1.68551588e+00
4.39999998e-01,4.21223149e-06,6.41437964e-06,6.28523587e-04,1.96116793e+00
4.79999989e-01,8.25336974e-06,1.25629977e-05,1.12877460e-03,2.25368524e+00
5.19999981e-01,1.62166471e-05,2.46216605e-05,1.96949393e-03,2.46639132e+00
5.60000002e-01,2.69406810e-05,4.08555788e-05,3.04310746e-03,2.64420652e+00
6.00000024e-01,4.98060035e-05,7.54001958e-05,5.08018723e-03,2.88566399e+00
6.41029537e-01,8.09131379e-05,1.22293073e-04,7.28601264e-03,2.97335029e+00
6.83115125e-01,1.15069728e-04,1.73625944e-04,9.39825084e-03,3.05356765e+00
7.26283848e-01,1.70512503e-04,2.56419153e-04,1.22018559e-02,3.10895658e+00
7.70563781e-01,2.24557312e-04,3.37053381e-04,1.44404722e-02,3.10528374e+00
8.15983355e-01,3.16456979e-04,4.72901884e-04,1.69929564e-02,3.08492327e+00
8.62571895e-01,3.86985048e-04,5.76309511e-04,1.87534392e-02,3.03897524e+00
9.10359621e-01,5.04160067e-04,7.46747828e-04,2.00087838e-02,2.96789551e+00
9.59377348e-01,5.83131390e-04,8.59549677e-04,2.03953590e-02,2.90426803e+00
1.00965667e+00,7.02455931e-04,1.03069167e-03,2.04117075e-02,2.83207536e+00
1.06123006e+00,8.85349698e-04,1.29198551e-03,2.01117024e-02,2.76939893e+00
1.11413085e+00,1.12419121e-03,1.63042091e-03,1.90966371e-02,2.71319294e+00
1.16839325e+00,1.40101940e-03,2.01798580e-03,1.73771903e-02,2.66812420e+00
1.22405231e+00,1.67297944e-03,2.39233533e-03,1.50145302e-02,2.62953949e+00
1.28114390e+00,2.05009221e-03,2.91183079e-03,1.25128543e-02,2.59915352e+00
1.33970511e+00,2.38026236e-03,3.35018476e-03,1.01571772e-02,2.57613420e+00
1.39977336e+00,2.02186641e+04,2.83232793e+04,2.00876328e+04,2.13369458e+03
1.46138775e+00,2.61318516e+04,3.65857500e+04,2.45996914e+04,2.06323682e+03
1.52458799e+00,1.59395508e+04,2.23136230e+04,1.50509219e+04,1.38367456e+03
1.58941495e+00,1.50867617e+04,2.11267246e+04,1.45833301e+04,1.55999036e+03
1.65591037e+00,1.49412383e+04,2.09260840e+04,1.46008770e+04,1.67137866e+03
1.72411728e+00,1.49786367e+04,2.09803711e+04,1.47349482e+04,1.75798535e+03
1.79407966e+00,1.50605039e+04,2.10963008e+04,1.48798330e+04,1.82565283e+03
1.86584306e+00,1.51369580e+04,2.12042734e+04,1.50008379e+04,1.87841553e+03
1.93945324e+00,1.52180859e+04,2.13185977e+04,1.51165400e+04,1.92394385e+03
2.01495814e+00,1.53292139e+04,2.14748223e+04,1.52555586e+04,1.96784399e+03
2.09240627e+00,1.54482080e+04,2.16419492e+04,1.53966582e+04,2.00757666e+03
2.17184782e+00,1.55746875e+04,2.18194844e+04,1.55410059e+04,2.04435010e+03
2.25333428e+00,1.57064531e+04,2.20043359e+04,1.56864180e+04,2.07755444e+03
2.33691788e+00,1.58076436e+04,2.21462500e+04,1.57963115e+04,2.10179883e+03
2.42265272e+00,1.58355059e+04,2.21853262e+04,1.58280205e+04,2.11183057e+03
2.51059437e+00,1.57572461e+04,2.20756641e+04,1.57503535e+04,2.10510645e+03
2.60079956e+00,1.55758633e+04,2.18215234e+04,1.55686553e+04,2.08408374e+03
2.69332647e+00,1.53213057e+04,2.14648945e+04,1.53143291e+04,2.05383252e+03
2.78823495e+00,1.50418545e+04,2.10734531e+04,1.50373398e+04,2.02271484e+03
2.88558602e+00,1.48420488e+04,2.07937227e+04,1.48459268e+04,2.00847534e+03
2.98544264e+00,1.48426162e+04,2.07948301e+04,1.48612725e+04,2.02690320e+03
3.08786964e+00,1.50514141e+04,2.10876953e+04,1.50876348e+04,2.07556714e+03
3.19293284e+00,1.54075586e+04,2.15869648e+04,1.54617783e+04,2.14438062e+03
3.30070019e+00,1.58390654e+04,2.21917461e+04,1.59089150e+04,2.22087207e+03
3.41124129e+00,1.62463574e+04,2.27624805e+04,1.63270781e+04,2.28994922e+03
3.52462745e+00,1.65649062e+04,2.32087793e+04,1.66508789e+04,2.34224072e+03
3.64093208e+00,1.67568496e+04,2.34775898e+04,1.68413320e+04,2.37268359e+03
3.76023054e+00,1.68088086e+04,2.35501953e+04,1.68861719e+04,2.38183813e+03
3.88259912e+00,1.67456836e+04,2.34615254e+04,1.68119316e+04,2.37618921e+03
4.00811720e+00,1.65798984e+04,2.32290039e+04,1.66324648e+04,2.36109375e+03
4.13686609e+00,1.63737402e+04,2.29399609e+04,1.64138555e+04,2.34841382e+03
4.26892853e+00,1.61780654e+04,2.26656484e+04,1.62071152e+04,2.34877173e+03
4.40439081e+00,1.59639414e+04,2.23654980e+04,1.59826406e+04,2.36074316e+03
4.54333878e+00,1.57246895e+04,2.20301914e+04,1.57357520e+04,2.38404541e+03
4.68586397e+00,1.54721758e+04,2.16763359e+04,1.54770859e+04,2.42527100e+03
4.83205652e+00,1.51924922e+04,2.12844609e+04,1.51936797e+04,2.47220142e+03
4.98201227e+00,1.49871309e+04,2.09968125e+04,1.49899795e+04,2.54134082e+03
5.13582754e+00,1.49635762e+04,2.09639258e+04,1.49714160e+04,2.63510791e+03
5.29360199e+00,1.51044551e+04,2.11614570e+04,1.51206914e+04,2.73284619e+03
5.45543718e+00,1.54549785e+04,2.16527109e+04,1.54821689e+04,2.84661548e+03
5.62143755e+00,1.59391602e+04,2.23311582e+04,1.59752812e+04,2.95014111e+03
5.79171038e+00,1.63812979e+04,2.29506270e+04,1.64241836e+04,3.03254004e+03
5.96636629e+00,1.67367734e+04,2.34486484e+04,1.67841973e+04,3.08758618e+03
6.14551687e+00,1.69229629e+04,2.37094219e+04,1.69699883e+04,3.11541553e+03
6.32927942e+00,1.68789844e+04,2.36476973e+04,1.69222539e+04,3.08583569e+03
6.51777077e+00,1.67299766e+04,2.34388809e+04,1.67699570e+04,3.05003271e+03
6.71111441e+00,1.65607969e+04,2.32018301e+04,1.65972480e+04,3.01609619e+03
6.90943432e+00,1.64683398e+04,2.30721914e+04,1.64973789e+04,3.01694287e+03
7.11285782e+00,1.64796016e+04,2.30878320e+04,1.64999648e+04,3.05725928e+03
7.32151794e+00,1.65643574e+04,2.32065410e+04,1.65812695e+04,3.13151611e+03
7.53554821e+00,1.66812812e+04,2.33703125e+04,1.66950059e+04,3.20633521e+03
7.75508738e+00,1.67645000e+04,2.34867324e+04,1.67693145e+04,3.26576807e+03
7.98027754e+00,1.66551406e+04,2.33333223e+04,1.66509297e+04,3.28673877e+03
8.21126270e+00,1.63500879e+04,2.29058008e+04,1.63398057e+04,3.31044800e+03
8.44819450e+00,1.60406748e+04,2.24722656e+04,1.60299902e+04,3.34059326e+03
8.69122219e+00,1.58259912e+04,2.21715684e+04,1.58213262e+04,3.38490771e+03
8.94050789e+00,1.56895195e+04,2.19805352e+04,1.56939414e+04,3.42301367e+03
9.19620800e+00,1.56468047e+04,2.19209277e+04,1.56628398e+04,3.46320654e+03
9.45849037e+00,1.57995840e+04,2.21352539e+04,1.58313848e+04,3.51559619e+03
9.72752285e+00,1.62443545e+04,2.27586680e+04,1.62958926e+04,3.60667188e+03
1.00034800e+01,1.68092012e+04,2.35501738e+04,1.68727188e+04,3.72378760e+03
1.02865391e+01,1.72574707e+04,2.41784863e+04,1.73403145e+04,3.84272900e+03
1.05768833e+01,1.79675547e+04,2.51735312e+04,1.80658047e+04,4.01337109e+03
1.08747025e+01,1.85315391e+04,2.59632676e+04,1.86068965e+04,4.13880859e+03
1.11801853e+01,1.83108848e+04,2.56539219e+04,1.83752070e+04,4.18053223e+03
1.14935322e+01,1.86626875e+04,2.61468789e+04,1.87367188e+04,4.28557617e+03
1.18149433e+01,1.95594727e+04,2.74025898e+04,1.96018594e+04,4.39467188e+03
1.21446266e+01,1.92780098e+04,2.70079688e+04,1.92975332e+04,4.33348828e+03
1.24827967e+01,1.94675234e+04,2.72734141e+04,1.95110117e+04,4.35659619e+03
1.28296700e+01,2.00523164e+04,2.80917578e+04,2.01111133e+04,4.40667285e+03
1.31854706e+01,1.90398047e+04,2.66734004e+04,1.91723516e+04,4.36566309e+03
1.35504293e+01,1.92109609e+04,2.69134883e+04,1.94708008e+04,4.52398730e+03
1.39247818e+01,1.90127402e+04,2.66367578e+04,1.95022891e+04,4.69960938e+03
1.43087692e+01,1.80088027e+04,2.52334082e+04,1.88181504e+04,4.85242969e+03
1.47026405e+01,1.76560020e+04,2.47426641e+04,1.88661992e+04,5.08566602e+03
1.51066484e+01,1.84283027e+04,2.58272637e+04,2.01568340e+04,5.47482275e+03
1.55210552e+01,1.92870703e+04,2.70324902e+04,2.16310117e+04,5.76337695e+03
1.59461288e+01,1.81755898e+04,2.54868770e+04,2.13656992e+04,5.80855859e+03
1.63821430e+01,2.07190508e+04,2.90656582e+04,2.45530293e+04,6.28131836e+03
1.68293781e+01,2.55374629e+04,3.58257461e+04,2.99110898e+04,6.79428711e+03
1.72881241e+01,2.73718262e+04,3.84137695e+04,3.21628848e+04,6.92724219e+03
1.77586803e+01,3.28766602e+04,4.61398594e+04,3.80179844e+04,7.45051953e+03
1.82413464e+01,3.46229336e+04,4.85916016e+04,4.06724922e+04,7.58996094e+03
1.87364349e+01,3.18564199e+04,4.47125742e+04,3.84861797e+04,7.10436133e+03
1.92442665e+01,3.27134102e+04,4.59103398e+04,4.00927695e+04,6.92237402e+03
1.97651691e+01,3.69570312e+04,5.18693945e+04,4.50158008e+04,7.19053418e+03
2.02994785e+01,4.32945352e+04,6.07598984e+04,5.16744336e+04,7.52455762e+03
2.08475418e+01,4.21892578e+04,5.92472500e+04,5.12968398e+04,7.07682080e+03
2.14097099e+01,4.43505430e+04,6.22671328e+04,5.27083828e+04,6.37825098e+03
2.19863453e+01,4.83600703e+04,6.78753750e+04,5.56048047e+04,5.94607373e+03
2.25778236e+01,4.75694609e+04,6.67577812e+04,5.21267188e+04,5.42007275e+03
2.31845264e+01,4.92312305e+04,6.90570391e+04,5.03000820e+04,5.27352686e+03
2.38068466e+01,5.26949102e+04,7.38752422e+04,5.00132500e+04,5.42043652e+03
2.44451809e+01,5.64518516e+04,7.90338750e+04,4.98181484e+04,5.33802246e+03
2.50999470e+01,5.60882930e+04,7.84028125e+04,4.68820703e+04,5.23636670e+03
2.57715645e+01,5.54668672e+04,7.74975469e+04,4.67265039e+04,5.96129199e+03
2.64604683e+01,5.69223867e+04,7.95940938e+04,5.07386797e+04,6.14708008e+03
2.71671047e+01,5.65962031e+04,7.91473438e+04,5.02284141e+04,5.90292676e+03
2.78919277e+01,5.33939844e+04,7.46501562e+04,4.72599961e+04,5.86597803e+03
2.86354065e+01,5.39276133e+04,7.54382188e+04,4.96948516e+04,5.87097656e+03
2.93980217e+01,5.57555312e+04,7.80107969e+04,5.13615547e+04,5.55225195e+03
3.01802654e+01,5.54276094e+04,7.75334609e+04,5.00664062e+04,4.58780908e+03
3.09826431e+01,4.77950391e+04,6.68189922e+04,4.11929062e+04,2.47423096e+03
3.18056717e+01,3.70103047e+04,5.16663516e+04,2.88370527e+04,9.02615601e+02
3.26498833e+01,3.01768984e+04,4.21206172e+04,2.35525801e+04,4.52831482e+02
3.35158234e+01,1.97775078e+04,2.75814766e+04,1.46163828e+04,1.87044678e+02
3.44040565e+01,1.89801719e+04,2.64968164e+04,1.47816309e+04,1.57265442e+02
3.53151436e+01,1.17021562e+04,1.63187158e+04,7.68039844e+03,3.54169655e+01
3.62496834e+01,8.09012744e+03,1.12671250e+04,4.78803564e+03,2.77722855e+01
3.72082787e+01,6.19587891e+03,8.60173047e+03,3.13410938e+03,7.83745766e+00
3.81915474e+01,5.66065967e+03,7.85735645e+03,3.02508032e+03,6.78653812e+00
3.92001228e+01,3.12358252e+03,4.32929541e+03,1.61350806e+03,1.38668036e+00
4.02346535e+01,1.09728235e+03,1.51704980e+03,5.08034821e+02,2.15767577e-01
4.12958107e+01,8.04260681e+02,1.11422534e+03,3.70415405e+02,5.21357954e-01
4.23842850e+01,5.97573059e+02,8.28209473e+02,2.32595718e+02,8.83853137e-02
4.35007744e+01,7.15356934e+02,9.90598022e+02,2.54484680e+02,1.28511165e-04
4.46459999e+01,7.84843079e+02,1.08151245e+03,1.83522308e+02,9.21505125e-05
4.58207016e+01,2.15019562e+02,2.93873718e+02,3.49906578e+01,2.68400781e-05
4.70256386e+01,7.43512650e+01,1.02314659e+02,2.87256775e+01,2.76710307e-05
4.82615852e+01,6.04158401e+01,8.32775269e+01,1.69953403e+01,1.50939541e-05
4.95293465e+01,1.00847664e+01,1.37074947e+01,9.16947186e-01,1.37255574e-06
5.08297386e+01,2.66109252e+00,3.60640502e+00,2.44586915e-01,2.76616845e-07
5.21635971e+01,7.79625833e-01,1.05138302e+00,6.08696826e-02,6.77932661e-08
5.35317917e+01,3.03745903e-02,4.06005457e-02,1.41143717e-03,9.35841538e-09
5.49351997e+01,1.99065637e-03,2.65302369e-03,9.29280359e-05,8.15643275e-10
5.63747253e+01,2.94025580e-04,3.67928063e-04,3.18734874e-06,3.58173977e-11
5.78513031e+01,8.70097438e-07,1.09349287e-06,3.79027263e-08,4.69018704e-13
5.93278885e+01,4.37793659e-07,5.24026007e-07,2.18880447e-09,6.54161445e-14
6.08044662e+01,1.28854483e-09,1.51305257e-09,2.69527248e-11,4.64532032e-16
6.22810478e+01,3.55529162e-10,4.13144852e-10,2.15613942e-12,1.13371151e-16
6.37576256e+01,1.43241246e-12,1.76139311e-12,2.21136535e-14,8.60754271e-19
6.52341995e+01,3.37527559e-13,3.85757317e-13,9.41957812e-16,1.50016507e-19
6.67107849e+01,1.62542912e-15,2.19660737e-15,2.62866484e-16,1.55206598e-21
6.81873703e+01,2.87148272e-16,3.08337278e-16,1.25850329e-18,1.65677703e-22
6.96639481e+01,2.54142574e-17,3.11458051e-17,3.54035551e-19,3.19833083e-24
7.11405258e+01,9.75829932e-19,1.11436873e-18,9.34172386e-21,4.01498523e-25
7.26171036e+01,6.85897259e-20,8.06218628e-20,1.21540822e-21,1.56421950e-26
7.40936813e+01,3.30896903e-21,3.78748918e-21,4.71704111e-23,1.01560362e-27
7.55702591e+01,1.44530576e-22,1.67335902e-22,2.48695816e-24,4.28238407e-29
7.70468445e+01,5.64456010e-24,6.54259462e-24,9.63481553e-26,1.71238663e-30
7.85234222e+01,1.60295661e-25,1.85464293e-25,2.76919452e-27,4.96015946e-32
8.00000000e+01,4.59353782e-27,5.24431956e-27,9.58736352e-29,1.71931661e-33
