Height (km), 7_8 um ash conc (g/kg), 15_6 um ash conc (g/kg), 125 um ash conc (g/kg), 1 mm ash conc (g/kg)
0.00000000e+00,0.00000000e+00,0.00000000e+00,0.00000000e+00,0.00000000e+00
3.99999991e-02,9.74622817e-05,1.37057054e-04,6.11806399e-06,6.06461801e-03
7.99999982e-02,1.13026515e-04,1.57377101e-04,7.78189769e-06,2.26281490e-02
1.19999997e-01,1.01848236e-04,1.39813390e-04,9.57362408e-06,6.18752427e-02
1.59999996e-01,9.16094941e-05,1.23739228e-04,1.06492444e-05,1.45089284e-01
2.00000003e-01,8.13557417e-05,1.09186170e-04,1.48178460e-05,1.92842945e-01
2.39999995e-01,7.56448790e-05,1.00754318e-04,1.51864870e-05,3.32758874e-01
2.80000001e-01,8.10342826e-05,1.09672153e-04,2.41977104e-05,4.25271094e-01
3.19999993e-01,8.49134449e-05,1.15293151e-04,2.53824328e-05,6.20641351e-01
3.60000014e-01,1.06972504e-04,1.47828512e-04,4.03989907e-05,7.43723750e-01
4.00000006e-01,1.28726635e-04,1.78435090e-04,4.66061065e-05,9.96157229e-01
4.39999998e-01,1.44698264e-04,2.01575487e-04,5.77301907e-05,1.13710165e+00
4.79999989e-01,2.00019815e-04,2.80330714e-04,8.25728130e-05,1.41885984e+00
5.19999981e-01,2.04910233e-04,2.87295610e-04,9.00643208e-05,1.58419764e+00
5.60000002e-01,2.79523403e-04,3.93988827e-04,1.24254439e-04,1.86862111e+00
6.00000024e-01,2.79910397e-04,3.94497736e-04,1.19510194e-04,2.05533338e+00
6.41029537e-01,3.52546456e-04,4.98005538e-04,1.54541180e-04,2.34277201e+00
6.83115125e-01,3.34567798e-04,4.72168787e-04,1.46531922e-04,2.55790758e+00
7.26283848e-01,3.60533391e-04,5.09406265e-04,1.62219789e-04,2.83154321e+00
7.70563781e-01,3.80392681e-04,5.38232853e-04,1.75495734e-04,3.13568592e+00
8.15983355e-01,4.33036650e-04,6.13816199e-04,2.05225428e-04,3.51828313e+00
8.62571895e-01,4.31276625e-04,6.11540512e-04,2.19405250e-04,3.85175419e+00
9.10359621e-01,4.85858880e-04,6.88938249e-04,2.88747658e-04,4.31669140e+00
9.59377348e-01,5.27102384e-04,7.47313257e-04,3.89056222e-04,4.76719427e+00
1.00965667e+00,6.35621371e-04,9.00517451e-04,6.24684966e-04,5.32303095e+00
1.06123006e+00,9.04549728e-04,1.27790868e-03,1.15728076e-03,5.96113777e+00
1.11413085e+00,1.53247104e-03,2.15625716e-03,1.99680682e-03,6.63714314e+00
1.16839325e+00,2.59626471e-03,3.64199630e-03,2.93968944e-03,7.35615492e+00
1.22405231e+00,4.04571928e-03,5.65893203e-03,4.08124831e-03,8.12415314e+00
1.28114390e+00,6.48142304e-03,9.06655937e-03,6.09039981e-03,8.95173931e+00
1.33970511e+00,8.17679707e-03,1.14031266e-02,6.94916025e-03,9.81669807e+00
1.39977336e+00,2.01971387e+04,2.82929883e+04,2.00593887e+04,2.14959448e+03
1.46138775e+00,2.59973730e+04,3.63977656e+04,2.45134219e+04,2.09517139e+03
1.52458799e+00,1.61469297e+04,2.26046875e+04,1.52763652e+04,1.43290027e+03
1.58941495e+00,1.53399297e+04,2.14817305e+04,1.48483896e+04,1.62012830e+03
1.65591037e+00,1.52396602e+04,2.13445234e+04,1.49128096e+04,1.74220740e+03
1.72411728e+00,1.53171035e+04,2.14549570e+04,1.50890449e+04,1.84013123e+03
1.79407966e+00,1.54386807e+04,2.16266113e+04,1.52787402e+04,1.92118652e+03
1.86584306e+00,1.55989707e+04,2.18522188e+04,1.54925352e+04,1.99632617e+03
1.93945324e+00,1.58349902e+04,2.21837812e+04,1.57747441e+04,2.07551440e+03
2.01495814e+00,1.61994072e+04,2.26951230e+04,1.61808350e+04,2.16735547e+03
2.09240627e+00,1.66630664e+04,2.33453398e+04,1.66792988e+04,2.26468652e+03
2.17184782e+00,1.71211797e+04,2.39875449e+04,1.71610527e+04,2.34894043e+03
2.25333428e+00,1.74691113e+04,2.44751055e+04,1.75184473e+04,2.40394946e+03
2.33691788e+00,1.76152656e+04,2.46797227e+04,1.76603320e+04,2.41944580e+03
2.42265272e+00,1.75309336e+04,2.45612832e+04,1.75631348e+04,2.39682129e+03
2.51059437e+00,1.72368848e+04,2.41489727e+04,1.72511484e+04,2.34237524e+03
2.60079956e+00,1.67924980e+04,2.35260547e+04,1.67884805e+04,2.26990967e+03
2.69332647e+00,1.63003711e+04,2.28363867e+04,1.62842520e+04,2.19854004e+03
2.78823495e+00,1.58512109e+04,2.22070547e+04,1.58296836e+04,2.13947070e+03
2.88558602e+00,1.55150732e+04,2.17362070e+04,1.54952852e+04,2.10356201e+03
2.98544264e+00,1.53500000e+04,2.15051719e+04,1.53408721e+04,2.09921069e+03
3.08786964e+00,1.53156406e+04,2.14572832e+04,1.53188418e+04,2.11317358e+03
3.19293284e+00,1.53385693e+04,2.14896660e+04,1.53562891e+04,2.13805371e+03
3.30070019e+00,1.54594824e+04,2.16594258e+04,1.54979570e+04,2.18148901e+03
3.41124129e+00,1.56344941e+04,2.19049219e+04,1.56902754e+04,2.22771851e+03
3.52462745e+00,1.58296953e+04,2.21787637e+04,1.59066992e+04,2.28175977e+03
3.64093208e+00,1.62809180e+04,2.28114277e+04,1.63871758e+04,2.37652344e+03
3.76023054e+00,1.67859902e+04,2.35192988e+04,1.69103867e+04,2.46524731e+03
3.88259912e+00,1.72173340e+04,2.41237910e+04,1.73559375e+04,2.53949634e+03
4.00811720e+00,1.78360859e+04,2.49907168e+04,1.79835469e+04,2.63227979e+03
4.13686609e+00,1.83159375e+04,2.56627422e+04,1.84571992e+04,2.69238623e+03
4.26892853e+00,1.85027109e+04,2.59240293e+04,1.86288223e+04,2.70481909e+03
4.40439081e+00,1.84488750e+04,2.58480703e+04,1.85485469e+04,2.67408179e+03
4.54333878e+00,1.80807070e+04,2.53315898e+04,1.81436895e+04,2.59512354e+03
4.68586397e+00,1.75030664e+04,2.45218301e+04,1.75364023e+04,2.49815869e+03
4.83205652e+00,1.71419297e+04,2.40156855e+04,1.71608691e+04,2.44556641e+03
4.98201227e+00,1.69543125e+04,2.37526211e+04,1.69573867e+04,2.41852466e+03
5.13582754e+00,1.66947695e+04,2.33891719e+04,1.67005957e+04,2.39876611e+03
5.29360199e+00,1.65886367e+04,2.32402793e+04,1.65779590e+04,2.38070166e+03
5.45543718e+00,1.62293730e+04,2.27367793e+04,1.62071152e+04,2.34085181e+03
5.62143755e+00,1.63532949e+04,2.29108516e+04,1.63526426e+04,2.38732373e+03
5.79171038e+00,1.66155449e+04,2.32776074e+04,1.65842422e+04,2.41533984e+03
5.96636629e+00,1.57358711e+04,2.20459004e+04,1.57347441e+04,2.34953125e+03
6.14551687e+00,1.58581729e+04,2.22180273e+04,1.58901289e+04,2.40504492e+03
6.32927942e+00,1.53822441e+04,2.15499434e+04,1.53584150e+04,2.31414209e+03
6.51777077e+00,1.38205449e+04,1.93632578e+04,1.38590039e+04,2.19804150e+03
6.71111441e+00,1.53166904e+04,2.14623594e+04,1.54932246e+04,2.55088574e+03
6.90943432e+00,1.96891094e+04,2.75880586e+04,1.98695234e+04,3.14579541e+03
7.11285782e+00,1.89838574e+04,2.65982109e+04,1.90925273e+04,3.01594824e+03
7.32151794e+00,1.96716113e+04,2.75629102e+04,1.98461250e+04,3.18780493e+03
7.53554821e+00,2.18289414e+04,3.05844219e+04,2.19726055e+04,3.45864380e+03
7.75508738e+00,2.15249180e+04,3.01574707e+04,2.16151016e+04,3.37649902e+03
7.98027754e+00,2.01610000e+04,2.82468086e+04,2.02365977e+04,3.16990625e+03
8.21126270e+00,1.98985391e+04,2.78765469e+04,1.98499902e+04,3.02909131e+03
8.44819450e+00,1.82180195e+04,2.55227070e+04,1.81976934e+04,2.88847949e+03
8.69122219e+00,1.81281211e+04,2.54003848e+04,1.82537949e+04,3.02416211e+03
8.94050789e+00,1.99439746e+04,2.79431113e+04,2.00003594e+04,3.20011279e+03
9.19620800e+00,2.05935508e+04,2.88488906e+04,2.04685723e+04,3.14995215e+03
9.45849037e+00,1.92947656e+04,2.70271152e+04,1.90921641e+04,2.95715967e+03
9.72752285e+00,1.72971543e+04,2.42292441e+04,1.71406836e+04,2.76178296e+03
1.00034800e+01,1.46135908e+04,2.04713223e+04,1.45380957e+04,2.47817969e+03
1.02865391e+01,1.32926680e+04,1.86228281e+04,1.33122324e+04,2.40932812e+03
1.05768833e+01,1.43528643e+04,2.01091250e+04,1.44212480e+04,2.65707544e+03
1.08747025e+01,1.56829854e+04,2.19731758e+04,1.57831934e+04,2.90744946e+03
1.11801853e+01,1.61928564e+04,2.26875898e+04,1.63023984e+04,3.00030176e+03
1.14935322e+01,1.59826992e+04,2.23917344e+04,1.60362637e+04,2.94882715e+03
1.18149433e+01,1.55008438e+04,2.17151445e+04,1.54940938e+04,2.87982422e+03
1.21446266e+01,1.52382109e+04,2.13464590e+04,1.51972207e+04,2.89643555e+03
1.24827967e+01,1.49456816e+04,2.09364902e+04,1.49107637e+04,2.94847974e+03
1.28296700e+01,1.47418965e+04,2.06514688e+04,1.47614561e+04,2.98282397e+03
1.31854706e+01,1.44897314e+04,2.02990879e+04,1.45988379e+04,3.06678296e+03
1.35504293e+01,1.44155098e+04,2.01972090e+04,1.47024629e+04,3.23017749e+03
1.39247818e+01,1.59287188e+04,2.23190547e+04,1.64452051e+04,3.69429102e+03
1.43087692e+01,1.64010586e+04,2.29843906e+04,1.72156230e+04,4.00630737e+03
1.47026405e+01,1.65495508e+04,2.31976055e+04,1.78693828e+04,4.15474414e+03
1.51066484e+01,1.91616562e+04,2.68585234e+04,2.09887012e+04,4.51994189e+03
1.55210552e+01,1.85696328e+04,2.60347520e+04,2.12423047e+04,4.60003027e+03
1.59461288e+01,1.73881309e+04,2.43926875e+04,2.11123105e+04,4.58522266e+03
1.63821430e+01,1.82209922e+04,2.55737520e+04,2.31390684e+04,4.66986035e+03
1.68293781e+01,1.90522676e+04,2.67582383e+04,2.52761641e+04,4.71961719e+03
1.72881241e+01,2.30855254e+04,3.24289297e+04,3.02231758e+04,5.00646094e+03
1.77586803e+01,2.81097754e+04,3.94825742e+04,3.51245195e+04,5.23382520e+03
1.82413464e+01,3.01209980e+04,4.23148789e+04,3.64586797e+04,5.07812451e+03
1.87364349e+01,3.14181094e+04,4.41403203e+04,3.67996797e+04,4.93673682e+03
1.92442665e+01,3.48632656e+04,4.89460117e+04,3.93730547e+04,4.99051953e+03
1.97651691e+01,3.56472500e+04,5.00312812e+04,3.95875938e+04,4.78000977e+03
2.02994785e+01,3.47403906e+04,4.87661016e+04,3.84678203e+04,4.40541650e+03
2.08475418e+01,3.63755586e+04,5.10538398e+04,3.86462227e+04,4.24234277e+03
2.14097099e+01,3.88917266e+04,5.45307969e+04,3.91145859e+04,4.11532471e+03
2.19863453e+01,3.92342148e+04,5.49608750e+04,3.83406406e+04,4.14927344e+03
2.25778236e+01,4.03870312e+04,5.65498281e+04,3.92445000e+04,4.42440430e+03
2.31845264e+01,4.30772109e+04,6.03158203e+04,4.15231562e+04,4.69316748e+03
2.38068466e+01,4.90951328e+04,6.87266797e+04,4.64676406e+04,4.98186816e+03
2.44451809e+01,5.48426406e+04,7.67372578e+04,4.98617266e+04,5.02354785e+03
2.50999470e+01,5.37895625e+04,7.52147656e+04,4.68051680e+04,4.31507617e+03
2.57715645e+01,4.47420859e+04,6.25041953e+04,3.61069297e+04,2.80284277e+03
2.64604683e+01,3.36147969e+04,4.69030039e+04,2.48796094e+04,1.86998950e+03
2.71671047e+01,2.55961270e+04,3.56692383e+04,1.81488457e+04,1.89187720e+03
2.78919277e+01,2.19624883e+04,3.06241680e+04,1.75328379e+04,2.31554688e+03
2.86354065e+01,2.21670020e+04,3.09974102e+04,2.05330547e+04,2.98424585e+03
2.93980217e+01,2.57250508e+04,3.60033906e+04,2.44889258e+04,2.89515381e+03
3.01802654e+01,2.35311016e+04,3.29156445e+04,2.14774238e+04,1.45112354e+03
3.09826431e+01,1.35476582e+04,1.89233281e+04,1.10328525e+04,2.17682892e+02
3.18056717e+01,4.60568164e+03,6.41236963e+03,2.85424951e+03,1.06013465e+00
3.26498833e+01,1.89494873e+03,2.62958105e+03,8.82735229e+02,9.06610414e-02
3.35158234e+01,1.17106372e+03,1.62278564e+03,4.98114441e+02,1.43367369e-02
3.44040565e+01,6.80301208e+02,9.42135925e+02,2.85506287e+02,3.71594355e-03
3.53151436e+01,4.13830231e+02,5.73139038e+02,1.68614059e+02,1.04010163e-03
3.62496834e+01,3.11621674e+02,4.30771698e+02,9.44603882e+01,4.32820962e-04
3.72082787e+01,1.68090286e+02,2.31118057e+02,3.45170517e+01,1.47237108e-04
3.81915474e+01,6.48026123e+01,8.85300446e+01,8.19099617e+00,4.41200500e-05
3.92001228e+01,2.01613541e+01,2.74125557e+01,2.18696809e+00,1.64285757e-05
4.02346535e+01,6.04215717e+00,8.19991493e+00,5.15626669e-01,4.58988961e-06
4.12958107e+01,2.29282451e+00,3.11089993e+00,1.57222152e-01,2.34045865e-06
4.23842850e+01,5.89821219e-01,7.92968512e-01,1.91724133e-02,5.19700507e-07
4.35007744e+01,1.96217299e-01,2.61519790e-01,5.01058111e-03,9.61641362e-08
4.46459999e+01,4.77975607e-02,6.36048168e-02,1.32623618e-03,3.79120451e-08
4.58207016e+01,2.27260916e-03,2.98668584e-03,9.79034667e-06,3.33854167e-09
4.70256386e+01,1.44264032e-03,1.91347301e-03,2.14512693e-05,1.27491684e-09
4.82615852e+01,2.03040108e-05,2.64921837e-05,2.28585691e-07,1.42765738e-11
4.95293465e+01,4.63090089e-07,6.06674632e-07,3.88272809e-08,3.89768594e-13
5.08297386e+01,4.90698596e-07,6.22372625e-07,1.06734876e-09,4.95596999e-13
5.21635971e+01,8.69194849e-09,1.10738982e-08,8.10144660e-11,6.21745561e-15
5.35317917e+01,2.57603744e-10,3.25126454e-10,1.58799222e-12,1.37364524e-16
5.49351997e+01,3.03488116e-12,3.82619197e-12,2.32942565e-14,1.76055653e-18
5.63747253e+01,3.17957500e-14,3.78354337e-14,9.32035774e-16,2.90898794e-19
5.78513031e+01,1.20950651e-15,1.41184574e-15,6.55792553e-18,4.45564240e-22
5.93278885e+01,6.99362100e-18,7.25848671e-18,3.01420645e-18,1.22982431e-22
6.08044662e+01,3.52695420e-18,3.92526069e-18,2.27711917e-21,1.37863809e-25
6.22810478e+01,7.30928649e-20,1.01659179e-19,1.43583004e-21,6.51484723e-26
6.37576256e+01,1.82572211e-21,1.91823891e-21,3.16838133e-24,7.35365432e-29
6.52341995e+01,4.93388288e-23,8.70980631e-23,1.04271348e-24,5.40368938e-29
6.67107849e+01,1.39623292e-24,1.49034186e-24,6.48319095e-27,8.72211989e-32
6.81873703e+01,3.61404729e-26,2.54474233e-26,2.94916256e-28,1.48860961e-32
6.96639481e+01,1.99759765e-27,2.12235246e-27,1.38444240e-29,7.65670276e-34
7.11405258e+01,1.03855291e-28,1.21597150e-28,1.57676731e-30,9.52774217e-35
7.26171036e+01,7.76471909e-30,9.26559028e-30,1.02547165e-31,8.48239708e-36
7.40936813e+01,6.12555655e-31,7.73199653e-31,7.95882409e-33,6.94655890e-37
7.55702591e+01,4.14136740e-32,5.34611422e-32,5.22731318e-34,4.65847661e-38
7.70468445e+01,2.18070586e-33,2.81868595e-33,2.66588831e-35,2.41023336e-39
7.85234222e+01,7.89714094e-35,1.01630705e-34,9.33445578e-37,7.00649232e-41
8.00000000e+01,1.81639814e-36,2.32641625e-36,2.14524782e-38,0.00000000e+00
