Height (km), 7_8 um ash conc (g/kg), 15_6 um ash conc (g/kg), 125 um ash conc (g/kg), 1 mm ash conc (g/kg)
0.00000000e+00,0.00000000e+00,0.00000000e+00,0.00000000e+00,0.00000000e+00
3.99999991e-02,1.16922360e-26,1.86930760e-26,1.47494605e-25,1.08217287e+01
7.99999982e-02,3.00626332e-24,4.60001912e-24,2.59759464e-23,1.29961538e+01
1.19999997e-01,3.80392263e-22,5.70007918e-22,4.51410797e-22,1.47295914e+01
1.59999996e-01,7.31561429e-19,1.03248715e-18,3.04074437e-20,1.72261086e+01
2.00000003e-01,1.45842464e-16,2.05355846e-16,2.61504713e-18,1.76798840e+01
2.39999995e-01,1.49042795e-15,2.06734866e-15,4.22466550e-17,1.98998661e+01
2.80000001e-01,1.31625566e-14,1.77523537e-14,5.03026503e-16,2.04191151e+01
3.19999993e-01,1.97160891e-13,2.65899146e-13,5.28230498e-15,2.18978519e+01
3.60000014e-01,6.76739751e-13,9.35004895e-13,5.78208881e-14,2.26285286e+01
4.00000006e-01,1.63332780e-12,2.33741542e-12,2.66765321e-12,2.38480797e+01
4.39999998e-01,1.44341622e-11,1.99862522e-11,4.07730932e-11,2.47534580e+01
4.79999989e-01,3.41735772e-11,5.02410891e-11,3.97534727e-10,2.67455044e+01
5.19999981e-01,1.44962695e-10,1.97096062e-10,4.63612526e-09,2.80566978e+01
5.60000002e-01,4.09011436e-10,6.18930962e-10,3.61249874e-08,3.09134789e+01
6.00000024e-01,1.22998700e-09,1.90898031e-09,1.59896999e-07,3.40714607e+01
6.41029537e-01,3.70711373e-09,6.20018703e-09,5.07196546e-07,3.29410820e+01
6.83115125e-01,1.01103668e-08,1.88608205e-08,6.69415329e-07,4.30569267e+01
7.26283848e-01,3.44445361e-08,7.56669962e-08,8.13246174e-07,3.80114822e+01
7.70563781e-01,9.76442678e-08,2.57453792e-07,1.24436610e-06,4.95625916e+01
8.15983355e-01,3.21779140e-07,1.02539570e-06,2.46781633e-06,4.67416573e+01
8.62571895e-01,1.00447733e-06,3.29472482e-06,3.95806182e-06,5.75960579e+01
9.10359621e-01,2.52505811e-06,8.40410212e-06,4.03572767e-06,5.74886131e+01
9.59377348e-01,8.12378676e-06,2.35708976e-05,4.20186007e-06,6.89294586e+01
1.00965667e+00,2.06043042e-05,5.84102963e-05,5.74014121e-06,7.48040466e+01
1.06123006e+00,4.94474116e-05,1.45245838e-04,5.76913317e-06,8.19138184e+01
1.11413085e+00,1.43716898e-04,4.82060888e-04,6.38111942e-06,9.68195114e+01
1.16839325e+00,5.22480754e-04,1.81888090e-03,1.31625175e-05,9.30012741e+01
1.22405231e+00,1.94239302e-03,6.05625939e-03,2.63394886e-05,1.19330559e+02
1.28114390e+00,5.96628571e-03,1.28918123e-02,2.37270597e-05,9.97752304e+01
1.33970511e+00,9.78721026e-03,1.57492291e-02,2.20296934e-05,1.41014328e+02
1.39977336e+00,2.06601523e+04,2.89248281e+04,1.93716211e+04,1.30024512e+03
1.46138775e+00,2.52402031e+04,3.52942812e+04,2.12270977e+04,1.38064294e+03
1.52458799e+00,1.51896016e+04,2.12345312e+04,1.28300156e+04,9.81945557e+02
1.58941495e+00,1.33970625e+04,1.87404004e+04,1.18641592e+04,1.17979541e+03
1.65591037e+00,1.31083584e+04,1.83451289e+04,1.20250469e+04,1.34224902e+03
1.72411728e+00,1.42660000e+04,1.99745039e+04,1.35294082e+04,1.74332227e+03
1.79407966e+00,1.65508965e+04,2.31814648e+04,1.60958877e+04,2.12692725e+03
1.86584306e+00,1.91345918e+04,2.68038828e+04,1.88107188e+04,2.47933203e+03
1.93945324e+00,2.07356855e+04,2.90438965e+04,2.02190527e+04,2.41784717e+03
2.01495814e+00,2.05010137e+04,2.87088477e+04,1.96372773e+04,2.20636548e+03
2.09240627e+00,1.90583906e+04,2.66830234e+04,1.79427363e+04,1.86242358e+03
2.17184782e+00,1.71865996e+04,2.40577852e+04,1.59141797e+04,1.62083228e+03
2.25333428e+00,1.51950527e+04,2.12663281e+04,1.38566846e+04,1.33646582e+03
2.33691788e+00,1.33365742e+04,1.86630215e+04,1.20321211e+04,1.21466858e+03
2.42265272e+00,1.18030859e+04,1.65164844e+04,1.06151826e+04,1.07972192e+03
2.51059437e+00,1.07041025e+04,1.49800527e+04,9.69269141e+03,1.09381824e+03
2.60079956e+00,1.01546094e+04,1.42137080e+04,9.31369141e+03,1.08973779e+03
2.69332647e+00,1.00541719e+04,1.40758281e+04,9.34388672e+03,1.20041772e+03
2.78823495e+00,1.01974668e+04,1.42793535e+04,9.62137305e+03,1.26987231e+03
2.88558602e+00,1.07134121e+04,1.50049473e+04,1.02706758e+04,1.45445422e+03
2.98544264e+00,1.15834072e+04,1.62261191e+04,1.12565898e+04,1.63347339e+03
3.08786964e+00,1.27214238e+04,1.78228320e+04,1.25248086e+04,1.89635706e+03
3.19293284e+00,1.42076924e+04,1.99075605e+04,1.41585840e+04,2.19859961e+03
3.30070019e+00,1.59483232e+04,2.23481406e+04,1.60295566e+04,2.52761060e+03
3.41124129e+00,1.78751113e+04,2.50482969e+04,1.80288008e+04,2.80544263e+03
3.52462745e+00,1.98102773e+04,2.77592871e+04,1.99967559e+04,3.04701733e+03
3.64093208e+00,2.14615352e+04,3.00718008e+04,2.16397051e+04,3.19396899e+03
3.76023054e+00,2.25892266e+04,3.16494961e+04,2.26708086e+04,3.18783154e+03
3.88259912e+00,2.31080586e+04,3.23729805e+04,2.29964160e+04,3.03303223e+03
4.00811720e+00,2.31348516e+04,3.24059609e+04,2.27403867e+04,2.79183350e+03
4.13686609e+00,2.24354941e+04,3.14209414e+04,2.17209082e+04,2.48458447e+03
4.26892853e+00,2.10138945e+04,2.94249004e+04,2.00370293e+04,2.17328125e+03
4.40439081e+00,1.94104414e+04,2.71757383e+04,1.82703164e+04,1.91294946e+03
4.54333878e+00,1.77742363e+04,2.48824121e+04,1.65674258e+04,1.71953613e+03
4.68586397e+00,1.62466777e+04,2.27426191e+04,1.50462822e+04,1.56711963e+03
4.83205652e+00,1.49332070e+04,2.09035723e+04,1.37871777e+04,1.47533203e+03
4.98201227e+00,1.39033457e+04,1.94624141e+04,1.28450410e+04,1.41850940e+03
5.13582754e+00,1.31871230e+04,1.84609434e+04,1.22323125e+04,1.41067456e+03
5.29360199e+00,1.27331738e+04,1.78267480e+04,1.18769199e+04,1.42188550e+03
5.45543718e+00,1.24522988e+04,1.74352324e+04,1.17091914e+04,1.47209253e+03
5.62143755e+00,1.24354707e+04,1.74137988e+04,1.18087812e+04,1.54114526e+03
5.79171038e+00,1.26008848e+04,1.76472734e+04,1.20702266e+04,1.62896948e+03
5.96636629e+00,1.28988750e+04,1.80665371e+04,1.24677441e+04,1.72951099e+03
6.14551687e+00,1.34341758e+04,1.88181016e+04,1.30937793e+04,1.86048792e+03
6.32927942e+00,1.40673926e+04,1.97063633e+04,1.37957383e+04,1.98126465e+03
6.51777077e+00,1.47767344e+04,2.07009180e+04,1.45614746e+04,2.11898682e+03
6.71111441e+00,1.55651680e+04,2.18060059e+04,1.53955488e+04,2.26038721e+03
6.90943432e+00,1.63631523e+04,2.29242520e+04,1.62236680e+04,2.38993091e+03
7.11285782e+00,1.72742070e+04,2.42004746e+04,1.71369824e+04,2.49973584e+03
7.32151794e+00,1.83093516e+04,2.56500332e+04,1.81379238e+04,2.58499097e+03
7.53554821e+00,1.92676113e+04,2.69909141e+04,1.90028047e+04,2.62118164e+03
7.75508738e+00,1.96777109e+04,2.75629746e+04,1.92839375e+04,2.55025732e+03
7.98027754e+00,1.97914219e+04,2.77196289e+04,1.92526973e+04,2.45368921e+03
8.21126270e+00,1.94922539e+04,2.72976875e+04,1.88026309e+04,2.31677881e+03
8.44819450e+00,1.87802422e+04,2.62988516e+04,1.80103184e+04,2.19438379e+03
8.69122219e+00,1.84689336e+04,2.58613809e+04,1.76219805e+04,2.13430103e+03
8.94050789e+00,1.77700391e+04,2.48813320e+04,1.68908184e+04,2.07324536e+03
9.19620800e+00,1.73218672e+04,2.42544316e+04,1.65117793e+04,2.08618311e+03
9.45849037e+00,1.73869238e+04,2.43446348e+04,1.65805820e+04,2.13746924e+03
9.72752285e+00,1.67058340e+04,2.33919375e+04,1.60413838e+04,2.15300635e+03
1.00034800e+01,1.73094883e+04,2.42392090e+04,1.67654355e+04,2.30627393e+03
1.02865391e+01,1.71294258e+04,2.39870469e+04,1.66813633e+04,2.35344238e+03
1.05768833e+01,1.57708115e+04,2.20892285e+04,1.56865938e+04,2.33296069e+03
1.08747025e+01,1.75306973e+04,2.45579805e+04,1.76379902e+04,2.61397046e+03
1.11801853e+01,1.68923320e+04,2.36675918e+04,1.72397148e+04,2.59987524e+03
1.14935322e+01,1.60645830e+04,2.25133965e+04,1.67036738e+04,2.52792603e+03
1.18149433e+01,2.11519141e+04,2.96356152e+04,2.15687461e+04,3.04375635e+03
1.21446266e+01,2.04809121e+04,2.86981016e+04,2.10571934e+04,3.06630420e+03
1.24827967e+01,2.13535938e+04,2.99312617e+04,2.23947676e+04,3.32358154e+03
1.28296700e+01,2.87036250e+04,4.02300000e+04,2.94789492e+04,4.00296484e+03
1.31854706e+01,3.27431621e+04,4.58845898e+04,3.28992930e+04,4.14604102e+03
1.35504293e+01,3.37140430e+04,4.72291016e+04,3.29602305e+04,3.83103345e+03
1.39247818e+01,3.11668320e+04,4.36434453e+04,2.96184277e+04,3.28537842e+03
1.43087692e+01,2.25187637e+04,3.15409102e+04,2.17779375e+04,2.62305664e+03
1.47026405e+01,1.70804512e+04,2.39341113e+04,1.71815781e+04,2.17337598e+03
1.51066484e+01,1.28530146e+04,1.80175996e+04,1.34904668e+04,1.75219031e+03
1.55210552e+01,9.45356543e+03,1.32580889e+04,1.06212363e+04,1.49012292e+03
1.59461288e+01,8.68632031e+03,1.21863418e+04,1.04398711e+04,1.49192041e+03
1.63821430e+01,9.77407031e+03,1.37130254e+04,1.19059863e+04,1.68308252e+03
1.68293781e+01,1.13771904e+04,1.59733213e+04,1.38994287e+04,1.96764014e+03
1.72881241e+01,1.32458008e+04,1.86113125e+04,1.61056680e+04,2.29263818e+03
1.77586803e+01,1.64311270e+04,2.30827617e+04,1.93205781e+04,2.71065381e+03
1.82413464e+01,1.99908633e+04,2.80693066e+04,2.31351621e+04,2.98561230e+03
1.87364349e+01,2.39847031e+04,3.36782734e+04,2.79616621e+04,3.24407153e+03
1.92442665e+01,2.86217891e+04,4.02089219e+04,3.30015781e+04,3.43052002e+03
1.97651691e+01,3.35865234e+04,4.71729688e+04,3.67847031e+04,3.65751758e+03
2.02994785e+01,3.63964492e+04,5.10885977e+04,3.77367266e+04,3.51542529e+03
2.08475418e+01,3.92632656e+04,5.51060547e+04,3.79097734e+04,3.15607349e+03
2.14097099e+01,4.44972422e+04,6.24133945e+04,3.87434961e+04,2.96888672e+03
2.19863453e+01,4.94156406e+04,6.91611094e+04,3.71473047e+04,2.98444116e+03
2.25778236e+01,5.22955859e+04,7.30065469e+04,3.52949766e+04,3.03353516e+03
2.31845264e+01,5.29058711e+04,7.36793828e+04,3.45174453e+04,3.26523315e+03
2.38068466e+01,4.83800703e+04,6.73341719e+04,3.26073457e+04,3.15834814e+03
2.44451809e+01,4.93679336e+04,6.87389688e+04,3.47736250e+04,3.15750171e+03
2.50999470e+01,4.86842734e+04,6.77163281e+04,3.41751719e+04,2.80394629e+03
2.57715645e+01,4.05098906e+04,5.63518359e+04,3.05825234e+04,2.25596191e+03
2.64604683e+01,3.67903906e+04,5.12646094e+04,2.74649453e+04,1.37738464e+03
2.71671047e+01,3.07567344e+04,4.27906797e+04,1.90810723e+04,6.45115112e+02
2.78919277e+01,2.10694648e+04,2.92371016e+04,1.12860996e+04,1.75894913e+02
2.86354065e+01,1.21632559e+04,1.68633613e+04,6.29229297e+03,6.26273766e+01
2.93980217e+01,8.46659766e+03,1.17434395e+04,4.35198193e+03,3.45853729e+01
3.01802654e+01,4.64436719e+03,6.42040234e+03,1.83969556e+03,2.21034020e-01
3.09826431e+01,2.49043213e+03,3.43531885e+03,6.85780090e+02,7.29636252e-02
3.18056717e+01,1.63515479e+03,2.24505811e+03,3.34727600e+02,4.22838517e-03
3.26498833e+01,1.44584375e+03,1.98389880e+03,2.27045853e+02,1.44338992e-03
3.35158234e+01,7.70418091e+02,1.04302795e+03,2.97904339e+01,2.51532969e-04
3.44040565e+01,4.99738586e+02,6.73626221e+02,1.94506645e+01,4.85713070e-04
3.53151436e+01,2.34580887e+02,3.14518799e+02,5.01370144e+00,1.37264124e-05
3.62496834e+01,1.38085190e+02,1.84812683e+02,3.06786895e+00,8.43066209e-06
3.72082787e+01,6.90159760e+01,9.09294891e+01,8.31555009e-01,3.43551437e-06
3.81915474e+01,1.82561169e+01,2.34763031e+01,4.63596284e-02,1.73863646e-06
3.92001228e+01,5.10817385e+00,6.49102497e+00,5.69962489e-04,2.45217535e-07
4.02346535e+01,5.95777154e-01,7.49363422e-01,3.66964778e-05,7.30039460e-08
4.12958107e+01,7.80306160e-02,9.75012630e-02,9.82505298e-06,6.04352550e-08
4.23842850e+01,4.90446202e-03,5.95871825e-03,1.03424850e-06,9.25434307e-09
4.35007744e+01,2.76736595e-04,3.14734352e-04,2.33786906e-07,2.24479701e-09
4.46459999e+01,1.68654260e-05,1.94580716e-05,1.71360259e-08,1.18752730e-10
4.58207016e+01,7.81819267e-07,8.74796967e-07,1.23406541e-09,8.56192808e-12
4.70256386e+01,7.67221096e-08,8.73895090e-08,2.14247526e-11,3.74823192e-13
4.82615852e+01,3.48521967e-09,4.11069401e-09,2.69888972e-12,3.09499232e-14
4.95293465e+01,2.48043582e-11,2.96467122e-11,2.05211180e-14,9.73673108e-17
5.08297386e+01,8.15322983e-12,9.64539733e-12,2.17054967e-15,5.39268224e-17
5.21635971e+01,2.35168093e-14,3.03015466e-14,3.07297068e-17,3.52835183e-19
5.35317917e+01,5.01498647e-15,6.18769469e-15,3.35047005e-18,5.06223969e-20
5.49351997e+01,3.62653318e-17,3.90972343e-17,2.74766167e-20,5.84814674e-22
5.63747253e+01,8.61659155e-18,9.23110237e-18,3.05154016e-21,3.68498070e-23
5.78513031e+01,6.32666507e-20,1.50246359e-19,2.64704864e-23,8.19471272e-25
5.93278885e+01,8.59983494e-21,9.58854518e-21,3.68295688e-24,3.48655381e-26
6.08044662e+01,2.04831723e-22,3.52980217e-22,4.17582380e-26,9.91777269e-28
6.22810478e+01,1.25019307e-23,1.41980606e-23,5.31021295e-27,4.73967989e-29
6.37576256e+01,4.37650810e-25,6.62591194e-25,8.33127201e-29,1.65240463e-30
6.52341995e+01,2.51051131e-26,3.10657954e-26,9.43185296e-30,7.59998593e-32
6.67107849e+01,9.67169470e-28,1.64053871e-27,2.35091864e-31,4.34432443e-33
6.81873703e+01,3.80934890e-29,6.27644198e-29,1.31303395e-32,1.08545504e-34
6.96639481e+01,2.02784023e-30,3.20020118e-30,5.37579786e-34,6.71065432e-36
7.11405258e+01,1.35619840e-31,1.99308312e-31,3.83877167e-35,3.62287490e-37
7.26171036e+01,6.36594843e-33,9.30497230e-33,1.95987567e-36,1.35029120e-38
7.40936813e+01,4.18915605e-34,9.36808386e-34,1.68885892e-37,1.68155816e-39
7.55702591e+01,2.22849622e-35,4.97212644e-35,9.79928016e-39,1.00893489e-40
7.70468445e+01,1.11368063e-36,2.40559351e-36,3.39114228e-40,0.00000000e+00
7.85234222e+01,3.81937909e-38,7.19622813e-38,0.00000000e+00,0.00000000e+00
8.00000000e+01,3.04362026e-39,5.33053936e-39,0.00000000e+00,0.00000000e+00
