Height (km), 7_8 um ash conc (g/kg), 15_6 um ash conc (g/kg), 125 um ash conc (g/kg), 1 mm ash conc (g/kg)
0.00000000e+00,0.00000000e+00,0.00000000e+00,0.00000000e+00,0.00000000e+00
3.99999991e-02,1.14573437e-14,1.46351047e-14,2.32330214e-13,1.22014740e-02
7.99999982e-02,2.15292926e-13,2.80273932e-13,5.54797267e-12,1.13694519e-01
1.19999997e-01,2.54444274e-12,3.44017566e-12,7.09630549e-11,3.20755661e-01
1.59999996e-01,3.70193112e-11,5.16446330e-11,7.59525276e-10,6.56664073e-01
2.00000003e-01,5.47956958e-10,7.68649588e-10,6.67369093e-09,1.15881371e+00
2.39999995e-01,2.02633710e-09,2.92054225e-09,2.85637931e-08,1.66958487e+00
2.80000001e-01,1.31476989e-08,1.86268991e-08,7.28303888e-08,2.52587223e+00
3.19999993e-01,4.00334983e-08,5.81715796e-08,2.03869462e-07,3.30980039e+00
3.60000014e-01,1.61914983e-07,2.31167306e-07,3.67473888e-07,4.60090351e+00
4.00000006e-01,3.86254356e-07,5.65213725e-07,6.80401513e-07,6.07255459e+00
4.39999998e-01,9.54933057e-07,1.39297356e-06,1.01241233e-06,7.39037752e+00
4.79999989e-01,2.08152483e-06,3.11145095e-06,1.38712244e-06,9.96842670e+00
5.19999981e-01,3.87398632e-06,5.80938286e-06,1.81419159e-06,1.12299213e+01
5.60000002e-01,8.05551008e-06,1.18671178e-05,1.98871999e-06,1.44196377e+01
6.00000024e-01,1.20594232e-05,1.72427735e-05,2.13641920e-06,1.59162388e+01
6.41029537e-01,2.19086742e-05,3.09381285e-05,1.93484834e-06,1.98917198e+01
6.83115125e-01,2.81786561e-05,3.89415582e-05,2.03147761e-06,2.12388592e+01
7.26283848e-01,4.54310721e-05,6.29155111e-05,2.53685448e-06,2.44398365e+01
7.70563781e-01,6.31343719e-05,8.65014081e-05,5.40324072e-06,2.72153149e+01
8.15983355e-01,1.04442959e-04,1.43708705e-04,9.73789611e-06,3.14408112e+01
8.62571895e-01,1.51672284e-04,2.08240934e-04,1.42296294e-05,3.37013359e+01
9.10359621e-01,2.49561854e-04,3.43886262e-04,3.20693762e-05,3.86093788e+01
9.59377348e-01,3.88534187e-04,5.42921654e-04,6.49302456e-05,4.18124809e+01
1.00965667e+00,6.29631919e-04,8.82080931e-04,9.65488653e-05,4.64211082e+01
1.06123006e+00,1.08903192e-03,1.53976399e-03,2.21427908e-04,5.21573639e+01
1.11413085e+00,1.82815955e-03,2.59174313e-03,4.09235130e-04,5.86946754e+01
1.16839325e+00,2.77504185e-03,3.92385572e-03,6.75596471e-04,6.76008301e+01
1.22405231e+00,3.89639707e-03,5.49490843e-03,1.11234817e-03,7.78845139e+01
1.28114390e+00,5.92825748e-03,8.39089137e-03,2.51553440e-03,9.37931900e+01
1.33970511e+00,9.52547044e-03,1.35051114e-02,5.50440373e-03,1.16039192e+02
1.39977336e+00,2.06969121e+04,2.89781992e+04,1.95307734e+04,1.45638403e+03
1.46138775e+00,2.64139922e+04,3.69407266e+04,2.24468945e+04,1.59857458e+03
1.52458799e+00,1.64277285e+04,2.29692656e+04,1.41059268e+04,1.31483618e+03
1.58941495e+00,1.54681602e+04,2.16415430e+04,1.38959912e+04,1.56987231e+03
1.65591037e+00,1.52727266e+04,2.13744727e+04,1.40107188e+04,1.71432178e+03
1.72411728e+00,1.52303145e+04,2.13188555e+04,1.41447949e+04,1.83367700e+03
1.79407966e+00,1.52322227e+04,2.13241367e+04,1.42669023e+04,1.93406323e+03
1.86584306e+00,1.52817686e+04,2.13955820e+04,1.44095586e+04,2.03938367e+03
1.93945324e+00,1.53529199e+04,2.14968789e+04,1.45553604e+04,2.12795654e+03
2.01495814e+00,1.54595400e+04,2.16476680e+04,1.47279092e+04,2.22394482e+03
2.09240627e+00,1.56979746e+04,2.19831094e+04,1.50298633e+04,2.33434131e+03
2.17184782e+00,1.61358135e+04,2.25977422e+04,1.55208867e+04,2.45570825e+03
2.25333428e+00,1.67167070e+04,2.34123164e+04,1.61337334e+04,2.58602197e+03
2.33691788e+00,1.72746719e+04,2.41942578e+04,1.67053438e+04,2.70177051e+03
2.42265272e+00,1.76611738e+04,2.47355156e+04,1.70824180e+04,2.77286987e+03
2.51059437e+00,1.77640391e+04,2.48789316e+04,1.71511133e+04,2.79950952e+03
2.60079956e+00,1.75669199e+04,2.46020039e+04,1.69209023e+04,2.77651685e+03
2.69332647e+00,1.71155410e+04,2.39691016e+04,1.64455527e+04,2.73281934e+03
2.78823495e+00,1.64853125e+04,2.30856758e+04,1.57883242e+04,2.65503833e+03
2.88558602e+00,1.58207148e+04,2.21545215e+04,1.51204580e+04,2.61783057e+03
2.98544264e+00,1.53295947e+04,2.14670371e+04,1.46568477e+04,2.57021704e+03
3.08786964e+00,1.50903340e+04,2.11324492e+04,1.44414414e+04,2.59676514e+03
3.19293284e+00,1.50204307e+04,2.10352031e+04,1.44022354e+04,2.62067139e+03
3.30070019e+00,1.51332285e+04,2.11941602e+04,1.45593945e+04,2.69618774e+03
3.41124129e+00,1.53790234e+04,2.15390391e+04,1.48277949e+04,2.75361450e+03
3.52462745e+00,1.56579434e+04,2.19303203e+04,1.51349004e+04,2.84142505e+03
3.64093208e+00,1.60599629e+04,2.24943867e+04,1.55818301e+04,2.92308496e+03
3.76023054e+00,1.64799961e+04,2.30831133e+04,1.60175557e+04,3.01237891e+03
3.88259912e+00,1.67891836e+04,2.35163809e+04,1.63396367e+04,3.06479712e+03
4.00811720e+00,1.72362520e+04,2.41430332e+04,1.68074629e+04,3.16753906e+03
4.13686609e+00,1.76936270e+04,2.47834648e+04,1.72508340e+04,3.22975293e+03
4.26892853e+00,1.79067344e+04,2.50817070e+04,1.74551270e+04,3.28208936e+03
4.40439081e+00,1.82547852e+04,2.55693086e+04,1.78032461e+04,3.34963330e+03
4.54333878e+00,1.86918242e+04,2.61809277e+04,1.82044824e+04,3.39571313e+03
4.68586397e+00,1.87686035e+04,2.62875273e+04,1.82321289e+04,3.40793701e+03
4.83205652e+00,1.87149980e+04,2.62112754e+04,1.81185527e+04,3.38740869e+03
4.98201227e+00,1.85421504e+04,2.59678867e+04,1.78833262e+04,3.35668359e+03
5.13582754e+00,1.80935605e+04,2.53384844e+04,1.73870684e+04,3.28044580e+03
5.29360199e+00,1.75004023e+04,2.45067598e+04,1.67548262e+04,3.21095288e+03
5.45543718e+00,1.68209609e+04,2.35545117e+04,1.60542881e+04,3.11458252e+03
5.62143755e+00,1.61893535e+04,2.26697852e+04,1.54275020e+04,3.05601562e+03
5.79171038e+00,1.57504834e+04,2.20552070e+04,1.50002725e+04,3.00413110e+03
5.96636629e+00,1.54592812e+04,2.16474863e+04,1.47223613e+04,2.97002295e+03
6.14551687e+00,1.53058906e+04,2.14331562e+04,1.45990186e+04,2.96411328e+03
6.32927942e+00,1.53540898e+04,2.15012676e+04,1.46778662e+04,2.98384229e+03
6.51777077e+00,1.54634258e+04,2.16548516e+04,1.48118750e+04,3.00353149e+03
6.71111441e+00,1.55832539e+04,2.18232969e+04,1.49660713e+04,3.03105811e+03
6.90943432e+00,1.57963086e+04,2.21222363e+04,1.52077969e+04,3.06848340e+03
7.11285782e+00,1.59849277e+04,2.23867188e+04,1.54156729e+04,3.10764429e+03
7.32151794e+00,1.62028828e+04,2.26925508e+04,1.56646494e+04,3.16243921e+03
7.53554821e+00,1.66389609e+04,2.33036113e+04,1.61109268e+04,3.21665381e+03
7.75508738e+00,1.69566328e+04,2.37483750e+04,1.64197012e+04,3.28686792e+03
7.98027754e+00,1.71691562e+04,2.40463086e+04,1.66451973e+04,3.30143750e+03
8.21126270e+00,1.76289922e+04,2.46902109e+04,1.70855117e+04,3.39407666e+03
8.44819450e+00,1.78191406e+04,2.49556094e+04,1.72267695e+04,3.34673901e+03
8.69122219e+00,1.76700273e+04,2.47467441e+04,1.70806602e+04,3.34947266e+03
8.94050789e+00,1.80959961e+04,2.53432520e+04,1.74803516e+04,3.33712231e+03
9.19620800e+00,1.81307910e+04,2.53906816e+04,1.74448516e+04,3.31613696e+03
9.45849037e+00,1.74226465e+04,2.43990801e+04,1.67697871e+04,3.21179492e+03
9.72752285e+00,1.79532344e+04,2.51427852e+04,1.73160449e+04,3.32189746e+03
1.00034800e+01,1.86267148e+04,2.60846211e+04,1.79299785e+04,3.39427417e+03
1.02865391e+01,1.84748711e+04,2.58723223e+04,1.78540547e+04,3.47726514e+03
1.05768833e+01,1.93069648e+04,2.70375762e+04,1.87138281e+04,3.63530200e+03
1.08747025e+01,1.99848438e+04,2.79853516e+04,1.93555469e+04,3.80094458e+03
1.11801853e+01,1.97066016e+04,2.75952344e+04,1.91280898e+04,3.84072656e+03
1.14935322e+01,1.93277969e+04,2.70645781e+04,1.88398516e+04,3.90725684e+03
1.18149433e+01,1.87383633e+04,2.62379414e+04,1.83492539e+04,3.88789673e+03
1.21446266e+01,1.74392832e+04,2.44191328e+04,1.73088984e+04,3.85066748e+03
1.24827967e+01,1.69292500e+04,2.37060137e+04,1.71651758e+04,3.88552222e+03
1.28296700e+01,1.76691758e+04,2.47412383e+04,1.82727422e+04,4.01115405e+03
1.31854706e+01,1.65930781e+04,2.32343984e+04,1.78816953e+04,3.93483057e+03
1.35504293e+01,1.63288281e+04,2.28668672e+04,1.85691445e+04,3.98643994e+03
1.39247818e+01,1.87611465e+04,2.62726836e+04,2.17226934e+04,4.25252295e+03
1.43087692e+01,1.83881445e+04,2.57520820e+04,2.23907500e+04,4.24227637e+03
1.47026405e+01,1.71587012e+04,2.40352930e+04,2.25432266e+04,4.23181445e+03
1.51066484e+01,1.73897344e+04,2.43625586e+04,2.46235527e+04,4.36356836e+03
1.55210552e+01,1.69643574e+04,2.37757695e+04,2.67951133e+04,4.43967041e+03
1.59461288e+01,1.75839805e+04,2.46576348e+04,2.98108691e+04,4.60411670e+03
1.63821430e+01,1.98175703e+04,2.78001719e+04,3.40429844e+04,4.85633691e+03
1.68293781e+01,2.19575234e+04,3.08163398e+04,3.77695391e+04,5.11128467e+03
1.72881241e+01,2.53987949e+04,3.56623281e+04,4.22487695e+04,5.50132715e+03
1.77586803e+01,2.85511543e+04,4.01160547e+04,4.55589883e+04,5.68207031e+03
1.82413464e+01,3.01242129e+04,4.23986875e+04,4.67809062e+04,5.67172070e+03
1.87364349e+01,3.31074297e+04,4.66964570e+04,4.82926875e+04,5.66585596e+03
1.92442665e+01,3.60661797e+04,5.08845664e+04,4.78114102e+04,5.45662988e+03
1.97651691e+01,3.73088984e+04,5.26019531e+04,4.61850625e+04,5.40299707e+03
2.02994785e+01,4.12775977e+04,5.80848047e+04,4.73391172e+04,5.63658301e+03
2.08475418e+01,4.58734922e+04,6.45019766e+04,4.80433281e+04,5.71887793e+03
2.14097099e+01,5.05052422e+04,7.09278906e+04,4.91360703e+04,5.84300000e+03
2.19863453e+01,5.69604922e+04,7.98961797e+04,5.16420703e+04,5.91124121e+03
2.25778236e+01,5.80265156e+04,8.12619531e+04,4.82899375e+04,5.55785547e+03
2.31845264e+01,5.90414492e+04,8.25507969e+04,4.66057734e+04,5.61499121e+03
2.38068466e+01,6.93307109e+04,9.67990781e+04,5.51701680e+04,6.54808496e+03
2.44451809e+01,7.48799141e+04,1.04410453e+05,6.00021602e+04,6.77272168e+03
2.50999470e+01,6.12371797e+04,8.53206250e+04,4.94388086e+04,5.61289844e+03
2.57715645e+01,4.97352188e+04,6.93035703e+04,4.17901953e+04,4.76955371e+03
2.64604683e+01,4.68842344e+04,6.53572305e+04,4.06292930e+04,4.34649902e+03
2.71671047e+01,4.30007344e+04,5.99813164e+04,3.69276289e+04,3.99777246e+03
2.78919277e+01,3.93145469e+04,5.48767656e+04,3.41138984e+04,3.79724365e+03
2.86354065e+01,3.65000234e+04,5.09923164e+04,3.27644902e+04,3.75556934e+03
2.93980217e+01,3.02198105e+04,4.22006875e+04,2.62396055e+04,2.83876294e+03
3.01802654e+01,2.73837402e+04,3.82525391e+04,2.41642031e+04,2.71012549e+03
3.09826431e+01,3.01056738e+04,4.20787969e+04,2.77559590e+04,3.00150171e+03
3.18056717e+01,2.46861953e+04,3.44593164e+04,2.06075117e+04,1.34667297e+03
3.26498833e+01,1.09462871e+04,1.52307988e+04,7.50979883e+03,1.56880234e+02
3.35158234e+01,2.70038550e+03,3.73821631e+03,1.21222656e+03,2.92063445e-01
3.44040565e+01,1.29278906e+03,1.78380066e+03,2.38137466e+02,1.27346092e-03
3.53151436e+01,1.49035510e+03,2.04214429e+03,1.44034866e+02,1.00393096e-04
3.62496834e+01,9.97515747e+02,1.34622266e+03,6.68273010e+01,6.52564850e-05
3.72082787e+01,1.11229504e+03,1.50300867e+03,9.38888092e+01,1.05660794e-04
3.81915474e+01,4.64939026e+02,6.21659973e+02,1.85920582e+01,1.79049421e-05
3.92001228e+01,3.10688721e+02,4.12104065e+02,8.71883774e+00,1.38604391e-05
4.02346535e+01,1.35502243e+02,1.76691559e+02,1.15315473e+00,7.75939134e-06
4.12958107e+01,2.00975590e+01,2.57339935e+01,9.55377668e-02,2.33563264e-06
4.23842850e+01,5.64086199e+00,7.25169373e+00,2.42248103e-02,1.33884225e-06
4.35007744e+01,6.66693807e-01,8.32093716e-01,1.03770103e-03,4.08468566e-07
4.46459999e+01,1.08762659e-01,1.35619998e-01,1.10792695e-04,6.95204383e-09
4.58207016e+01,7.80533031e-02,9.72300097e-02,2.08388501e-05,3.59121333e-09
4.70256386e+01,7.63813173e-03,9.27549042e-03,2.36951018e-06,1.41446677e-09
4.82615852e+01,1.41080597e-03,1.69269112e-03,1.13044860e-06,5.96836122e-11
4.95293465e+01,1.69766136e-05,2.00919676e-05,2.89388637e-08,5.03765476e-12
5.08297386e+01,1.09906014e-05,1.27847852e-05,1.37351011e-08,3.19741385e-13
5.21635971e+01,2.09129189e-06,2.39931092e-06,1.21361310e-09,2.64517124e-14
5.35317917e+01,1.79901321e-08,2.17180389e-08,3.99972416e-11,5.23947688e-16
5.49351997e+01,4.50945503e-09,5.25766186e-09,4.71180473e-12,6.96430026e-17
5.63747253e+01,2.04318697e-11,2.49280215e-11,5.67504248e-14,2.00068769e-18
5.78513031e+01,2.42906324e-12,2.91581603e-12,2.31357669e-15,4.53302084e-20
5.93278885e+01,9.75110851e-15,1.21848358e-14,1.31532305e-16,1.43314322e-21
6.08044662e+01,6.10868197e-16,7.61491778e-16,1.37739452e-17,2.83241297e-23
6.22810478e+01,7.67195592e-17,8.34225081e-17,1.25401395e-19,1.06256606e-24
6.37576256e+01,2.47299355e-18,4.08641161e-18,1.48945615e-20,2.29055363e-26
6.52341995e+01,9.17180707e-20,1.00903272e-19,1.53374465e-22,1.20044369e-27
6.67107849e+01,4.27934337e-21,6.88692807e-21,1.95713740e-23,2.93240619e-29
6.81873703e+01,9.40334063e-23,1.09780534e-22,2.15151655e-25,1.53085410e-30
6.96639481e+01,6.66036682e-24,9.61978482e-24,2.34145318e-26,5.48886743e-32
7.11405258e+01,2.72090354e-25,3.55325977e-25,9.62009711e-28,4.68485816e-33
7.26171036e+01,2.01146019e-26,2.89793508e-26,7.99952516e-29,3.36573833e-34
7.40936813e+01,1.02613172e-27,1.41326530e-27,4.63845557e-30,2.71425836e-35
7.55702591e+01,5.02529229e-29,7.36085851e-29,3.40175041e-31,2.25074452e-36
7.70468445e+01,2.23338529e-30,3.27891002e-30,2.06109563e-32,1.43473345e-37
7.85234222e+01,7.84879576e-32,1.18750461e-31,9.88672666e-34,6.31144828e-39
8.00000000e+01,9.76070265e-33,1.50028300e-32,1.24285247e-34,2.52233724e-41
