Height (km), 7_8 um ash conc (g/kg), 15_6 um ash conc (g/kg), 125 um ash conc (g/kg), 1 mm ash conc (g/kg)
0.00000000e+00,0.00000000e+00,0.00000000e+00,0.00000000e+00,0.00000000e+00
3.99999991e-02,1.34124029e-25,1.76637666e-25,3.49297693e-19,2.60869265e+00
7.99999982e-02,8.75627842e-23,1.13476518e-22,6.87496353e-08,3.14213109e+00
1.19999997e-01,9.58490236e-20,1.20714590e-19,1.89387993e-05,3.21220231e+00
1.59999996e-01,8.38804320e-18,1.09105404e-17,5.97455110e-05,3.66598606e+00
2.00000003e-01,2.33515363e-16,3.08485720e-16,6.86649146e-05,3.78755236e+00
2.39999995e-01,3.12083225e-14,3.94671478e-14,8.30287463e-05,4.23328495e+00
2.80000001e-01,7.23891487e-13,9.24847438e-13,3.04017536e-04,4.60261059e+00
3.19999993e-01,1.32106492e-10,1.67784203e-10,3.44255182e-04,4.93221664e+00
3.60000014e-01,2.00817007e-09,2.70553158e-09,1.31915661e-03,5.12158585e+00
4.00000006e-01,5.17981711e-08,7.16230701e-08,1.29212765e-03,5.43479919e+00
4.39999998e-01,3.26959196e-07,4.78649440e-07,1.80144189e-03,5.74234104e+00
4.79999989e-01,1.51668223e-06,2.23396319e-06,5.97739220e-03,6.35001087e+00
5.19999981e-01,6.05202786e-06,8.77351158e-06,8.80136713e-03,6.40636015e+00
5.60000002e-01,1.87459827e-05,2.66090210e-05,2.15542708e-02,7.06959248e+00
6.00000024e-01,5.28184282e-05,7.30904285e-05,2.65033599e-02,7.06776190e+00
6.41029537e-01,1.00679732e-04,1.36905772e-04,5.52554429e-02,7.52002764e+00
6.83115125e-01,1.73614288e-04,2.31999002e-04,6.34081960e-02,8.06269646e+00
7.26283848e-01,2.75855797e-04,3.62588093e-04,9.43609551e-02,8.59871578e+00
7.70563781e-01,3.94847069e-04,5.12169325e-04,1.31341547e-01,9.19411755e+00
8.15983355e-01,5.35815838e-04,6.88643544e-04,1.83992356e-01,9.98910809e+00
8.62571895e-01,6.97376207e-04,8.90145195e-04,2.12872326e-01,1.19488316e+01
9.10359621e-01,9.05244029e-04,1.17773574e-03,2.49753177e-01,1.10655117e+01
9.59377348e-01,1.31031615e-03,1.76291715e-03,2.70593613e-01,1.44302711e+01
1.00965667e+00,5.30051487e-03,7.61325797e-03,2.97459453e-01,1.36469593e+01
1.06123006e+00,2.25627087e-02,3.28090340e-02,3.42706800e-01,1.66446819e+01
1.11413085e+00,4.92307171e-02,7.10851550e-02,3.94001752e-01,1.35764675e+01
1.16839325e+00,7.86082745e-02,1.13054268e-01,4.52065706e-01,1.82960835e+01
1.22405231e+00,1.09749995e-01,1.57745719e-01,5.21917582e-01,1.80311356e+01
1.28114390e+00,1.51892960e-01,2.18045026e-01,5.96036553e-01,2.15491409e+01
1.33970511e+00,2.04969257e-01,2.93199599e-01,6.88678384e-01,2.01069946e+01
1.39977336e+00,2.02092852e+04,2.83102227e+04,2.00848242e+04,2.16994897e+03
1.46138775e+00,2.61499785e+04,3.66111250e+04,2.46249258e+04,2.09554272e+03
1.52458799e+00,1.56653408e+04,2.19304180e+04,1.48212891e+04,1.40652795e+03
1.58941495e+00,1.53415254e+04,2.14849648e+04,1.48995664e+04,1.66284766e+03
1.65591037e+00,1.60525127e+04,2.24839883e+04,1.57542021e+04,1.85155371e+03
1.72411728e+00,1.65595625e+04,2.31949102e+04,1.62890312e+04,1.91860059e+03
1.79407966e+00,1.61372051e+04,2.26025547e+04,1.58351621e+04,1.83224438e+03
1.86584306e+00,1.48571006e+04,2.08082734e+04,1.45077520e+04,1.63593115e+03
1.93945324e+00,1.30940254e+04,1.83380977e+04,1.27331533e+04,1.43016309e+03
2.01495814e+00,1.16851719e+04,1.63655840e+04,1.13851328e+04,1.32828174e+03
2.09240627e+00,1.13554570e+04,1.59055928e+04,1.11444219e+04,1.37777637e+03
2.17184782e+00,1.17696875e+04,1.64874609e+04,1.16250840e+04,1.50600732e+03
2.25333428e+00,1.25107354e+04,1.75274258e+04,1.24541670e+04,1.71699585e+03
2.33691788e+00,1.43111934e+04,2.00524980e+04,1.44050957e+04,2.12704932e+03
2.42265272e+00,1.67740840e+04,2.35049023e+04,1.69918555e+04,2.58418213e+03
2.51059437e+00,1.82962930e+04,2.56379492e+04,1.85641738e+04,2.84104150e+03
2.60079956e+00,1.88804824e+04,2.64570820e+04,1.92081191e+04,2.97788965e+03
2.69332647e+00,1.92703164e+04,2.70035820e+04,1.96258203e+04,3.03037891e+03
2.78823495e+00,1.88475977e+04,2.64100176e+04,1.91326758e+04,2.87546484e+03
2.88558602e+00,1.76347344e+04,2.47096641e+04,1.78545059e+04,2.63888086e+03
2.98544264e+00,1.71127441e+04,2.39779512e+04,1.73017500e+04,2.52843628e+03
3.08786964e+00,1.69196152e+04,2.37070391e+04,1.70773262e+04,2.46307007e+03
3.19293284e+00,1.69255195e+04,2.37152461e+04,1.70661094e+04,2.44266211e+03
3.30070019e+00,1.81097793e+04,2.53754062e+04,1.82813184e+04,2.62656396e+03
3.41124129e+00,2.00570039e+04,2.81030332e+04,2.01864805e+04,2.82813428e+03
3.52462745e+00,2.03437734e+04,2.85027207e+04,2.03746973e+04,2.79630615e+03
3.64093208e+00,2.04415664e+04,2.86388555e+04,2.04348164e+04,2.77227759e+03
3.76023054e+00,2.02438418e+04,2.83598828e+04,2.01342109e+04,2.66557593e+03
3.88259912e+00,1.88425254e+04,2.63953730e+04,1.86610215e+04,2.44163428e+03
4.00811720e+00,1.69028828e+04,2.36775703e+04,1.66980195e+04,2.18093872e+03
4.13686609e+00,1.49128770e+04,2.08900039e+04,1.47267637e+04,1.95876672e+03
4.26892853e+00,1.35337676e+04,1.89593828e+04,1.34203135e+04,1.85378772e+03
4.40439081e+00,1.32529482e+04,1.85668730e+04,1.31894678e+04,1.87309460e+03
4.54333878e+00,1.32614355e+04,1.85793125e+04,1.32322344e+04,1.91765186e+03
4.68586397e+00,1.32722500e+04,1.85958613e+04,1.33129199e+04,2.00071191e+03
4.83205652e+00,1.43737529e+04,2.01410469e+04,1.45082793e+04,2.24992920e+03
4.98201227e+00,1.64942168e+04,2.31126484e+04,1.66712480e+04,2.56910400e+03
5.13582754e+00,1.67684668e+04,2.34961562e+04,1.69247383e+04,2.60539331e+03
5.29360199e+00,1.64550176e+04,2.30571934e+04,1.66374570e+04,2.60746631e+03
5.45543718e+00,1.68454863e+04,2.36044082e+04,1.70532656e+04,2.69436304e+03
5.62143755e+00,1.68856406e+04,2.36607109e+04,1.71075898e+04,2.71537354e+03
5.79171038e+00,1.67467910e+04,2.34659570e+04,1.69657578e+04,2.67751587e+03
5.96636629e+00,1.67251406e+04,2.34348359e+04,1.69094199e+04,2.63454517e+03
6.14551687e+00,1.62493496e+04,2.27676211e+04,1.63990312e+04,2.53181616e+03
6.32927942e+00,1.59017383e+04,2.22804629e+04,1.60312119e+04,2.46010010e+03
6.51777077e+00,1.61008330e+04,2.25584922e+04,1.61781270e+04,2.42708740e+03
6.71111441e+00,1.57721709e+04,2.20967949e+04,1.57873916e+04,2.33165869e+03
6.90943432e+00,1.49818359e+04,2.09891602e+04,1.49743008e+04,2.20678345e+03
7.11285782e+00,1.46756143e+04,2.05598418e+04,1.46451680e+04,2.15505420e+03
7.32151794e+00,1.45711914e+04,2.04133770e+04,1.45256807e+04,2.13892139e+03
7.53554821e+00,1.48909297e+04,2.08613789e+04,1.48451953e+04,2.21190308e+03
7.75508738e+00,1.53058428e+04,2.14424922e+04,1.52524131e+04,2.28559595e+03
7.98027754e+00,1.54065850e+04,2.15832148e+04,1.53361416e+04,2.31582642e+03
8.21126270e+00,1.48379844e+04,2.07858164e+04,1.47382773e+04,2.23948779e+03
8.44819450e+00,1.26599609e+04,1.77349180e+04,1.25878525e+04,1.99241663e+03
8.69122219e+00,1.04667881e+04,1.46641328e+04,1.04755732e+04,1.76719763e+03
8.94050789e+00,1.04946963e+04,1.47040293e+04,1.05380605e+04,1.80985864e+03
9.19620800e+00,1.15891973e+04,1.62378965e+04,1.16617969e+04,1.99356348e+03
9.45849037e+00,1.35679492e+04,1.90114922e+04,1.37080684e+04,2.31309985e+03
9.72752285e+00,1.68639277e+04,2.36299062e+04,1.70402773e+04,2.79103394e+03
1.00034800e+01,1.84758320e+04,2.58864844e+04,1.85921973e+04,2.95296509e+03
1.02865391e+01,1.67816680e+04,2.35121230e+04,1.68732676e+04,2.70409375e+03
1.05768833e+01,1.66663418e+04,2.33512812e+04,1.67878379e+04,2.68869287e+03
1.08747025e+01,1.81124961e+04,2.53756680e+04,1.81604688e+04,2.79246924e+03
1.11801853e+01,1.74792129e+04,2.44861699e+04,1.74346445e+04,2.62639233e+03
1.14935322e+01,1.57877529e+04,2.21163945e+04,1.57532090e+04,2.40098511e+03
1.18149433e+01,1.42529775e+04,1.99672266e+04,1.42960693e+04,2.24000244e+03
1.21446266e+01,1.35902178e+04,1.90417617e+04,1.38083506e+04,2.23725244e+03
1.24827967e+01,1.37060752e+04,1.92055723e+04,1.40415381e+04,2.25239014e+03
1.28296700e+01,1.28745488e+04,1.80395312e+04,1.32313320e+04,2.06415894e+03
1.31854706e+01,1.04641943e+04,1.46629697e+04,1.09049785e+04,1.71933496e+03
1.35504293e+01,8.20971289e+03,1.15074805e+04,8.81893848e+03,1.46335315e+03
1.39247818e+01,7.27339795e+03,1.01989971e+04,8.02237109e+03,1.37872424e+03
1.43087692e+01,7.83833838e+03,1.09928623e+04,8.73768555e+03,1.48813525e+03
1.47026405e+01,9.86439062e+03,1.38341221e+04,1.10574004e+04,1.75872021e+03
1.51066484e+01,1.11464092e+04,1.56363428e+04,1.27741094e+04,1.96531738e+03
1.55210552e+01,1.25755020e+04,1.76496914e+04,1.46633047e+04,2.23673901e+03
1.59461288e+01,1.49361104e+04,2.09631250e+04,1.71908730e+04,2.54928247e+03
1.63821430e+01,1.60204199e+04,2.24804551e+04,1.87675977e+04,2.66202954e+03
1.68293781e+01,1.69959883e+04,2.38563125e+04,2.13169707e+04,2.79274854e+03
1.72881241e+01,2.18475820e+04,3.06842402e+04,2.69275547e+04,3.27171924e+03
1.77586803e+01,2.75345859e+04,3.86717383e+04,3.19004824e+04,3.70045532e+03
1.82413464e+01,3.00930996e+04,4.22960703e+04,3.31165078e+04,3.64339990e+03
1.87364349e+01,3.25833047e+04,4.57429023e+04,3.17679297e+04,3.48262549e+03
1.92442665e+01,3.37498672e+04,4.72278789e+04,3.10352539e+04,3.37898047e+03
1.97651691e+01,3.30642773e+04,4.62504062e+04,3.04692617e+04,3.41732446e+03
2.02994785e+01,3.28129414e+04,4.59039219e+04,3.02740762e+04,3.48545044e+03
2.08475418e+01,3.39004609e+04,4.74233750e+04,3.13247266e+04,3.57835889e+03
2.14097099e+01,3.23930703e+04,4.53067266e+04,2.94345176e+04,3.45899536e+03
2.19863453e+01,3.04976211e+04,4.26543750e+04,2.76754688e+04,3.29416895e+03
2.25778236e+01,3.17814922e+04,4.44507109e+04,2.87811777e+04,3.27298926e+03
2.31845264e+01,3.01830254e+04,4.22175508e+04,2.74169883e+04,3.15651807e+03
2.38068466e+01,3.12516777e+04,4.37154922e+04,2.85990977e+04,3.23175928e+03
2.44451809e+01,2.86511191e+04,4.00735938e+04,2.62553438e+04,2.97725537e+03
2.50999470e+01,2.59216133e+04,3.62665000e+04,2.44430117e+04,2.46276123e+03
2.57715645e+01,2.44729941e+04,3.42280781e+04,2.20507500e+04,1.09798547e+03
2.64604683e+01,1.77344727e+04,2.47768555e+04,1.45103086e+04,5.36368103e+02
2.71671047e+01,1.06268887e+04,1.48446797e+04,8.69384961e+03,3.42369141e+02
2.78919277e+01,1.27801221e+04,1.78656484e+04,1.08240547e+04,2.85073944e+02
2.86354065e+01,1.21828301e+04,1.70060684e+04,9.04192871e+03,9.35285873e+01
2.93980217e+01,4.27454785e+03,5.94361035e+03,2.35733398e+03,1.04757576e+01
3.01802654e+01,1.47159668e+03,2.04298914e+03,7.38840027e+02,4.91900444e+00
3.09826431e+01,5.79596252e+02,8.03529053e+02,2.49660980e+02,2.72408545e-01
3.18056717e+01,2.69004242e+02,3.71825592e+02,9.00999832e+01,1.66869640e-01
3.26498833e+01,8.94108887e+01,1.22867065e+02,2.07169838e+01,1.94110721e-03
3.35158234e+01,4.64401054e+01,6.36643753e+01,9.01194477e+00,2.53273989e-04
3.44040565e+01,2.08598900e+01,2.83939190e+01,2.13735271e+00,7.37724167e-06
3.53151436e+01,8.58322430e+00,1.15837002e+01,2.95026243e-01,5.78762865e-06
3.62496834e+01,3.33315873e+00,4.45583677e+00,4.70817760e-02,2.41780049e-06
3.72082787e+01,8.36608589e-01,1.10665202e+00,6.35200832e-03,9.17556804e-07
3.81915474e+01,2.18303859e-01,2.86155403e-01,2.19804514e-03,3.09770371e-07
3.92001228e+01,5.69561273e-02,7.47090578e-02,1.05026574e-03,9.16176859e-08
4.02346535e+01,1.69625208e-02,2.23695338e-02,2.87146016e-04,3.40501920e-08
4.12958107e+01,4.56530089e-03,6.07160572e-03,6.40316721e-05,1.01308775e-08
4.23842850e+01,1.81636761e-03,2.41315784e-03,1.86775378e-05,4.16784918e-09
4.35007744e+01,4.82401054e-04,6.36501238e-04,3.55822976e-06,1.10025600e-09
4.46459999e+01,9.23660409e-05,1.21075005e-04,8.51118386e-07,2.01910030e-10
4.58207016e+01,6.82439031e-06,8.84176279e-06,1.07514154e-07,1.29978172e-11
4.70256386e+01,1.97513430e-07,2.57021952e-07,7.86980880e-09,3.84209212e-13
4.82615852e+01,3.11261559e-08,4.09466061e-08,1.23037769e-09,7.03024336e-14
4.95293465e+01,1.52927671e-09,2.01182537e-09,6.78859607e-11,3.39853102e-15
5.08297386e+01,5.73052092e-11,7.53243440e-11,2.29668801e-12,8.32943890e-19
5.21635971e+01,6.37580537e-14,8.20927527e-14,2.60279122e-15,9.15188494e-20
5.35317917e+01,1.72212611e-16,2.08173660e-16,1.22379373e-16,1.07575222e-21
5.49351997e+01,1.10923967e-16,1.22447678e-16,2.59061325e-18,1.45254268e-23
5.63747253e+01,2.35121457e-18,2.38534487e-18,2.13082677e-18,3.14607858e-23
5.78513031e+01,3.64038920e-18,3.51151322e-18,8.02935755e-20,6.08999756e-26
5.93278885e+01,2.22355729e-20,6.11502186e-20,1.06344872e-21,7.31184696e-27
6.08044662e+01,1.58120199e-21,1.56618591e-21,6.13242860e-23,3.85796268e-28
6.22810478e+01,3.70659139e-23,6.01668062e-23,8.05265564e-25,4.88873694e-29
6.37576256e+01,1.04142399e-24,1.09752975e-24,4.11668943e-26,2.20458276e-31
6.52341995e+01,3.52224853e-26,6.06222226e-26,9.26361037e-28,8.01072364e-32
6.67107849e+01,9.87058741e-28,1.06607348e-27,2.90055492e-29,1.23092626e-34
6.81873703e+01,4.65002183e-29,6.32609607e-29,1.41399096e-30,1.23825909e-34
6.96639481e+01,2.23968387e-30,2.32674230e-30,5.48827968e-32,1.27804590e-36
7.11405258e+01,1.01283379e-31,1.63535338e-31,3.32396521e-33,2.63581439e-37
7.26171036e+01,4.44275298e-33,5.19697146e-33,1.12303700e-34,3.89280713e-39
7.40936813e+01,1.25983159e-34,2.15718435e-34,5.02950547e-36,3.09686961e-40
7.55702591e+01,3.62557571e-36,4.68096429e-36,9.75724121e-38,0.00000000e+00
7.70468445e+01,5.50430037e-38,1.06247851e-37,3.43177994e-39,0.00000000e+00
7.85234222e+01,6.09564832e-40,9.75303731e-40,9.80908925e-42,0.00000000e+00
8.00000000e+01,2.49431127e-40,3.30706438e-40,0.00000000e+00,0.00000000e+00
