Height (km), 7_8 um ash conc (g/kg), 15_6 um ash conc (g/kg), 125 um ash conc (g/kg), 1 mm ash conc (g/kg)
0.00000000e+00,0.00000000e+00,0.00000000e+00,0.00000000e+00,0.00000000e+00
3.99999991e-02,5.76791532e-15,1.20127195e-14,1.33236080e-01,4.47375107e+00
7.99999982e-02,6.57047875e-13,2.07549646e-12,1.41274825e-01,6.00228596e+00
1.19999997e-01,3.53593578e-11,1.15181267e-10,1.40852869e-01,6.66834736e+00
1.59999996e-01,2.25950425e-10,7.57949647e-10,1.62223920e-01,7.96995926e+00
2.00000003e-01,1.05519449e-09,3.63838382e-09,1.63639218e-01,8.10666847e+00
2.39999995e-01,4.12364765e-09,1.45736090e-08,1.78570062e-01,9.44698238e+00
2.80000001e-01,1.52741837e-08,5.39154712e-08,1.94266900e-01,1.06497269e+01
3.19999993e-01,5.88543969e-08,2.17777028e-07,2.32456625e-01,1.46964073e+01
3.60000014e-01,2.62099377e-07,9.62441845e-07,2.24369615e-01,1.66674767e+01
4.00000006e-01,7.94920538e-07,3.23718859e-06,2.86748707e-01,2.08079262e+01
4.39999998e-01,2.10888584e-06,8.34800085e-06,2.75755882e-01,2.40835266e+01
4.79999989e-01,3.86441479e-06,1.36888439e-05,3.18226397e-01,2.23538342e+01
5.19999981e-01,6.92165122e-06,2.17289671e-05,3.39888692e-01,2.53825417e+01
5.60000002e-01,1.15812281e-05,3.35519726e-05,4.00223792e-01,2.61143036e+01
6.00000024e-01,1.80363368e-05,5.23565614e-05,4.35851216e-01,2.77946091e+01
6.41029537e-01,3.63166691e-05,9.85125516e-05,4.84373152e-01,3.22026520e+01
6.83115125e-01,7.89663463e-05,1.87989965e-04,5.37371457e-01,2.88544884e+01
7.26283848e-01,2.03905947e-04,4.12730267e-04,5.90327621e-01,3.75497704e+01
7.70563781e-01,4.95422166e-04,8.87497561e-04,6.55351996e-01,3.91800499e+01
8.15983355e-01,1.02833519e-03,1.71612785e-03,7.00719118e-01,4.20903625e+01
8.62571895e-01,2.05181376e-03,3.26472684e-03,7.65438557e-01,4.07754822e+01
9.10359621e-01,3.28819430e-03,5.09112282e-03,8.13994110e-01,4.51518021e+01
9.59377348e-01,4.64469101e-03,7.15113245e-03,8.62739801e-01,4.33674164e+01
1.00965667e+00,6.29577506e-03,9.78430733e-03,9.17429686e-01,5.06941605e+01
1.06123006e+00,8.43312684e-03,1.32222921e-02,9.65130985e-01,4.73549118e+01
1.11413085e+00,1.14078205e-02,1.80172995e-02,1.04234409e+00,5.46961517e+01
1.16839325e+00,1.66153852e-02,2.63624750e-02,1.12330210e+00,5.63392029e+01
1.22405231e+00,2.39953641e-02,3.84723432e-02,1.20238042e+00,6.18724670e+01
1.28114390e+00,3.53757329e-02,5.72638288e-02,1.35287213e+00,6.97476807e+01
1.33970511e+00,5.01875021e-02,8.16122666e-02,1.54090130e+00,7.30003357e+01
1.39977336e+00,2.07146250e+04,2.90029453e+04,1.95453613e+04,1.37415344e+03
1.46138775e+00,2.69690742e+04,3.77146875e+04,2.28357012e+04,1.46654468e+03
1.52458799e+00,1.68497637e+04,2.35596836e+04,1.44675049e+04,1.09580322e+03
1.58941495e+00,1.61469102e+04,2.25900234e+04,1.44164326e+04,1.27635864e+03
1.65591037e+00,1.54795117e+04,2.16589805e+04,1.39262012e+04,1.27784717e+03
1.72411728e+00,1.41264727e+04,1.97657969e+04,1.27082070e+04,1.19857129e+03
1.79407966e+00,1.26317812e+04,1.76759336e+04,1.14397900e+04,1.16512329e+03
1.86584306e+00,1.19764883e+04,1.67626406e+04,1.10164746e+04,1.23118481e+03
1.93945324e+00,1.22009268e+04,1.70820312e+04,1.14613701e+04,1.42728528e+03
2.01495814e+00,1.35002051e+04,1.89083418e+04,1.30436367e+04,1.81449146e+03
2.09240627e+00,1.63863926e+04,2.29588594e+04,1.63053604e+04,2.47859082e+03
2.17184782e+00,2.01737891e+04,2.82696758e+04,2.03713828e+04,3.08543750e+03
2.25333428e+00,2.27305000e+04,3.18502539e+04,2.28854727e+04,3.29393945e+03
2.33691788e+00,2.33676680e+04,3.27392520e+04,2.33408438e+04,3.18551611e+03
2.42265272e+00,2.26015352e+04,3.16613008e+04,2.23076211e+04,2.87238794e+03
2.51059437e+00,2.08254473e+04,2.91683633e+04,2.02663750e+04,2.42587744e+03
2.60079956e+00,1.87218242e+04,2.62185000e+04,1.79960410e+04,2.05453418e+03
2.69332647e+00,1.71847891e+04,2.40639297e+04,1.63466270e+04,1.79386218e+03
2.78823495e+00,1.62599102e+04,2.27675273e+04,1.53492021e+04,1.69751099e+03
2.88558602e+00,1.58747305e+04,2.22289570e+04,1.50023027e+04,1.72405762e+03
2.98544264e+00,1.68272832e+04,2.35659297e+04,1.60441162e+04,1.94954932e+03
3.08786964e+00,1.84526328e+04,2.58431738e+04,1.76299141e+04,2.17270508e+03
3.19293284e+00,1.94581445e+04,2.72496406e+04,1.85342266e+04,2.27993457e+03
3.30070019e+00,1.90471582e+04,2.66712168e+04,1.80330195e+04,2.20590186e+03
3.41124129e+00,1.77051152e+04,2.47901445e+04,1.66835664e+04,2.08089819e+03
3.52462745e+00,1.61357490e+04,2.25932285e+04,1.52293564e+04,1.96912158e+03
3.64093208e+00,1.48562529e+04,2.08038047e+04,1.41179092e+04,1.92524866e+03
3.76023054e+00,1.41461738e+04,1.98125645e+04,1.35873926e+04,1.90093420e+03
3.88259912e+00,1.41123584e+04,1.97675020e+04,1.36777070e+04,1.96426929e+03
4.00811720e+00,1.45353027e+04,2.03609199e+04,1.41594248e+04,2.02279443e+03
4.13686609e+00,1.53576045e+04,2.15139805e+04,1.50452715e+04,2.19371997e+03
4.26892853e+00,1.67131406e+04,2.34154355e+04,1.65164062e+04,2.43467480e+03
4.40439081e+00,1.88691836e+04,2.64387246e+04,1.87874102e+04,2.78312207e+03
4.54333878e+00,2.05759355e+04,2.88284062e+04,2.04347656e+04,2.94356958e+03
4.68586397e+00,2.05761406e+04,2.88261895e+04,2.03719180e+04,2.92523657e+03
4.83205652e+00,2.04849551e+04,2.86973164e+04,2.02496699e+04,2.84427441e+03
4.98201227e+00,2.02602734e+04,2.83803027e+04,1.98995352e+04,2.67905127e+03
5.13582754e+00,1.94723105e+04,2.72735078e+04,1.89450879e+04,2.43991699e+03
5.29360199e+00,1.82718125e+04,2.55891641e+04,1.76071934e+04,2.19778149e+03
5.45543718e+00,1.71785352e+04,2.40563613e+04,1.64451094e+04,2.01069910e+03
5.62143755e+00,1.65216465e+04,2.31349961e+04,1.57274609e+04,1.93199939e+03
5.79171038e+00,1.58596562e+04,2.22066152e+04,1.50250293e+04,1.82680542e+03
5.96636629e+00,1.51692256e+04,2.12398105e+04,1.43576074e+04,1.79717200e+03
6.14551687e+00,1.48952168e+04,2.08559688e+04,1.40757783e+04,1.74021069e+03
6.32927942e+00,1.45807129e+04,2.04147480e+04,1.37396689e+04,1.74115417e+03
6.51777077e+00,1.41045176e+04,1.97483379e+04,1.33134766e+04,1.68310083e+03
6.71111441e+00,1.42263652e+04,1.99189609e+04,1.34388994e+04,1.75087231e+03
6.90943432e+00,1.42396318e+04,1.99367109e+04,1.34383730e+04,1.73166260e+03
7.11285782e+00,1.38812383e+04,1.94355391e+04,1.31529502e+04,1.77315967e+03
7.32151794e+00,1.35833809e+04,1.90188496e+04,1.29056191e+04,1.74462476e+03
7.53554821e+00,1.24469893e+04,1.74288496e+04,1.18907822e+04,1.68003381e+03
7.75508738e+00,1.13459834e+04,1.58884961e+04,1.09067559e+04,1.55475513e+03
7.98027754e+00,1.00890049e+04,1.41291318e+04,9.74148438e+03,1.42368018e+03
8.21126270e+00,1.00575098e+04,1.40876865e+04,9.82909082e+03,1.47107471e+03
8.44819450e+00,1.24847480e+04,1.74862969e+04,1.21550459e+04,1.72876807e+03
8.69122219e+00,1.45687676e+04,2.04021348e+04,1.40446748e+04,1.87962939e+03
8.94050789e+00,1.58171953e+04,2.21527500e+04,1.53038320e+04,2.04261670e+03
9.19620800e+00,1.82656660e+04,2.55779961e+04,1.74970215e+04,2.18788745e+03
9.45849037e+00,1.49617559e+04,2.09470918e+04,1.41712607e+04,1.71442175e+03
9.72752285e+00,1.05330176e+04,1.47450684e+04,9.93023340e+03,1.23469653e+03
1.00034800e+01,8.59484180e+03,1.20322246e+04,8.18118945e+03,1.10042798e+03
1.02865391e+01,9.56140723e+03,1.33865068e+04,9.22962695e+03,1.27030750e+03
1.05768833e+01,1.13111768e+04,1.58363066e+04,1.09859707e+04,1.47636560e+03
1.08747025e+01,1.21936602e+04,1.70718633e+04,1.19378330e+04,1.59163684e+03
1.11801853e+01,1.06696738e+04,1.49380703e+04,1.06334580e+04,1.44409668e+03
1.14935322e+01,7.54409424e+03,1.05661309e+04,7.96438135e+03,1.16372791e+03
1.18149433e+01,6.99346924e+03,9.80046484e+03,7.78028027e+03,1.15322949e+03
1.21446266e+01,8.85394336e+03,1.24064834e+04,9.76004199e+03,1.35534155e+03
1.24827967e+01,1.16600352e+04,1.63341738e+04,1.25611934e+04,1.62953113e+03
1.28296700e+01,1.37276865e+04,1.92280312e+04,1.46419590e+04,1.78391785e+03
1.31854706e+01,1.25027451e+04,1.75107500e+04,1.34577969e+04,1.56300281e+03
1.35504293e+01,9.93613086e+03,1.39193018e+04,1.11245283e+04,1.28136877e+03
1.39247818e+01,8.13711523e+03,1.14066055e+04,9.73731934e+03,1.11952795e+03
1.43087692e+01,7.10943750e+03,9.97226270e+03,9.00743652e+03,1.01003717e+03
1.47026405e+01,6.79088916e+03,9.53101758e+03,8.88739062e+03,9.69542603e+02
1.51066484e+01,7.36585938e+03,1.03459434e+04,9.69884668e+03,1.07525293e+03
1.55210552e+01,8.64052246e+03,1.21425410e+04,1.13291494e+04,1.24765771e+03
1.59461288e+01,1.04271445e+04,1.46529102e+04,1.32430078e+04,1.38226245e+03
1.63821430e+01,1.15769180e+04,1.62675166e+04,1.40547949e+04,1.40958167e+03
1.68293781e+01,1.13900811e+04,1.60138086e+04,1.36177803e+04,1.40306958e+03
1.72881241e+01,1.03327988e+04,1.45379854e+04,1.27909551e+04,1.41856055e+03
1.77586803e+01,1.02342803e+04,1.44115137e+04,1.33741387e+04,1.52707043e+03
1.82413464e+01,1.17170850e+04,1.65280664e+04,1.56584326e+04,1.65446448e+03
1.87364349e+01,1.49188838e+04,2.10581211e+04,1.82354805e+04,1.72925012e+03
1.92442665e+01,1.92443184e+04,2.71228652e+04,2.00099727e+04,1.73303809e+03
1.97651691e+01,2.38309707e+04,3.35483984e+04,2.12924648e+04,1.65875574e+03
2.02994785e+01,2.82339355e+04,3.95399062e+04,2.17974688e+04,1.64444189e+03
2.08475418e+01,3.13361270e+04,4.37306367e+04,2.40403770e+04,1.76738965e+03
2.14097099e+01,3.18531562e+04,4.44019961e+04,2.43139727e+04,1.80475452e+03
2.19863453e+01,3.42883008e+04,4.77952539e+04,2.70340273e+04,2.37154395e+03
2.25778236e+01,3.52140391e+04,4.90977031e+04,2.79891953e+04,2.25697632e+03
2.31845264e+01,2.97425859e+04,4.14503125e+04,2.24566133e+04,1.49255151e+03
2.38068466e+01,2.60389316e+04,3.63111797e+04,1.92082969e+04,9.36215698e+02
2.44451809e+01,2.45504141e+04,3.42364922e+04,1.71595547e+04,7.40610596e+02
2.50999470e+01,2.16602500e+04,3.01816348e+04,1.41310547e+04,7.04718140e+02
2.57715645e+01,1.75524453e+04,2.44423359e+04,1.14413613e+04,6.62081665e+02
2.64604683e+01,1.30257285e+04,1.81438672e+04,9.04214355e+03,6.04630310e+02
2.71671047e+01,8.82515625e+03,1.23123545e+04,6.84539062e+03,5.18046265e+02
2.78919277e+01,7.71788477e+03,1.07764922e+04,6.20246973e+03,4.38959473e+02
2.86354065e+01,5.50587207e+03,7.68903467e+03,4.45860303e+03,2.44694794e+02
2.93980217e+01,2.61277808e+03,3.64057837e+03,1.82057886e+03,4.49681129e+01
3.01802654e+01,4.95367432e+02,6.86138062e+02,2.30668381e+02,1.16769664e-01
3.09826431e+01,1.59713226e+02,2.19121155e+02,2.41054916e+01,1.03403472e-04
3.18056717e+01,9.41607513e+01,1.27933403e+02,4.97994089e+00,1.41390396e-04
3.26498833e+01,4.34702377e+01,5.85326614e+01,2.09554338e+00,3.87103719e-05
3.35158234e+01,1.78536987e+01,2.37621231e+01,3.11852306e-01,1.43536190e-05
3.44040565e+01,5.17984247e+00,6.78105736e+00,4.34027091e-02,1.28627980e-05
3.53151436e+01,2.73221397e+00,3.53409147e+00,5.66737540e-02,4.85791406e-06
3.62496834e+01,1.25594544e+00,1.62412858e+00,2.62716115e-02,1.21337246e-06
3.72082787e+01,2.64336407e-01,3.37517321e-01,9.49757232e-04,1.33674519e-06
3.81915474e+01,3.77302952e-02,4.74523827e-02,3.96146133e-05,3.71335830e-07
3.92001228e+01,5.67630259e-03,7.10997544e-03,4.33069035e-05,6.03026677e-08
4.02346535e+01,5.57128049e-04,6.91347464e-04,6.68966732e-06,5.65587399e-09
4.12958107e+01,7.11521279e-05,9.02213360e-05,1.84985583e-06,4.13949652e-10
4.23842850e+01,6.72408532e-06,8.50991910e-06,2.91838973e-07,2.82252745e-11
4.35007744e+01,5.09124334e-07,6.68908683e-07,3.24969065e-08,2.05487970e-12
4.46459999e+01,4.33357066e-08,5.70318477e-08,2.42404030e-09,1.69031266e-13
4.58207016e+01,2.34780972e-09,3.07922754e-09,1.00564973e-10,9.61013004e-15
4.70256386e+01,5.01531074e-11,6.51992696e-11,1.56618371e-12,2.00476777e-16
4.82615852e+01,1.76519308e-13,2.22962423e-13,6.44265711e-15,3.99070340e-19
4.95293465e+01,9.56540120e-16,1.31892919e-15,3.38716002e-17,2.33039639e-21
5.08297386e+01,3.52856720e-18,3.99837271e-18,4.82420134e-20,9.97345404e-24
5.21635971e+01,7.67115099e-19,8.70709958e-19,1.87010350e-21,1.30154691e-25
5.35317917e+01,7.26812666e-22,1.48361558e-21,1.72364704e-23,3.98012567e-27
5.49351997e+01,1.96830565e-22,2.06751545e-22,2.02515016e-25,8.52452765e-29
5.63747253e+01,1.39219898e-24,2.31796699e-24,1.00647327e-26,1.59570048e-30
5.78513031e+01,8.25752663e-26,8.70376491e-26,1.52334811e-28,7.19378856e-32
5.93278885e+01,2.04960488e-27,3.02962724e-27,1.31356773e-29,3.06101484e-33
6.08044662e+01,1.22462073e-28,1.24880235e-28,2.05337986e-31,7.05667970e-35
6.22810478e+01,3.05682566e-30,3.97780141e-30,1.58360806e-32,3.34673659e-36
6.37576256e+01,1.14152715e-31,1.28723097e-31,2.47550087e-34,6.86299936e-38
6.52341995e+01,3.31047531e-33,3.87109502e-33,1.58202269e-35,2.74934759e-39
6.67107849e+01,8.95137054e-35,1.01641633e-34,3.02791182e-37,4.34402524e-41
6.81873703e+01,4.06805886e-36,3.86594974e-36,1.61485635e-38,0.00000000e+00
6.96639481e+01,9.94753754e-38,9.63098422e-38,3.62936302e-40,0.00000000e+00
7.11405258e+01,5.40620948e-39,5.80137564e-39,0.00000000e+00,0.00000000e+00
7.26171036e+01,1.26116862e-40,1.33123354e-40,0.00000000e+00,0.00000000e+00
7.40936813e+01,0.00000000e+00,0.00000000e+00,0.00000000e+00,0.00000000e+00
7.55702591e+01,0.00000000e+00,0.00000000e+00,0.00000000e+00,0.00000000e+00
7.70468445e+01,0.00000000e+00,0.00000000e+00,0.00000000e+00,0.00000000e+00
7.85234222e+01,0.00000000e+00,0.00000000e+00,0.00000000e+00,0.00000000e+00
8.00000000e+01,0.00000000e+00,0.00000000e+00,0.00000000e+00,0.00000000e+00
