Height (km), 7_8 um ash conc (g/kg), 15_6 um ash conc (g/kg), 125 um ash conc (g/kg), 1 mm ash conc (g/kg)
0.00000000e+00,0.00000000e+00,0.00000000e+00,0.00000000e+00,0.00000000e+00
3.99999991e-02,0.00000000e+00,0.00000000e+00,0.00000000e+00,5.09754181e-01
7.99999982e-02,0.00000000e+00,0.00000000e+00,0.00000000e+00,1.33930683e+00
1.19999997e-01,0.00000000e+00,0.00000000e+00,0.00000000e+00,1.97675371e+00
1.59999996e-01,0.00000000e+00,0.00000000e+00,0.00000000e+00,2.72116709e+00
2.00000003e-01,0.00000000e+00,1.40129846e-42,0.00000000e+00,3.24466276e+00
2.39999995e-01,5.88545355e-41,7.42688186e-41,2.80259693e-41,4.25118923e+00
2.80000001e-01,4.66136351e-37,6.29255878e-37,5.34549133e-37,5.02098656e+00
3.19999993e-01,3.73296943e-35,5.05701458e-35,4.70803223e-35,6.27209759e+00
3.60000014e-01,1.18537034e-32,1.60234456e-32,1.48305157e-32,9.27990055e+00
4.00000006e-01,6.88813688e-31,9.34832383e-31,9.90539531e-31,1.01583452e+01
4.39999998e-01,1.09955192e-28,1.48590912e-28,1.46214242e-28,1.27857742e+01
4.79999989e-01,1.04417034e-26,1.42503778e-26,1.87483502e-26,1.40507555e+01
5.19999981e-01,3.84739592e-25,5.25204066e-25,7.33052004e-25,1.68732853e+01
5.60000002e-01,9.47589817e-24,1.29043863e-23,1.75967132e-23,1.67905693e+01
6.00000024e-01,2.15720313e-22,2.96088805e-22,5.15392238e-22,1.99776287e+01
6.41029537e-01,2.54207466e-21,3.49056405e-21,6.76972287e-21,2.18690548e+01
6.83115125e-01,2.47891619e-20,3.39058457e-20,6.72426171e-20,2.24624634e+01
7.26283848e-01,4.27472284e-19,5.76949068e-19,1.11073751e-18,2.51623688e+01
7.70563781e-01,4.75455268e-18,6.43823829e-18,1.37942359e-17,2.73306961e+01
8.15983355e-01,9.12181957e-17,1.21653572e-16,2.28670573e-16,2.76599503e+01
8.62571895e-01,5.48985717e-16,7.38584831e-16,1.82075598e-15,3.16086807e+01
9.10359621e-01,5.88198991e-15,7.69504276e-15,1.29001424e-14,3.49251785e+01
9.59377348e-01,3.47428554e-14,4.53591225e-14,8.62815543e-14,3.92020683e+01
1.00965667e+00,2.43608573e-13,3.12743429e-13,5.42136377e-13,4.32154121e+01
1.06123006e+00,2.28465467e-12,2.86228962e-12,3.47181789e-12,4.75455170e+01
1.11413085e+00,1.80096701e-11,2.24116854e-11,2.80872409e-11,4.70011978e+01
1.16839325e+00,8.93311952e-11,1.09868829e-10,1.66537589e-10,5.23677025e+01
1.22405231e+00,2.82612711e-10,3.45471984e-10,7.69070307e-10,5.41334915e+01
1.28114390e+00,6.86038171e-10,8.48756176e-10,4.62493865e-09,6.59340973e+01
1.33970511e+00,1.54814028e-09,1.92858018e-09,1.96126706e-08,6.66780930e+01
1.39977336e+00,2.01567676e+04,2.82357754e+04,1.99690078e+04,2.10354004e+03
1.46138775e+00,2.51958633e+04,3.52743711e+04,2.36620527e+04,1.99306079e+03
1.52458799e+00,1.42003750e+04,1.98790312e+04,1.34114727e+04,1.30368921e+03
1.58941495e+00,1.42799297e+04,1.99986289e+04,1.38841719e+04,1.61223376e+03
1.65591037e+00,1.55771387e+04,2.18189297e+04,1.53255664e+04,1.86945020e+03
1.72411728e+00,1.64642402e+04,2.30619453e+04,1.62223828e+04,1.96969495e+03
1.79407966e+00,1.63021270e+04,2.28336504e+04,1.59985840e+04,1.88120386e+03
1.86584306e+00,1.52523535e+04,2.13616426e+04,1.48803535e+04,1.69411401e+03
1.93945324e+00,1.36923486e+04,1.91754102e+04,1.32835488e+04,1.48014038e+03
2.01495814e+00,1.20498652e+04,1.68745039e+04,1.16492812e+04,1.30127417e+03
2.09240627e+00,1.06588047e+04,1.49265195e+04,1.03012598e+04,1.18102344e+03
2.17184782e+00,9.63921973e+03,1.34992646e+04,9.33918750e+03,1.11697803e+03
2.25333428e+00,8.98262891e+03,1.25806484e+04,8.74258008e+03,1.09621179e+03
2.33691788e+00,8.67604102e+03,1.21524492e+04,8.49872266e+03,1.12300623e+03
2.42265272e+00,8.71439844e+03,1.22076406e+04,8.60759473e+03,1.20999927e+03
2.51059437e+00,9.24286035e+03,1.29496162e+04,9.21645703e+03,1.37505029e+03
2.60079956e+00,1.03434941e+04,1.44932920e+04,1.04063398e+04,1.61461914e+03
2.69332647e+00,1.19475098e+04,1.67422949e+04,1.21125605e+04,1.95075439e+03
2.78823495e+00,1.40199824e+04,1.96477617e+04,1.43055410e+04,2.36444702e+03
2.88558602e+00,1.65442402e+04,2.31861641e+04,1.69612031e+04,2.84504590e+03
2.98544264e+00,1.93270391e+04,2.70863203e+04,1.98610977e+04,3.33435303e+03
3.08786964e+00,2.18059648e+04,3.05597656e+04,2.24063633e+04,3.70715527e+03
3.19293284e+00,2.34636836e+04,3.28813516e+04,2.40438809e+04,3.86040332e+03
3.30070019e+00,2.40990449e+04,3.37692539e+04,2.45632969e+04,3.76399121e+03
3.41124129e+00,2.38021797e+04,3.33502188e+04,2.40826133e+04,3.50262817e+03
3.52462745e+00,2.26814277e+04,3.17766367e+04,2.27517344e+04,3.12745312e+03
3.64093208e+00,2.08243066e+04,2.91717988e+04,2.07056602e+04,2.71915625e+03
3.76023054e+00,1.87421719e+04,2.62526836e+04,1.84914023e+04,2.34964014e+03
3.88259912e+00,1.67431602e+04,2.34510293e+04,1.64184609e+04,2.05904443e+03
4.00811720e+00,1.48681797e+04,2.08239746e+04,1.45193223e+04,1.82895923e+03
4.13686609e+00,1.32372812e+04,1.85395254e+04,1.29017637e+04,1.65641223e+03
4.26892853e+00,1.19874014e+04,1.67892363e+04,1.16862383e+04,1.56051306e+03
4.40439081e+00,1.10630312e+04,1.54951279e+04,1.08066309e+04,1.49325366e+03
4.54333878e+00,1.03809316e+04,1.45405605e+04,1.01779199e+04,1.47810791e+03
4.68586397e+00,1.00576152e+04,1.40886904e+04,9.91113965e+03,1.49860767e+03
4.83205652e+00,1.00904395e+04,1.41356250e+04,9.99435547e+03,1.56763940e+03
4.98201227e+00,1.03203555e+04,1.44586689e+04,1.02768301e+04,1.66092712e+03
5.13582754e+00,1.08030342e+04,1.51359570e+04,1.08209551e+04,1.79528210e+03
5.29360199e+00,1.15761875e+04,1.62200625e+04,1.16500479e+04,1.96198743e+03
5.45543718e+00,1.24817627e+04,1.74895742e+04,1.26084453e+04,2.14717334e+03
5.62143755e+00,1.34894209e+04,1.89019707e+04,1.36640107e+04,2.33712183e+03
5.79171038e+00,1.45563730e+04,2.03972461e+04,1.47700957e+04,2.54076733e+03
5.96636629e+00,1.56760596e+04,2.19662930e+04,1.59267031e+04,2.74262549e+03
6.14551687e+00,1.67932695e+04,2.35316875e+04,1.70756621e+04,2.94743945e+03
6.32927942e+00,1.77068320e+04,2.48116250e+04,1.80126250e+04,3.10044482e+03
6.51777077e+00,1.85523906e+04,2.59960645e+04,1.88650898e+04,3.21993628e+03
6.71111441e+00,1.92089473e+04,2.69152266e+04,1.94966211e+04,3.25939795e+03
6.90943432e+00,1.93174023e+04,2.70660117e+04,1.95428086e+04,3.18822339e+03
7.11285782e+00,1.92979316e+04,2.70371855e+04,1.94286973e+04,3.06567065e+03
7.32151794e+00,1.88803125e+04,2.64504648e+04,1.89007031e+04,2.89866211e+03
7.53554821e+00,1.82015273e+04,2.54981055e+04,1.81252109e+04,2.73299170e+03
7.75508738e+00,1.74612480e+04,2.44598008e+04,1.73034551e+04,2.58715332e+03
7.98027754e+00,1.63137441e+04,2.28517949e+04,1.61185391e+04,2.44203125e+03
8.21126270e+00,1.53626230e+04,2.15194473e+04,1.51715137e+04,2.36132422e+03
8.44819450e+00,1.42030430e+04,1.98957734e+04,1.40590273e+04,2.27863525e+03
8.69122219e+00,1.37413584e+04,1.92499551e+04,1.36464902e+04,2.28524292e+03
8.94050789e+00,1.36968975e+04,1.91881680e+04,1.36365166e+04,2.34746460e+03
9.19620800e+00,1.36804258e+04,1.91665684e+04,1.37072461e+04,2.46012085e+03
9.45849037e+00,1.43387119e+04,2.00899551e+04,1.44406719e+04,2.62304248e+03
9.72752285e+00,1.32914648e+04,1.86222305e+04,1.33804658e+04,2.48175757e+03
1.00034800e+01,1.37284736e+04,1.92362441e+04,1.39038350e+04,2.65717212e+03
1.02865391e+01,1.65044551e+04,2.31263770e+04,1.67441016e+04,3.13885352e+03
1.05768833e+01,1.78782207e+04,2.50510664e+04,1.81618066e+04,3.38632422e+03
1.08747025e+01,1.69885039e+04,2.38047891e+04,1.73292461e+04,3.27999438e+03
1.11801853e+01,1.49035342e+04,2.08836914e+04,1.52549326e+04,2.94002393e+03
1.14935322e+01,1.36581562e+04,1.91387070e+04,1.39795068e+04,2.69679810e+03
1.18149433e+01,1.33866484e+04,1.87604375e+04,1.37933730e+04,2.69803662e+03
1.21446266e+01,1.52079443e+04,2.13122422e+04,1.56687441e+04,2.93204932e+03
1.24827967e+01,1.96311562e+04,2.75031914e+04,1.98897305e+04,3.25552539e+03
1.28296700e+01,1.84796016e+04,2.58948457e+04,1.90931602e+04,3.34038989e+03
1.31854706e+01,2.41988789e+04,3.39149805e+04,2.52181172e+04,4.33984863e+03
1.35504293e+01,2.69306719e+04,3.77400586e+04,2.79588945e+04,4.55534814e+03
1.39247818e+01,1.95738418e+04,2.74310332e+04,2.07595273e+04,3.55221729e+03
1.43087692e+01,1.37688779e+04,1.93082734e+04,1.56578477e+04,3.00761475e+03
1.47026405e+01,1.52567783e+04,2.14049961e+04,1.78073320e+04,3.23902930e+03
1.51066484e+01,1.68678066e+04,2.36724609e+04,1.98831914e+04,3.40761255e+03
1.55210552e+01,1.79332930e+04,2.51883730e+04,2.15630215e+04,3.59600049e+03
1.59461288e+01,2.34374297e+04,3.29074297e+04,2.69777520e+04,3.97860962e+03
1.63821430e+01,2.28022227e+04,3.20081816e+04,2.59936562e+04,3.87052954e+03
1.68293781e+01,1.96341797e+04,2.75870859e+04,2.48957480e+04,3.59734570e+03
1.72881241e+01,2.28809375e+04,3.21707246e+04,2.97417969e+04,3.58529565e+03
1.77586803e+01,2.97760781e+04,4.18224141e+04,3.52387891e+04,3.77591528e+03
1.82413464e+01,3.57896328e+04,5.02141328e+04,3.85426836e+04,3.95236108e+03
1.87364349e+01,3.96812969e+04,5.56354297e+04,3.96398125e+04,4.08329492e+03
1.92442665e+01,4.42662188e+04,6.20010117e+04,4.14706172e+04,4.40171777e+03
1.97651691e+01,4.54816523e+04,6.36618984e+04,4.12323672e+04,4.48320703e+03
2.02994785e+01,4.86465273e+04,6.80689453e+04,4.31630469e+04,4.99275977e+03
2.08475418e+01,5.23976875e+04,7.32789688e+04,4.60483125e+04,5.24162598e+03
2.14097099e+01,4.52574297e+04,6.32504023e+04,3.88190547e+04,4.15804102e+03
2.19863453e+01,3.73264375e+04,5.21491250e+04,3.26314238e+04,3.73504834e+03
2.25778236e+01,3.22244570e+04,4.50378633e+04,2.86681914e+04,3.11089697e+03
2.31845264e+01,2.33719707e+04,3.26699648e+04,2.08905273e+04,2.34071533e+03
2.38068466e+01,2.11864219e+04,2.96264141e+04,1.94476836e+04,1.75206494e+03
2.44451809e+01,1.81975410e+04,2.54430938e+04,1.61988652e+04,1.37600061e+03
2.50999470e+01,1.64740391e+04,2.30385723e+04,1.46156943e+04,1.05358618e+03
2.57715645e+01,1.16770254e+04,1.63224365e+04,9.58897266e+03,4.56420227e+02
2.64604683e+01,7.34490625e+03,1.02486357e+04,5.24759863e+03,1.66780670e+02
2.71671047e+01,4.48069629e+03,6.23494043e+03,2.68643457e+03,1.85384979e+01
2.78919277e+01,2.59410425e+03,3.60018701e+03,1.21867932e+03,1.77103496e+00
2.86354065e+01,1.11076245e+03,1.53309888e+03,3.28099762e+02,3.73618789e-02
2.93980217e+01,5.17663025e+02,7.13028381e+02,1.55832138e+02,8.36970359e-02
3.01802654e+01,3.94485687e+02,5.45772095e+02,1.74053940e+02,6.57996908e-02
3.09826431e+01,2.14356812e+02,2.96602844e+02,9.31129227e+01,1.30630913e-03
3.18056717e+01,6.24433746e+01,8.63488159e+01,2.68092709e+01,8.71809825e-05
3.26498833e+01,3.66494141e+01,5.08693466e+01,1.94794044e+01,1.14166367e-04
3.35158234e+01,4.07850418e+01,5.66112213e+01,1.53725996e+01,2.23776588e-05
3.44040565e+01,3.70660400e+01,5.13313217e+01,1.08801460e+01,7.57820962e-05
3.53151436e+01,3.84102211e+01,5.28743134e+01,5.94443512e+00,2.47417083e-05
3.62496834e+01,1.93733940e+01,2.65008163e+01,2.94562960e+00,4.74104963e-05
3.72082787e+01,1.43250914e+01,1.96702881e+01,4.07932091e+00,1.47479550e-05
3.81915474e+01,1.00043125e+01,1.37535667e+01,2.39028811e+00,2.94072561e-05
3.92001228e+01,5.70847893e+00,7.82144833e+00,8.85527730e-01,8.77509046e-06
4.02346535e+01,3.34178329e+00,4.55853462e+00,4.39841568e-01,1.92154184e-05
4.12958107e+01,1.01512086e+00,1.37106311e+00,6.42026663e-02,4.52531185e-06
4.23842850e+01,3.59305739e-01,4.86050069e-01,5.55241555e-02,2.55335726e-06
4.35007744e+01,3.18055928e-01,4.34507579e-01,5.37612364e-02,3.42679914e-06
4.46459999e+01,2.49266148e-01,3.38684440e-01,2.52439287e-02,1.69850841e-06
4.58207016e+01,9.91814584e-02,1.33904159e-01,6.70053344e-03,5.72030672e-07
4.70256386e+01,3.68000306e-02,4.93240878e-02,2.01695133e-03,1.96503379e-07
4.82615852e+01,9.38918535e-03,1.25223231e-02,4.59805975e-04,4.07603977e-08
4.95293465e+01,1.46298530e-03,1.94298103e-03,6.08490300e-05,4.75938311e-09
5.08297386e+01,1.47131228e-04,1.94257998e-04,3.55834072e-06,3.75358966e-10
5.21635971e+01,5.16028251e-07,6.58574095e-07,2.07094910e-08,1.90751278e-12
5.35317917e+01,7.87544252e-09,1.04524958e-08,5.37745182e-10,5.88083523e-14
5.49351997e+01,2.33569297e-09,3.05435943e-09,8.51654580e-11,6.84012351e-15
5.63747253e+01,1.43678949e-12,1.88148108e-12,8.42895361e-14,2.03320250e-18
5.78513031e+01,7.67199997e-13,1.01041875e-12,2.71028656e-14,1.73139449e-18
5.93278885e+01,1.22612254e-15,1.71404380e-15,9.73751392e-18,5.64645118e-20
6.08044662e+01,2.45311568e-16,4.07198013e-16,4.84143105e-18,8.83376590e-22
6.22810478e+01,6.95518853e-18,7.25067813e-18,2.03687766e-18,5.84513240e-23
6.37576256e+01,1.39154464e-18,1.86208820e-18,4.57127875e-21,4.12398337e-25
6.52341995e+01,1.11681774e-20,1.34596737e-20,1.46858042e-21,4.91771482e-26
6.67107849e+01,1.52556884e-21,1.94509037e-21,1.02054367e-23,5.81782558e-28
6.81873703e+01,2.02417038e-23,2.43674116e-23,1.56823812e-24,6.50819816e-29
6.96639481e+01,2.17771423e-24,2.78162946e-24,1.64976546e-26,9.78747347e-31
7.11405258e+01,3.45536422e-26,4.34530656e-26,1.62822297e-27,7.14626157e-32
7.26171036e+01,2.48917470e-27,3.57559679e-27,1.59587806e-29,1.06340270e-33
7.40936813e+01,3.76371489e-29,5.37258140e-29,1.46706886e-30,4.13490010e-35
7.55702591e+01,1.93590604e-30,4.07698116e-30,1.20965943e-32,4.31053443e-37
7.70468445e+01,3.62224617e-32,6.91438531e-32,9.98569778e-34,1.06134346e-38
7.85234222e+01,1.23716446e-33,3.36706251e-33,9.60140830e-36,7.28675201e-41
8.00000000e+01,4.77630676e-34,1.10530944e-33,6.62941434e-36,5.04467447e-41
