Height (km), 7_8 um ash conc (g/kg), 15_6 um ash conc (g/kg), 125 um ash conc (g/kg), 1 mm ash conc (g/kg)
0.00000000e+00,0.00000000e+00,0.00000000e+00,0.00000000e+00,0.00000000e+00
3.99999991e-02,1.20543742e-32,1.94919459e-32,3.74355577e-02,1.74382401e+01
7.99999982e-02,3.53851372e-30,5.73018288e-30,7.88100660e-02,1.91418571e+01
1.19999997e-01,6.70313850e-28,1.17771646e-27,1.33905426e-01,1.99422035e+01
1.59999996e-01,1.90686539e-26,3.21249367e-26,1.79945305e-01,2.12412281e+01
2.00000003e-01,8.40326684e-25,1.49394468e-24,1.88980162e-01,2.16590614e+01
2.39999995e-01,1.23830612e-23,2.22870939e-23,2.64643967e-01,2.23614311e+01
2.80000001e-01,1.93047781e-22,3.41844858e-22,2.73872435e-01,2.26958160e+01
3.19999993e-01,3.93559045e-21,7.08977876e-21,2.86970854e-01,2.33375950e+01
3.60000014e-01,9.13992636e-20,1.68313431e-19,3.08910757e-01,2.38186893e+01
4.00000006e-01,1.51346300e-18,2.83954830e-18,3.25274676e-01,2.46384544e+01
4.39999998e-01,2.48477992e-17,4.60979318e-17,3.88773918e-01,2.50310059e+01
4.79999989e-01,3.83958050e-16,7.23819141e-16,3.88491869e-01,2.60006256e+01
5.19999981e-01,3.73193696e-15,7.19808514e-15,3.98522228e-01,2.63699837e+01
5.60000002e-01,2.64635980e-14,5.21001428e-14,4.40339983e-01,2.69438171e+01
6.00000024e-01,1.49387826e-13,2.97126554e-13,5.41139483e-01,2.90574684e+01
6.41029537e-01,6.96209041e-13,1.41023478e-12,4.74584490e-01,2.84993553e+01
6.83115125e-01,3.24470941e-12,6.47525089e-12,5.27031004e-01,3.14847126e+01
7.26283848e-01,1.74943289e-11,3.38596755e-11,6.02834702e-01,3.14375534e+01
7.70563781e-01,9.18851592e-11,1.81407875e-10,5.02998352e-01,3.28449707e+01
8.15983355e-01,4.68080519e-10,1.06400522e-09,5.57539344e-01,3.37153473e+01
8.62571895e-01,3.37142803e-09,1.20358994e-08,4.53346670e-01,3.45342751e+01
9.10359621e-01,2.16725997e-08,9.50109964e-08,5.62192380e-01,3.62134705e+01
9.59377348e-01,1.61213649e-07,1.10134522e-06,4.96447921e-01,3.68726273e+01
1.00965667e+00,1.03781088e-06,9.22737399e-06,5.92162490e-01,3.86999664e+01
1.06123006e+00,5.69860094e-06,5.63041613e-05,5.64174235e-01,3.95530777e+01
1.11413085e+00,2.50984722e-05,1.71886350e-04,6.09714925e-01,4.15931396e+01
1.16839325e+00,8.09535122e-05,3.92962655e-04,7.26164341e-01,4.26516151e+01
1.22405231e+00,2.01104267e-04,7.24751735e-04,6.42844737e-01,4.34754639e+01
1.28114390e+00,5.42716822e-04,1.49730523e-03,7.07989931e-01,4.75382957e+01
1.33970511e+00,1.17996405e-03,2.63183471e-03,6.94316626e-01,4.75438652e+01
1.39977336e+00,2.07022148e+04,2.89835586e+04,1.93918320e+04,1.18243726e+03
1.46138775e+00,2.58173828e+04,3.61015312e+04,2.16827344e+04,1.27606421e+03
1.52458799e+00,1.54579736e+04,2.16117891e+04,1.31437910e+04,8.90361633e+02
1.58941495e+00,1.48997188e+04,2.08421016e+04,1.31170566e+04,1.02883350e+03
1.65591037e+00,1.39916250e+04,1.95728086e+04,1.23516064e+04,9.88838379e+02
1.72411728e+00,1.22840449e+04,1.71836582e+04,1.08252344e+04,8.95382690e+02
1.79407966e+00,1.06193086e+04,1.48561523e+04,9.41302148e+03,8.45466187e+02
1.86584306e+00,9.69799121e+03,1.35702949e+04,8.72983594e+03,8.70275757e+02
1.93945324e+00,9.63872559e+03,1.34917461e+04,8.87787793e+03,1.00233130e+03
2.01495814e+00,1.04771152e+04,1.46706660e+04,9.92098047e+03,1.25430225e+03
2.09240627e+00,1.22770107e+04,1.71965957e+04,1.19386504e+04,1.66335510e+03
2.17184782e+00,1.48519951e+04,2.08083633e+04,1.47555469e+04,2.17705737e+03
2.25333428e+00,1.76334336e+04,2.47082383e+04,1.77343555e+04,2.64776953e+03
2.33691788e+00,1.98259023e+04,2.77803340e+04,1.99826992e+04,2.89459326e+03
2.42265272e+00,2.10841562e+04,2.95414473e+04,2.11620820e+04,2.91738794e+03
2.51059437e+00,2.13816406e+04,2.99539316e+04,2.12122344e+04,2.71137842e+03
2.60079956e+00,2.04593945e+04,2.86561641e+04,1.99609355e+04,2.35603516e+03
2.69332647e+00,1.89162871e+04,2.64901758e+04,1.81784160e+04,2.00580579e+03
2.78823495e+00,1.74591934e+04,2.44460234e+04,1.65469805e+04,1.73736206e+03
2.88558602e+00,1.59565430e+04,2.23389570e+04,1.49235967e+04,1.50674292e+03
2.98544264e+00,1.46229346e+04,2.04701016e+04,1.35541084e+04,1.37082446e+03
3.08786964e+00,1.38608887e+04,1.94029297e+04,1.28032891e+04,1.30989136e+03
3.19293284e+00,1.35359238e+04,1.89480742e+04,1.24902988e+04,1.31701758e+03
3.30070019e+00,1.32187832e+04,1.85043848e+04,1.22074551e+04,1.32338159e+03
3.41124129e+00,1.29622578e+04,1.81457871e+04,1.19999619e+04,1.35725488e+03
3.52462745e+00,1.25959551e+04,1.76334766e+04,1.16900645e+04,1.35067358e+03
3.64093208e+00,1.20372510e+04,1.68519238e+04,1.12056875e+04,1.34677686e+03
3.76023054e+00,1.13758428e+04,1.59269648e+04,1.06424746e+04,1.32287927e+03
3.88259912e+00,1.07920801e+04,1.51112012e+04,1.01729648e+04,1.32953308e+03
4.00811720e+00,1.04798301e+04,1.46759619e+04,9.97588086e+03,1.35846472e+03
4.13686609e+00,1.05044014e+04,1.47122832e+04,1.00963662e+04,1.43273071e+03
4.26892853e+00,1.08813047e+04,1.52422363e+04,1.05663750e+04,1.53048804e+03
4.40439081e+00,1.18965947e+04,1.66664609e+04,1.16652578e+04,1.74099304e+03
4.54333878e+00,1.35082070e+04,1.89255742e+04,1.33406816e+04,1.99600635e+03
4.68586397e+00,1.52424590e+04,2.13561992e+04,1.51410381e+04,2.30284180e+03
4.83205652e+00,1.69479609e+04,2.37458125e+04,1.68855273e+04,2.53222803e+03
4.98201227e+00,1.84236289e+04,2.58124863e+04,1.83611250e+04,2.73532910e+03
5.13582754e+00,1.94372734e+04,2.72314258e+04,1.93531992e+04,2.81799512e+03
5.29360199e+00,1.99007852e+04,2.78792891e+04,1.97569453e+04,2.79607861e+03
5.45543718e+00,1.96816875e+04,2.75704023e+04,1.94287891e+04,2.64883350e+03
5.62143755e+00,1.91405645e+04,2.68101328e+04,1.87485254e+04,2.44501099e+03
5.79171038e+00,1.86134766e+04,2.60693574e+04,1.80666895e+04,2.25454541e+03
5.96636629e+00,1.80881152e+04,2.53309590e+04,1.73885898e+04,2.10262891e+03
6.14551687e+00,1.76576484e+04,2.47261875e+04,1.68442422e+04,1.99035181e+03
6.32927942e+00,1.74382539e+04,2.44176133e+04,1.65358633e+04,1.93231616e+03
6.51777077e+00,1.73405957e+04,2.42796875e+04,1.63571650e+04,1.90539148e+03
6.71111441e+00,1.68866914e+04,2.36427266e+04,1.58506270e+04,1.86109204e+03
6.90943432e+00,1.58629873e+04,2.22087266e+04,1.48575889e+04,1.78079175e+03
7.11285782e+00,1.49271289e+04,2.08982422e+04,1.39749453e+04,1.72230334e+03
7.32151794e+00,1.38669473e+04,1.94140078e+04,1.29990898e+04,1.65810400e+03
7.53554821e+00,1.27428008e+04,1.78413555e+04,1.20224619e+04,1.60691260e+03
7.75508738e+00,1.21531152e+04,1.70173047e+04,1.15665664e+04,1.61008936e+03
7.98027754e+00,1.18323350e+04,1.65697324e+04,1.13649375e+04,1.63427344e+03
8.21126270e+00,1.17947832e+04,1.65188945e+04,1.14394570e+04,1.68926379e+03
8.44819450e+00,1.20015977e+04,1.68099375e+04,1.17303887e+04,1.75387109e+03
8.69122219e+00,1.21994863e+04,1.70885605e+04,1.20088574e+04,1.81932776e+03
8.94050789e+00,1.26111465e+04,1.76668164e+04,1.25116855e+04,1.91097119e+03
9.19620800e+00,1.46467744e+04,2.05210527e+04,1.46583594e+04,2.21697705e+03
9.45849037e+00,1.79932461e+04,2.52083125e+04,1.79619512e+04,2.60539600e+03
9.72752285e+00,1.98794199e+04,2.78496855e+04,1.98282500e+04,2.78716406e+03
1.00034800e+01,2.11475938e+04,2.96230547e+04,2.10196250e+04,2.82968750e+03
1.02865391e+01,2.27627148e+04,3.18785273e+04,2.23918867e+04,2.83889819e+03
1.05768833e+01,2.13835391e+04,2.99412148e+04,2.09176133e+04,2.55218555e+03
1.08747025e+01,1.69662500e+04,2.37529004e+04,1.67341172e+04,2.05784033e+03
1.11801853e+01,1.23918086e+04,1.73463047e+04,1.25456299e+04,1.65001233e+03
1.14935322e+01,1.00221318e+04,1.40393467e+04,1.10020322e+04,1.68058276e+03
1.18149433e+01,1.37721885e+04,1.92943281e+04,1.49002051e+04,2.06595728e+03
1.21446266e+01,1.50274131e+04,2.10436719e+04,1.59576855e+04,2.07702295e+03
1.24827967e+01,1.48179453e+04,2.07610117e+04,1.64384062e+04,2.28657056e+03
1.28296700e+01,1.92361426e+04,2.69561309e+04,2.11354512e+04,2.80103174e+03
1.31854706e+01,1.92255000e+04,2.69431055e+04,2.12375801e+04,2.55217480e+03
1.35504293e+01,1.35663486e+04,1.90356074e+04,1.63089434e+04,1.87192944e+03
1.39247818e+01,9.35640039e+03,1.31805439e+04,1.32160186e+04,1.51757275e+03
1.43087692e+01,9.48065625e+03,1.34015439e+04,1.41613213e+04,1.53420911e+03
1.47026405e+01,1.27634639e+04,1.80186387e+04,1.68571348e+04,1.80572461e+03
1.51066484e+01,1.71225449e+04,2.41060371e+04,2.00951953e+04,2.18976343e+03
1.55210552e+01,2.00441191e+04,2.81776172e+04,2.20422910e+04,2.37737646e+03
1.59461288e+01,2.09896699e+04,2.94878496e+04,2.22194160e+04,2.25975171e+03
1.63821430e+01,2.13972520e+04,3.00768965e+04,2.19426172e+04,2.05946606e+03
1.68293781e+01,2.39640527e+04,3.36567188e+04,2.22715723e+04,2.14955957e+03
1.72881241e+01,2.83413008e+04,3.97553359e+04,2.47362637e+04,2.51379248e+03
1.77586803e+01,3.37003203e+04,4.71628516e+04,2.77954492e+04,2.79317651e+03
1.82413464e+01,3.76346094e+04,5.25478164e+04,3.08666484e+04,2.97741455e+03
1.87364349e+01,3.80191758e+04,5.30430742e+04,3.16128223e+04,3.14908105e+03
1.92442665e+01,3.45143281e+04,4.81622539e+04,2.91606836e+04,2.80454150e+03
1.97651691e+01,2.96885078e+04,4.14722812e+04,2.61059922e+04,2.71972632e+03
2.02994785e+01,2.75771719e+04,3.85314844e+04,2.41540566e+04,2.09605493e+03
2.08475418e+01,2.57730508e+04,3.60138398e+04,2.20842500e+04,1.73579224e+03
2.14097099e+01,2.51593145e+04,3.51493438e+04,2.04876562e+04,1.38181335e+03
2.19863453e+01,2.05620977e+04,2.86862988e+04,1.50819043e+04,7.82020020e+02
2.25778236e+01,1.34471064e+04,1.87418145e+04,9.20566699e+03,3.61528839e+02
2.31845264e+01,8.38387109e+03,1.16771914e+04,5.45575342e+03,2.47428497e+02
2.38068466e+01,6.02518604e+03,8.39049414e+03,3.96983594e+03,2.27665909e+02
2.44451809e+01,5.05062451e+03,7.03758057e+03,3.53530298e+03,1.77984955e+02
2.50999470e+01,3.49879785e+03,4.87554736e+03,2.42661182e+03,8.20915527e+01
2.57715645e+01,1.94544971e+03,2.71009375e+03,1.30164233e+03,4.76809464e+01
2.64604683e+01,1.51025659e+03,2.10581958e+03,1.08612891e+03,4.49174347e+01
2.71671047e+01,1.25733484e+03,1.75262781e+03,8.69509216e+02,2.44255447e+01
2.78919277e+01,6.77031494e+02,9.41484863e+02,3.85494324e+02,2.28028655e+00
2.86354065e+01,1.14296959e+02,1.57485229e+02,2.98421097e+01,3.20856436e-03
2.93980217e+01,2.61447830e+01,3.56975441e+01,3.70879006e+00,1.29506004e-03
3.01802654e+01,1.52602510e+01,2.08004360e+01,2.08566070e+00,1.64446337e-05
3.09826431e+01,8.30681992e+00,1.13297691e+01,1.18145061e+00,9.15166254e-07
3.18056717e+01,6.09155512e+00,8.32369900e+00,8.51730704e-01,1.18772118e-06
3.26498833e+01,4.25993967e+00,5.81342506e+00,4.53218341e-01,6.76177820e-07
3.35158234e+01,1.31871927e+00,1.78832412e+00,6.62868172e-02,2.34640865e-07
3.44040565e+01,5.49046807e-02,7.20614791e-02,2.03435002e-06,1.64211826e-08
3.53151436e+01,1.39098367e-04,1.58294264e-04,2.51335041e-06,1.92694985e-10
3.62496834e+01,1.05875615e-05,1.18785929e-05,2.65984497e-08,1.84920725e-11
3.72082787e+01,1.35934943e-06,1.59049944e-06,7.76068010e-09,2.51926756e-12
3.81915474e+01,1.23221440e-07,1.62372572e-07,1.15483612e-09,2.16695124e-13
3.92001228e+01,1.16651862e-08,1.42255727e-08,1.09402765e-10,2.00771406e-14
4.02346535e+01,8.75629624e-10,1.07458054e-09,9.51995167e-12,1.56104318e-15
4.12958107e+01,5.53172681e-11,6.80861548e-11,6.20161312e-13,9.28193725e-17
4.23842850e+01,3.00997898e-12,3.83169625e-12,3.05863292e-14,4.64501495e-18
4.35007744e+01,1.57761906e-13,2.11562389e-13,1.15270310e-15,1.91758173e-19
4.46459999e+01,7.11118041e-15,9.75070024e-15,3.60793618e-17,7.18769950e-21
4.58207016e+01,1.78754855e-16,2.48171363e-16,6.16996345e-19,2.05374232e-22
4.70256386e+01,9.54056056e-19,1.31014159e-18,1.46199528e-21,3.46909590e-24
4.82615852e+01,2.93406678e-21,3.56297830e-21,2.66068111e-23,6.21616847e-26
4.95293465e+01,1.20942865e-22,1.23816162e-22,7.79382002e-25,5.90278702e-28
5.08297386e+01,5.89694471e-24,9.17847079e-24,3.08264254e-26,2.17160601e-30
5.21635971e+01,8.08820504e-26,1.42384327e-25,3.75185285e-28,2.57770959e-31
5.35317917e+01,1.75881700e-27,2.24872851e-27,7.80401709e-30,3.06883298e-33
5.49351997e+01,1.15510537e-28,1.60692300e-28,8.29749583e-31,7.54032239e-34
5.63747253e+01,8.15755614e-30,4.29774088e-30,4.51942423e-33,2.30947852e-36
5.78513031e+01,2.79569749e-31,1.20943875e-31,4.69795868e-34,6.25284576e-37
5.93278885e+01,1.53066630e-32,5.74500493e-33,3.48301186e-35,2.78578135e-39
6.08044662e+01,5.36674976e-34,4.98463329e-34,8.72508691e-37,4.21790838e-40
6.22810478e+01,1.95056298e-35,7.67394338e-36,9.77924159e-38,0.00000000e+00
6.37576256e+01,6.42191275e-37,7.06040128e-37,1.81187891e-39,0.00000000e+00
6.52341995e+01,1.57365818e-38,1.56833324e-38,1.20511668e-40,0.00000000e+00
6.67107849e+01,5.22684327e-40,5.05868746e-40,1.40129846e-42,0.00000000e+00
6.81873703e+01,9.80908925e-42,1.26116862e-41,0.00000000e+00,0.00000000e+00
6.96639481e+01,0.00000000e+00,0.00000000e+00,0.00000000e+00,0.00000000e+00
7.11405258e+01,0.00000000e+00,0.00000000e+00,0.00000000e+00,0.00000000e+00
7.26171036e+01,0.00000000e+00,0.00000000e+00,0.00000000e+00,0.00000000e+00
7.40936813e+01,0.00000000e+00,0.00000000e+00,0.00000000e+00,0.00000000e+00
7.55702591e+01,0.00000000e+00,0.00000000e+00,0.00000000e+00,0.00000000e+00
7.70468445e+01,0.00000000e+00,0.00000000e+00,0.00000000e+00,0.00000000e+00
7.85234222e+01,0.00000000e+00,0.00000000e+00,0.00000000e+00,0.00000000e+00
8.00000000e+01,0.00000000e+00,0.00000000e+00,0.00000000e+00,0.00000000e+00
