Height (km), 7_8 um ash conc (g/kg), 15_6 um ash conc (g/kg), 125 um ash conc (g/kg), 1 mm ash conc (g/kg)
0.00000000e+00,0.00000000e+00,0.00000000e+00,0.00000000e+00,0.00000000e+00
3.99999991e-02,1.47773116e-03,2.39626272e-03,1.52008653e-01,4.37067032e+01
7.99999982e-02,2.97597889e-03,4.64506261e-03,2.20460936e-01,5.00475464e+01
1.19999997e-01,4.84817754e-03,7.49252411e-03,2.46637434e-01,5.44570312e+01
1.59999996e-01,9.01708659e-03,1.39399935e-02,2.62028128e-01,5.71368561e+01
2.00000003e-01,1.10654160e-02,1.66333094e-02,2.64930844e-01,5.73845444e+01
2.39999995e-01,1.72438063e-02,2.60506012e-02,2.61160761e-01,5.76435318e+01
2.80000001e-01,2.04218440e-02,3.04442178e-02,2.52230555e-01,5.71435165e+01
3.19999993e-01,2.73422003e-02,4.04546410e-02,2.41270661e-01,5.65430946e+01
3.60000014e-01,3.05896103e-02,4.46410514e-02,2.30376437e-01,5.57242203e+01
4.00000006e-01,3.95233259e-02,5.64798787e-02,2.20520526e-01,5.49186325e+01
4.39999998e-01,3.97413746e-02,5.58954552e-02,2.12136075e-01,5.41355209e+01
4.79999989e-01,4.79029045e-02,6.62055612e-02,2.05004409e-01,5.34164886e+01
5.19999981e-01,4.63128723e-02,6.30363822e-02,1.99401349e-01,5.27633018e+01
5.60000002e-01,5.17489649e-02,6.96811229e-02,1.94721967e-01,5.22138557e+01
6.00000024e-01,5.06582260e-02,6.75998032e-02,1.90871656e-01,5.17271080e+01
6.41029537e-01,5.38977273e-02,7.19702989e-02,1.87512785e-01,5.14153709e+01
6.83115125e-01,5.05393222e-02,6.73023760e-02,1.84562474e-01,5.11195297e+01
7.26283848e-01,4.76536229e-02,6.34250045e-02,1.81959450e-01,5.10074005e+01
7.70563781e-01,4.33042869e-02,5.77172004e-02,1.79693907e-01,5.10105820e+01
8.15983355e-01,4.14764844e-02,5.46095073e-02,1.77697897e-01,5.12633629e+01
8.62571895e-01,3.63609493e-02,4.79343794e-02,1.76060885e-01,5.14696350e+01
9.10359621e-01,3.31376642e-02,4.36828434e-02,1.74728751e-01,5.23527946e+01
9.59377348e-01,2.89547760e-02,3.85954976e-02,1.73520043e-01,5.25766869e+01
1.00965667e+00,2.60160491e-02,3.48825417e-02,1.72738045e-01,5.39808922e+01
1.06123006e+00,2.35565417e-02,3.18432972e-02,1.72197685e-01,5.45626945e+01
1.11413085e+00,2.10962705e-02,2.88714655e-02,1.72048941e-01,5.72452774e+01
1.16839325e+00,1.90140605e-02,2.63386574e-02,1.72346205e-01,5.80708961e+01
1.22405231e+00,1.72925182e-02,2.42161937e-02,1.73365414e-01,6.25866661e+01
1.28114390e+00,1.61429327e-02,2.28215195e-02,1.76577270e-01,6.38015251e+01
1.33970511e+00,1.60406996e-02,2.29405575e-02,1.87727824e-01,6.93117599e+01
1.39977336e+00,2.07119609e+04,2.89975820e+04,1.94289160e+04,1.23633679e+03
1.46138775e+00,2.62457402e+04,3.67002266e+04,2.20341582e+04,1.36709033e+03
1.52458799e+00,1.59127666e+04,2.22459531e+04,1.35086348e+04,1.00384222e+03
1.58941495e+00,1.46875273e+04,2.05467344e+04,1.30688906e+04,1.21193701e+03
1.65591037e+00,1.43431543e+04,2.00720547e+04,1.30901660e+04,1.34894543e+03
1.72411728e+00,1.46017129e+04,2.04395508e+04,1.35957627e+04,1.51902637e+03
1.79407966e+00,1.54484746e+04,2.16297520e+04,1.46194043e+04,1.72017407e+03
1.86584306e+00,1.66224609e+04,2.32768184e+04,1.58927637e+04,1.91286816e+03
1.93945324e+00,1.76128047e+04,2.46641992e+04,1.68618340e+04,2.00144568e+03
2.01495814e+00,1.78033555e+04,2.49291699e+04,1.69410742e+04,1.96751477e+03
2.09240627e+00,1.71140469e+04,2.39617168e+04,1.61651553e+04,1.84471338e+03
2.17184782e+00,1.59581973e+04,2.23416758e+04,1.49713281e+04,1.70099731e+03
2.25333428e+00,1.45946953e+04,2.04314238e+04,1.36031074e+04,1.55305042e+03
2.33691788e+00,1.33755537e+04,1.87247695e+04,1.24511484e+04,1.47731470e+03
2.42265272e+00,1.29273057e+04,1.80995059e+04,1.21273359e+04,1.52332251e+03
2.51059437e+00,1.33997344e+04,1.87638320e+04,1.26978340e+04,1.67026843e+03
2.60079956e+00,1.42983633e+04,2.00243594e+04,1.36603975e+04,1.85507959e+03
2.69332647e+00,1.54539980e+04,2.16446113e+04,1.48797900e+04,2.07479053e+03
2.78823495e+00,1.67912598e+04,2.35186445e+04,1.62633750e+04,2.30568921e+03
2.88558602e+00,1.76856953e+04,2.47717422e+04,1.71841680e+04,2.45859668e+03
2.98544264e+00,1.80305977e+04,2.52549160e+04,1.75492637e+04,2.53475098e+03
3.08786964e+00,1.80132734e+04,2.52311660e+04,1.75783516e+04,2.56947241e+03
3.19293284e+00,1.75952734e+04,2.46461934e+04,1.71926016e+04,2.50331006e+03
3.30070019e+00,1.68155605e+04,2.35529902e+04,1.63675146e+04,2.36082715e+03
3.41124129e+00,1.63544922e+04,2.29071953e+04,1.59131680e+04,2.30867773e+03
3.52462745e+00,1.64794316e+04,2.30830625e+04,1.60635586e+04,2.33939722e+03
3.64093208e+00,1.74916582e+04,2.45024219e+04,1.70925664e+04,2.48818701e+03
3.76023054e+00,1.96883477e+04,2.75798125e+04,1.92044883e+04,2.72231738e+03
3.88259912e+00,2.06024043e+04,2.88562715e+04,1.99153711e+04,2.74748071e+03
4.00811720e+00,2.03360586e+04,2.84804258e+04,1.95445625e+04,2.67276611e+03
4.13686609e+00,1.99650273e+04,2.79578027e+04,1.90428242e+04,2.57577930e+03
4.26892853e+00,1.89762012e+04,2.65702148e+04,1.79546719e+04,2.42129541e+03
4.40439081e+00,1.69859941e+04,2.37816309e+04,1.59799297e+04,2.19673486e+03
4.54333878e+00,1.48301250e+04,2.07650898e+04,1.40187031e+04,2.02686304e+03
4.68586397e+00,1.41173047e+04,1.97687812e+04,1.34065674e+04,1.97645508e+03
4.83205652e+00,1.37588438e+04,1.92659492e+04,1.30478516e+04,1.94135693e+03
4.98201227e+00,1.33272598e+04,1.86642754e+04,1.27726250e+04,1.98543201e+03
5.13582754e+00,1.41330879e+04,1.97971992e+04,1.37376758e+04,2.18511450e+03
5.29360199e+00,1.64651758e+04,2.30659863e+04,1.60854395e+04,2.48401465e+03
5.45543718e+00,1.78388262e+04,2.49866445e+04,1.72840391e+04,2.56612695e+03
5.62143755e+00,1.70233594e+04,2.38425293e+04,1.64575312e+04,2.47751221e+03
5.79171038e+00,1.68043555e+04,2.35355684e+04,1.62622432e+04,2.47227588e+03
5.96636629e+00,1.66817129e+04,2.33626289e+04,1.61043145e+04,2.43835107e+03
6.14551687e+00,1.58195312e+04,2.21533457e+04,1.51987637e+04,2.30707129e+03
6.32927942e+00,1.43484561e+04,2.00924727e+04,1.37520576e+04,2.13486475e+03
6.51777077e+00,1.35425117e+04,1.89645039e+04,1.29940332e+04,2.08185156e+03
6.71111441e+00,1.35356543e+04,1.89538418e+04,1.29354980e+04,2.09489282e+03
6.90943432e+00,1.32414844e+04,1.85414043e+04,1.26391084e+04,2.12755396e+03
7.11285782e+00,1.32226016e+04,1.85164531e+04,1.26763486e+04,2.21739160e+03
7.32151794e+00,1.38505322e+04,1.93961934e+04,1.32786348e+04,2.34423779e+03
7.53554821e+00,1.44641289e+04,2.02543086e+04,1.38071221e+04,2.45441284e+03
7.75508738e+00,1.45631445e+04,2.03913457e+04,1.38372051e+04,2.52371606e+03
7.98027754e+00,1.40788193e+04,1.97121445e+04,1.33501211e+04,2.55643262e+03
8.21126270e+00,1.34305400e+04,1.88046387e+04,1.27630576e+04,2.59101685e+03
8.44819450e+00,1.31141123e+04,1.83617188e+04,1.24922803e+04,2.61674878e+03
8.69122219e+00,1.27160723e+04,1.78047109e+04,1.21578643e+04,2.62927002e+03
8.94050789e+00,1.23812334e+04,1.73380430e+04,1.19564980e+04,2.63873755e+03
9.19620800e+00,1.29206211e+04,1.80951191e+04,1.25719434e+04,2.72536865e+03
9.45849037e+00,1.36439043e+04,1.91078008e+04,1.33094893e+04,2.78582837e+03
9.72752285e+00,1.44377236e+04,2.02209980e+04,1.42223877e+04,2.91747437e+03
1.00034800e+01,1.67680664e+04,2.34857617e+04,1.66361992e+04,3.19527490e+03
1.02865391e+01,1.83666543e+04,2.57207930e+04,1.81865625e+04,3.33965674e+03
1.05768833e+01,1.75000996e+04,2.45034727e+04,1.74366699e+04,3.27664355e+03
1.08747025e+01,1.59676504e+04,2.23555000e+04,1.61243516e+04,3.17054150e+03
1.11801853e+01,1.30803652e+04,1.83116211e+04,1.35466572e+04,2.92240063e+03
1.14935322e+01,9.95265625e+03,1.39327510e+04,1.08266406e+04,2.62704834e+03
1.18149433e+01,8.32187891e+03,1.16507852e+04,9.70421680e+03,2.46011401e+03
1.21446266e+01,7.68051709e+03,1.07540986e+04,9.63670801e+03,2.37616479e+03
1.24827967e+01,7.74863037e+03,1.08520820e+04,1.05461406e+04,2.41893799e+03
1.28296700e+01,8.48399707e+03,1.18839521e+04,1.24301953e+04,2.52478149e+03
1.31854706e+01,8.40640039e+03,1.17796963e+04,1.37818955e+04,2.59281592e+03
1.35504293e+01,8.40568750e+03,1.17851162e+04,1.47608213e+04,2.70701465e+03
1.39247818e+01,8.99517969e+03,1.26165361e+04,1.65407988e+04,2.85028442e+03
1.43087692e+01,1.01133984e+04,1.41917402e+04,1.87380820e+04,3.01563184e+03
1.47026405e+01,1.19434863e+04,1.67701777e+04,2.12258750e+04,3.28253784e+03
1.51066484e+01,1.44764619e+04,2.03302539e+04,2.49302461e+04,3.61388770e+03
1.55210552e+01,1.78100586e+04,2.50138184e+04,3.01062383e+04,3.95349194e+03
1.59461288e+01,1.99975215e+04,2.81084453e+04,3.44979961e+04,4.09263257e+03
1.63821430e+01,2.06829336e+04,2.91382109e+04,3.68078828e+04,4.08913184e+03
1.68293781e+01,2.24322656e+04,3.16754473e+04,3.83348984e+04,4.09613086e+03
1.72881241e+01,2.51469648e+04,3.55236406e+04,3.90239453e+04,4.13165527e+03
1.77586803e+01,3.13246523e+04,4.41914727e+04,4.18616875e+04,4.41809961e+03
1.82413464e+01,3.65459375e+04,5.15204297e+04,4.37979766e+04,4.47594189e+03
1.87364349e+01,3.91606445e+04,5.51821719e+04,4.22976445e+04,4.21526172e+03
1.92442665e+01,4.30308750e+04,6.05267227e+04,4.03027617e+04,4.19246289e+03
1.97651691e+01,4.51202656e+04,6.32948945e+04,3.82024609e+04,4.22281445e+03
2.02994785e+01,4.47565781e+04,6.26274258e+04,3.68006211e+04,4.15490088e+03
2.08475418e+01,4.58239727e+04,6.40298594e+04,3.70740469e+04,4.26815918e+03
2.14097099e+01,5.19398984e+04,7.25385703e+04,4.25836250e+04,4.90604395e+03
2.19863453e+01,5.04743750e+04,7.04420781e+04,4.25977891e+04,4.80178223e+03
2.25778236e+01,4.49493281e+04,6.25777891e+04,3.65376953e+04,2.85481323e+03
2.31845264e+01,4.08530781e+04,5.68174688e+04,3.07429102e+04,1.45938525e+03
2.38068466e+01,3.57828242e+04,4.97866797e+04,2.60448594e+04,1.06198669e+03
2.44451809e+01,3.14865762e+04,4.38167578e+04,2.28175625e+04,7.59325195e+02
2.50999470e+01,2.80206348e+04,3.89335781e+04,1.66898828e+04,2.79820923e+02
2.57715645e+01,2.08210352e+04,2.88066738e+04,8.42711914e+03,1.26188171e+02
2.64604683e+01,1.44653105e+04,1.99042305e+04,5.00575195e+03,6.65399857e+01
2.71671047e+01,1.05072129e+04,1.44077734e+04,3.50478809e+03,3.24170380e+01
2.78919277e+01,6.62258496e+03,9.07745703e+03,2.33819775e+03,2.47129593e+01
2.86354065e+01,3.30836426e+03,4.53265186e+03,1.32113843e+03,1.16997633e+01
2.93980217e+01,2.43119043e+03,3.33516943e+03,6.53079895e+02,1.95761132e+00
3.01802654e+01,2.16342139e+03,2.96183008e+03,3.62473633e+02,4.81411703e-02
3.09826431e+01,1.75707666e+03,2.40349023e+03,3.33968414e+02,4.01809476e-02
3.18056717e+01,1.42416711e+03,1.95344104e+03,4.06675354e+02,2.81223357e-02
3.26498833e+01,1.39711719e+03,1.92326709e+03,4.55365021e+02,7.76045397e-03
3.35158234e+01,1.53821899e+03,2.12068652e+03,4.66372986e+02,3.93333845e-03
3.44040565e+01,1.01811432e+03,1.39927808e+03,2.22065216e+02,1.87985177e-04
3.53151436e+01,5.71782410e+02,7.81638184e+02,8.70970230e+01,6.18903432e-05
3.62496834e+01,1.77784485e+02,2.41121399e+02,1.81026535e+01,3.06537877e-05
3.72082787e+01,5.39814987e+01,7.20457916e+01,1.28946531e+00,2.47646603e-05
3.81915474e+01,1.71862450e+01,2.26682014e+01,2.31053814e-01,1.13836904e-05
3.92001228e+01,1.20284853e+01,1.59959192e+01,2.39607424e-01,7.99315058e-06
4.02346535e+01,8.78542519e+00,1.16567554e+01,4.21264954e-02,3.98923839e-06
4.12958107e+01,3.76573992e+00,4.93574715e+00,6.06219005e-03,1.33523281e-06
4.23842850e+01,8.74977767e-01,1.11983788e+00,1.50953580e-04,3.13745630e-07
4.35007744e+01,2.48187467e-01,3.13818961e-01,1.66989601e-04,1.00440197e-07
4.46459999e+01,1.53371409e-01,1.92732632e-01,1.89616199e-04,7.93412127e-08
4.58207016e+01,5.70058413e-02,7.16457292e-02,3.27179951e-05,5.00693460e-08
4.70256386e+01,5.99861285e-03,7.51246884e-03,2.69970428e-06,8.32560954e-09
4.82615852e+01,2.20477954e-03,2.72076647e-03,9.13085842e-07,3.60675889e-09
4.95293465e+01,2.52542319e-04,3.00701562e-04,4.09336494e-08,4.44806497e-10
5.08297386e+01,1.33341347e-08,1.73928942e-08,1.11327481e-09,1.07384025e-14
5.21635971e+01,3.26106829e-07,3.89671470e-07,2.14308987e-10,9.69388415e-13
5.35317917e+01,1.74391364e-08,2.14463878e-08,5.51330596e-12,3.85231296e-14
5.49351997e+01,5.36075628e-11,6.29430258e-11,1.17933292e-13,3.96978468e-17
5.63747253e+01,4.93177027e-12,6.24648250e-12,2.66037167e-15,3.93856424e-18
5.78513031e+01,1.34181505e-14,1.54539670e-14,1.37152667e-17,2.86604046e-19
5.93278885e+01,8.77234066e-16,1.28132633e-15,1.24170563e-17,1.29421727e-21
6.08044662e+01,1.36980497e-17,1.44766186e-17,3.52248967e-21,2.34001085e-22
6.22810478e+01,1.91026961e-18,2.31792923e-18,6.79260847e-21,9.13362385e-25
6.37576256e+01,1.35776818e-20,1.54361386e-20,3.33662225e-23,5.18133888e-26
6.52341995e+01,1.33905153e-21,1.64362908e-21,5.17719078e-24,1.79134557e-27
6.67107849e+01,3.79101560e-23,4.32806201e-23,9.32022026e-26,1.33023524e-28
6.81873703e+01,2.11548119e-24,2.45835367e-24,8.83161138e-27,5.38489411e-30
6.96639481e+01,9.12939358e-26,1.03261042e-25,2.78728670e-28,2.93628967e-31
7.11405258e+01,4.13696339e-27,4.85242132e-27,1.80786442e-29,1.32361692e-32
7.26171036e+01,1.79685099e-28,2.08847867e-28,6.87897225e-31,5.65386426e-34
7.40936813e+01,6.47139319e-30,7.70589698e-30,2.97716749e-32,2.18856242e-35
7.55702591e+01,2.17117850e-31,2.58992439e-31,1.01401164e-33,7.43024498e-37
7.70468445e+01,5.59841968e-33,6.60407567e-33,2.76216520e-35,1.91473422e-38
7.85234222e+01,1.02002030e-34,1.20092119e-34,5.28610407e-37,3.15292154e-40
8.00000000e+01,4.43694124e-36,5.18662632e-36,2.33778623e-38,0.00000000e+00
