Height (km), 7_8 um ash conc (g/kg), 15_6 um ash conc (g/kg), 125 um ash conc (g/kg), 1 mm ash conc (g/kg)
0.00000000e+00,0.00000000e+00,0.00000000e+00,0.00000000e+00,0.00000000e+00
3.99999991e-02,3.82928293e-23,6.46750579e-23,1.17810623e-16,3.26098979e-01
7.99999982e-02,8.83926091e-22,1.49358062e-21,6.35083366e-15,3.48319352e-01
1.19999997e-01,1.22174811e-20,2.07123279e-20,1.15400080e-13,3.62752467e-01
1.59999996e-01,1.16172877e-19,1.99612796e-19,8.85439346e-13,4.62850571e-01
2.00000003e-01,1.32627110e-18,2.24900669e-18,1.32034045e-11,5.61127603e-01
2.39999995e-01,9.08725318e-18,1.53101486e-17,9.17118187e-11,6.27274752e-01
2.80000001e-01,4.15614847e-17,7.00615031e-17,7.39502903e-10,7.40019977e-01
3.19999993e-01,2.27295415e-16,3.83455839e-16,4.09303080e-09,8.14802885e-01
3.60000014e-01,8.87924786e-16,1.50740789e-15,2.99587803e-08,8.96081328e-01
4.00000006e-01,3.67818340e-15,6.31089690e-15,1.69882895e-07,9.87835050e-01
4.39999998e-01,1.48390143e-14,2.54079594e-14,1.25704980e-06,1.06251156e+00
4.79999989e-01,4.27489770e-14,7.42111586e-14,7.44200361e-06,1.11639738e+00
5.19999981e-01,1.37708841e-13,2.41577917e-13,2.48750566e-05,1.16022420e+00
5.60000002e-01,3.93539449e-13,6.97245050e-13,6.52589006e-05,1.20747352e+00
6.00000024e-01,1.21497690e-12,2.15728824e-12,9.60319448e-05,1.24458909e+00
6.41029537e-01,3.70290864e-12,6.70191637e-12,2.57685489e-04,1.30231392e+00
6.83115125e-01,1.02900804e-11,1.88101132e-11,3.38211103e-04,1.37956583e+00
7.26283848e-01,3.81939688e-11,6.85809950e-11,5.72754012e-04,1.53517461e+00
7.70563781e-01,9.22315002e-11,1.71320930e-10,9.24258493e-04,1.85600829e+00
8.15983355e-01,2.57963512e-10,4.84148166e-10,1.82264601e-03,2.01600695e+00
8.62571895e-01,6.64114985e-10,1.26648481e-09,2.08143285e-03,2.94378591e+00
9.10359621e-01,1.96614258e-09,3.71257713e-09,3.25041381e-03,3.45359898e+00
9.59377348e-01,4.37409708e-09,8.38751291e-09,3.81877716e-03,4.23912239e+00
1.00965667e+00,9.92453586e-09,1.87217761e-08,4.41752234e-03,5.38256550e+00
1.06123006e+00,2.08297042e-08,3.93831954e-08,4.79284395e-03,5.73214340e+00
1.11413085e+00,4.13648422e-08,7.84499434e-08,4.48390283e-03,7.90332985e+00
1.16839325e+00,7.56196101e-08,1.41236399e-07,4.34961868e-03,7.93091679e+00
1.22405231e+00,1.29402864e-07,2.29850613e-07,4.58760653e-03,9.74181652e+00
1.28114390e+00,2.75361998e-07,4.45549375e-07,5.12152119e-03,9.94849014e+00
1.33970511e+00,3.62758556e-07,5.70835766e-07,5.71227400e-03,1.15184517e+01
1.39977336e+00,2.01812363e+04,2.82706836e+04,2.00405234e+04,2.14431470e+03
1.46138775e+00,2.57509629e+04,3.60543516e+04,2.43611172e+04,2.09988477e+03
1.52458799e+00,1.64522676e+04,2.30328867e+04,1.55911191e+04,1.44966870e+03
1.58941495e+00,1.61709961e+04,2.26447109e+04,1.55927812e+04,1.60802283e+03
1.65591037e+00,1.52999023e+04,2.14253340e+04,1.47769883e+04,1.53167517e+03
1.72411728e+00,1.36181426e+04,1.90699219e+04,1.31387383e+04,1.37052930e+03
1.79407966e+00,1.18860576e+04,1.66447812e+04,1.14845635e+04,1.23713806e+03
1.86584306e+00,1.07231406e+04,1.50175479e+04,1.04179668e+04,1.18861816e+03
1.93945324e+00,1.03416543e+04,1.44853730e+04,1.01453174e+04,1.25749744e+03
2.01495814e+00,1.09202979e+04,1.52987959e+04,1.08602793e+04,1.48450854e+03
2.09240627e+00,1.26505293e+04,1.77260098e+04,1.27589570e+04,1.90271460e+03
2.17184782e+00,1.53897285e+04,2.15671797e+04,1.57029277e+04,2.49477490e+03
2.25333428e+00,1.87931016e+04,2.63389219e+04,1.93331367e+04,3.18542578e+03
2.33691788e+00,2.23812578e+04,3.13687891e+04,2.31216992e+04,3.82966504e+03
2.42265272e+00,2.55453652e+04,3.58023516e+04,2.63590801e+04,4.22784814e+03
2.51059437e+00,2.70377891e+04,3.78902891e+04,2.77022910e+04,4.14936816e+03
2.60079956e+00,2.63761484e+04,3.69580352e+04,2.67360625e+04,3.67354443e+03
2.69332647e+00,2.44920859e+04,3.43129453e+04,2.45228340e+04,3.07999756e+03
2.78823495e+00,2.19016855e+04,3.06792734e+04,2.16590898e+04,2.51596143e+03
2.88558602e+00,1.91002734e+04,2.67516836e+04,1.86857539e+04,2.04972998e+03
2.98544264e+00,1.64944961e+04,2.30998906e+04,1.60078750e+04,1.70346118e+03
3.08786964e+00,1.42822705e+04,2.00006953e+04,1.37953770e+04,1.46142334e+03
3.19293284e+00,1.25119980e+04,1.75214492e+04,1.20687949e+04,1.30127527e+03
3.30070019e+00,1.11508906e+04,1.56158838e+04,1.07753223e+04,1.20529199e+03
3.41124129e+00,1.01616719e+04,1.42315469e+04,9.86349414e+03,1.15803198e+03
3.52462745e+00,9.53363574e+03,1.33532461e+04,9.31319824e+03,1.15639331e+03
3.64093208e+00,9.25715527e+03,1.29673867e+04,9.11056250e+03,1.19649390e+03
3.76023054e+00,9.29843164e+03,1.30266055e+04,9.22239062e+03,1.27878003e+03
3.88259912e+00,9.62388770e+03,1.34839922e+04,9.62164062e+03,1.40366211e+03
4.00811720e+00,1.03181016e+04,1.44581504e+04,1.03988037e+04,1.59238831e+03
4.13686609e+00,1.15027344e+04,1.61195303e+04,1.16781074e+04,1.85634692e+03
4.26892853e+00,1.32138877e+04,1.85187109e+04,1.34957139e+04,2.20047192e+03
4.40439081e+00,1.54981318e+04,2.17208730e+04,1.58965654e+04,2.64205859e+03
4.54333878e+00,1.83965391e+04,2.57835957e+04,1.89334062e+04,3.20424023e+03
4.68586397e+00,2.18913359e+04,3.06820039e+04,2.26034238e+04,3.88847583e+03
4.83205652e+00,2.55668867e+04,3.58331875e+04,2.64519141e+04,4.54346484e+03
4.98201227e+00,2.83485781e+04,3.97297617e+04,2.92661855e+04,4.84233105e+03
5.13582754e+00,2.88628262e+04,4.04461680e+04,2.95680605e+04,4.55573340e+03
5.29360199e+00,2.71990508e+04,3.81093906e+04,2.75439551e+04,3.89447412e+03
5.45543718e+00,2.44888828e+04,3.43070000e+04,2.44800742e+04,3.20207178e+03
5.62143755e+00,2.14538477e+04,3.00514082e+04,2.12064023e+04,2.63039819e+03
5.79171038e+00,1.90156191e+04,2.66337227e+04,1.86396973e+04,2.27089160e+03
5.96636629e+00,1.70200996e+04,2.38374570e+04,1.65960312e+04,2.02856567e+03
6.14551687e+00,1.53497109e+04,2.14979375e+04,1.49500146e+04,1.89620459e+03
6.32927942e+00,1.42899385e+04,2.00137070e+04,1.39136592e+04,1.82327405e+03
6.51777077e+00,1.30842412e+04,1.83259707e+04,1.27886816e+04,1.78345532e+03
6.71111441e+00,1.27666807e+04,1.78827168e+04,1.25534814e+04,1.83373022e+03
6.90943432e+00,1.21865625e+04,1.70703164e+04,1.19984512e+04,1.80819519e+03
7.11285782e+00,1.10237090e+04,1.54434629e+04,1.09627100e+04,1.79193945e+03
7.32151794e+00,1.24359199e+04,1.74234512e+04,1.24467500e+04,2.05358301e+03
7.53554821e+00,1.18952822e+04,1.66651055e+04,1.18752939e+04,1.98921375e+03
7.75508738e+00,1.20305605e+04,1.68576895e+04,1.21643271e+04,2.17379663e+03
7.98027754e+00,1.76534336e+04,2.47368164e+04,1.78660898e+04,3.02543579e+03
8.21126270e+00,1.66107969e+04,2.32724121e+04,1.66806641e+04,2.83581714e+03
8.44819450e+00,1.83283984e+04,2.56830000e+04,1.86416426e+04,3.36255518e+03
8.69122219e+00,2.74007539e+04,3.83991836e+04,2.80296250e+04,4.92585547e+03
8.94050789e+00,3.03918047e+04,4.25857734e+04,3.08499219e+04,5.13197461e+03
9.19620800e+00,1.94636855e+04,2.72678789e+04,1.95224219e+04,3.36084131e+03
9.45849037e+00,1.11095322e+04,1.55651338e+04,1.11604746e+04,2.34907324e+03
9.72752285e+00,1.16860576e+04,1.63730039e+04,1.16990557e+04,2.49297681e+03
1.00034800e+01,1.31722227e+04,1.84522852e+04,1.30371660e+04,2.68845068e+03
1.02865391e+01,1.27957520e+04,1.79238047e+04,1.26198672e+04,2.73997681e+03
1.05768833e+01,1.20012520e+04,1.68108027e+04,1.18595098e+04,2.78720264e+03
1.08747025e+01,1.08699629e+04,1.52294414e+04,1.08908750e+04,2.87083594e+03
1.11801853e+01,1.29251211e+04,1.81108887e+04,1.30212568e+04,3.26507397e+03
1.14935322e+01,1.69196953e+04,2.37038184e+04,1.69013809e+04,3.78872998e+03
1.18149433e+01,1.85025918e+04,2.59249492e+04,1.87140977e+04,4.29092920e+03
1.21446266e+01,2.21225781e+04,3.10050547e+04,2.27246953e+04,5.04391406e+03
1.24827967e+01,2.93037148e+04,4.10611289e+04,2.97120820e+04,5.75447461e+03
1.28296700e+01,2.67583262e+04,3.74793320e+04,2.65428691e+04,5.04759131e+03
1.31854706e+01,1.46238184e+04,2.04812988e+04,1.46587305e+04,3.80728955e+03
1.35504293e+01,8.79681738e+03,1.23269805e+04,9.53250391e+03,3.36366162e+03
1.39247818e+01,9.15649609e+03,1.28381455e+04,1.06381152e+04,3.49497119e+03
1.43087692e+01,1.20352188e+04,1.68793066e+04,1.43562021e+04,4.01746045e+03
1.47026405e+01,1.64960371e+04,2.31349531e+04,1.98392695e+04,4.72663477e+03
1.51066484e+01,1.80896777e+04,2.53724219e+04,2.26997031e+04,4.84001367e+03
1.55210552e+01,1.75479766e+04,2.46302422e+04,2.37783945e+04,4.79089893e+03
1.59461288e+01,2.03157402e+04,2.85268770e+04,2.79320586e+04,5.14478613e+03
1.63821430e+01,2.41480957e+04,3.39144062e+04,3.34677734e+04,5.43739648e+03
1.68293781e+01,2.38490176e+04,3.35264844e+04,3.48321523e+04,5.15518604e+03
1.72881241e+01,2.09863945e+04,2.95795527e+04,3.30868086e+04,4.63560449e+03
1.77586803e+01,2.08827461e+04,2.94975469e+04,3.19825176e+04,4.34176660e+03
1.82413464e+01,2.49481836e+04,3.51884102e+04,3.32793047e+04,4.30609082e+03
1.87364349e+01,3.07879609e+04,4.33049883e+04,3.59608359e+04,4.29593359e+03
1.92442665e+01,3.55762344e+04,4.99381250e+04,3.76825312e+04,4.42709521e+03
1.97651691e+01,3.85992656e+04,5.41172695e+04,3.78287930e+04,4.53603711e+03
2.02994785e+01,3.89138672e+04,5.44829453e+04,3.58262969e+04,4.57939160e+03
2.08475418e+01,3.91724102e+04,5.48043984e+04,3.58304844e+04,4.87722559e+03
2.14097099e+01,3.90725742e+04,5.46493828e+04,3.50419414e+04,4.63315332e+03
2.19863453e+01,3.74912305e+04,5.24133594e+04,3.33481914e+04,4.69912744e+03
2.25778236e+01,4.35064609e+04,6.08397344e+04,3.98528828e+04,5.34665283e+03
2.31845264e+01,5.04366406e+04,7.05494297e+04,4.65817617e+04,5.63142773e+03
2.38068466e+01,4.29015391e+04,5.99834219e+04,3.83203984e+04,3.73727393e+03
2.44451809e+01,3.59264297e+04,5.02184844e+04,3.15400078e+04,3.02414600e+03
2.50999470e+01,3.00714922e+04,4.20236719e+04,2.60171582e+04,1.96210156e+03
2.57715645e+01,2.13743164e+04,2.98429219e+04,1.70331055e+04,6.57236023e+02
2.64604683e+01,1.14522148e+04,1.59669717e+04,8.14069043e+03,1.27501785e+02
2.71671047e+01,6.58555469e+03,9.17223145e+03,4.32977539e+03,5.80830994e+01
2.78919277e+01,4.48387793e+03,6.24673828e+03,2.89960596e+03,1.89330502e+01
2.86354065e+01,1.83736682e+03,2.55400562e+03,9.73783752e+02,3.63850665e+00
2.93980217e+01,1.85499841e+03,2.57879810e+03,9.99050415e+02,5.03686714e+00
3.01802654e+01,2.20640210e+03,3.06553418e+03,1.18950366e+03,2.77912283e+00
3.09826431e+01,1.80498242e+03,2.50420410e+03,8.89349121e+02,5.68178058e-01
3.18056717e+01,8.87144531e+02,1.22889148e+03,3.83798340e+02,9.01731625e-02
3.26498833e+01,5.00732910e+02,6.93274109e+02,2.05914490e+02,1.86542384e-02
3.35158234e+01,3.32918915e+02,4.60545990e+02,1.27327850e+02,4.13888227e-03
3.44040565e+01,1.20211632e+02,1.65790039e+02,3.69911842e+01,1.10195437e-03
3.53151436e+01,2.17960720e+01,2.99064846e+01,5.51446342e+00,4.59173374e-04
3.62496834e+01,7.65215683e+00,1.05140409e+01,2.90642929e+00,1.23886275e-04
3.72082787e+01,3.80611062e+00,5.24775791e+00,1.57569599e+00,4.95977019e-06
3.81915474e+01,3.36424023e-01,4.53909218e-01,3.09291799e-02,1.22331312e-06
3.92001228e+01,1.34283945e-01,1.81404904e-01,1.19802095e-02,1.23483960e-06
4.02346535e+01,3.17824297e-02,4.27259095e-02,1.97336124e-03,8.75589933e-07
4.12958107e+01,4.43869177e-03,5.87677211e-03,6.09275121e-05,1.60691407e-08
4.23842850e+01,4.13506874e-04,5.45255665e-04,3.95321786e-06,1.29917344e-09
4.35007744e+01,2.94568508e-05,3.87439068e-05,7.93761046e-07,2.62693589e-10
4.46459999e+01,1.22883614e-06,1.57585612e-06,4.18782165e-08,2.04759126e-12
4.58207016e+01,1.89990988e-06,2.49617665e-06,3.43567592e-08,5.73649581e-13
4.70256386e+01,4.48364901e-08,5.68807899e-08,6.66471767e-10,1.73848142e-14
4.82615852e+01,3.38746120e-09,4.70753125e-09,6.11097423e-11,1.33643101e-15
4.95293465e+01,4.35852188e-11,5.42379197e-11,5.66737954e-13,2.47452611e-18
5.08297386e+01,1.19724727e-12,1.84830103e-12,1.82579392e-14,6.45947305e-19
5.21635971e+01,2.81700356e-14,3.90809855e-14,6.96059912e-16,2.54074535e-20
5.35317917e+01,3.68560897e-16,4.11892905e-16,2.70607133e-18,6.40914902e-23
5.49351997e+01,4.13039371e-17,6.17058407e-17,6.20688828e-19,7.45484363e-24
5.63747253e+01,9.72837192e-19,1.03792741e-18,1.48006328e-19,1.10023367e-25
5.78513031e+01,1.71020535e-19,2.04894085e-19,1.22525068e-22,4.17051347e-27
5.93278885e+01,3.12907118e-22,3.30505456e-22,4.83993050e-23,2.48650411e-28
6.08044662e+01,5.74636449e-23,6.24732146e-23,5.35021613e-26,4.68858730e-30
6.22810478e+01,1.60574572e-25,4.23181277e-25,2.44180492e-26,2.73707371e-31
6.37576256e+01,1.79393996e-26,1.90075773e-26,4.73714127e-29,5.68609944e-33
6.52341995e+01,5.89369133e-28,9.90283807e-28,2.04815743e-29,2.49684849e-34
6.67107849e+01,9.56447354e-30,1.03824378e-29,8.12646751e-32,5.02369939e-36
6.81873703e+01,6.27427868e-31,8.19438711e-31,1.34346720e-32,2.64939286e-37
6.96639481e+01,1.15907284e-32,1.39482014e-32,1.50324307e-34,6.47119631e-39
7.11405258e+01,4.74375153e-34,5.92006598e-34,9.12390677e-36,2.22806456e-40
7.26171036e+01,1.00007801e-35,1.27901735e-35,1.84091382e-37,0.00000000e+00
7.40936813e+01,2.55784614e-37,3.36338267e-37,4.77842776e-39,0.00000000e+00
7.55702591e+01,7.74637791e-39,1.01650191e-38,1.19110369e-40,0.00000000e+00
7.70468445e+01,1.83570099e-40,2.55036321e-40,1.40129846e-42,0.00000000e+00
7.85234222e+01,0.00000000e+00,1.40129846e-42,0.00000000e+00,0.00000000e+00
8.00000000e+01,0.00000000e+00,0.00000000e+00,0.00000000e+00,0.00000000e+00
