Height (km), 7_8 um ash conc (g/kg), 15_6 um ash conc (g/kg), 125 um ash conc (g/kg), 1 mm ash conc (g/kg)
0.00000000e+00,0.00000000e+00,0.00000000e+00,0.00000000e+00,0.00000000e+00
3.99999991e-02,6.17512967e-04,1.04372646e-03,7.28726238e-02,1.93820894e-02
7.99999982e-02,1.28005689e-03,2.15819711e-03,1.28595144e-01,7.96384737e-02
1.19999997e-01,2.20580166e-03,3.69525887e-03,1.96030170e-01,1.29535764e-01
1.59999996e-01,3.92664503e-03,6.53893407e-03,2.91512430e-01,1.70738086e-01
2.00000003e-01,7.72682345e-03,1.27522871e-02,3.95513237e-01,1.99593589e-01
2.39999995e-01,1.60180293e-02,2.59857029e-02,4.91389215e-01,2.21318156e-01
2.80000001e-01,2.91735902e-02,4.66386937e-02,5.76918781e-01,2.41774276e-01
3.19999993e-01,4.91809621e-02,7.68793672e-02,6.30007505e-01,2.63194084e-01
3.60000014e-01,6.97950721e-02,1.07686788e-01,6.77272975e-01,2.86019742e-01
4.00000006e-01,9.55411866e-02,1.44884259e-01,7.36952305e-01,3.23001117e-01
4.39999998e-01,1.16025962e-01,1.74201339e-01,7.52996981e-01,3.48473221e-01
4.79999989e-01,1.37371093e-01,2.04381809e-01,8.85382950e-01,4.57036853e-01
5.19999981e-01,1.63143963e-01,2.39996597e-01,9.29464102e-01,4.84862834e-01
5.60000002e-01,1.79913610e-01,2.62080073e-01,1.13470435e+00,8.41286540e-01
6.00000024e-01,2.02007994e-01,2.90668279e-01,1.20085180e+00,8.69921744e-01
6.41029537e-01,2.11998820e-01,3.03480059e-01,1.37016726e+00,1.66035295e+00
6.83115125e-01,2.26713464e-01,3.25580120e-01,1.34504247e+00,1.66869831e+00
7.26283848e-01,2.83745527e-01,4.12313014e-01,1.35820413e+00,2.37961006e+00
7.70563781e-01,3.37634146e-01,5.00323057e-01,1.32122540e+00,2.91187334e+00
8.15983355e-01,4.48362619e-01,6.69547200e-01,1.38012099e+00,3.67224312e+00
8.62571895e-01,5.49832821e-01,8.25614214e-01,1.37109184e+00,4.05087614e+00
9.10359621e-01,7.00769424e-01,1.04980397e+00,1.48453689e+00,4.45074177e+00
9.59377348e-01,8.62501502e-01,1.28056622e+00,1.52652550e+00,4.80888748e+00
1.00965667e+00,9.99439120e-01,1.46749043e+00,1.55733681e+00,5.19217014e+00
1.06123006e+00,1.13006163e+00,1.64221191e+00,1.61787641e+00,6.23968029e+00
1.11413085e+00,1.20851183e+00,1.74772012e+00,1.67555249e+00,7.59121227e+00
1.16839325e+00,1.25862467e+00,1.82112312e+00,1.73950624e+00,7.49911880e+00
1.22405231e+00,1.35338354e+00,1.96469259e+00,1.82504475e+00,9.29505730e+00
1.28114390e+00,1.57111537e+00,2.28290081e+00,1.98421490e+00,8.68281364e+00
1.33970511e+00,1.90215600e+00,2.75714445e+00,2.26134253e+00,1.09424114e+01
1.39977336e+00,1.99713066e+04,2.79753438e+04,1.97412402e+04,2.03201660e+03
1.46138775e+00,2.36899258e+04,3.31677188e+04,2.24336348e+04,1.92330212e+03
1.52458799e+00,1.63299297e+04,2.28625820e+04,1.54864551e+04,1.44515479e+03
1.58941495e+00,1.55386768e+04,2.17608223e+04,1.50467363e+04,1.63496326e+03
1.65591037e+00,1.59684033e+04,2.23662852e+04,1.56491504e+04,1.82963855e+03
1.72411728e+00,1.65859688e+04,2.32329688e+04,1.63447793e+04,1.96966394e+03
1.79407966e+00,1.66352051e+04,2.33018984e+04,1.63954629e+04,1.97183813e+03
1.86584306e+00,1.57648584e+04,2.20822871e+04,1.55140029e+04,1.86091663e+03
1.93945324e+00,1.46300244e+04,2.04930879e+04,1.44107373e+04,1.75933105e+03
2.01495814e+00,1.42977266e+04,2.00288770e+04,1.41403350e+04,1.78302661e+03
2.09240627e+00,1.49628457e+04,2.09619688e+04,1.48689434e+04,1.93935657e+03
2.17184782e+00,1.61191777e+04,2.25828594e+04,1.60775205e+04,2.14391455e+03
2.25333428e+00,1.71345234e+04,2.40057520e+04,1.71273984e+04,2.31601172e+03
2.33691788e+00,1.75072383e+04,2.45277617e+04,1.75064688e+04,2.36960229e+03
2.42265272e+00,1.71025195e+04,2.39605293e+04,1.70973496e+04,2.31483252e+03
2.51059437e+00,1.63511006e+04,2.29077539e+04,1.63434326e+04,2.21038525e+03
2.60079956e+00,1.56491133e+04,2.19242598e+04,1.56366602e+04,2.10956934e+03
2.69332647e+00,1.52417881e+04,2.13536875e+04,1.52304004e+04,2.05614673e+03
2.78823495e+00,1.53924688e+04,2.15651094e+04,1.53926953e+04,2.09010596e+03
2.88558602e+00,1.60308994e+04,2.24598340e+04,1.60432910e+04,2.18511938e+03
2.98544264e+00,1.67808906e+04,2.35106309e+04,1.67977051e+04,2.29128247e+03
3.08786964e+00,1.73789941e+04,2.43484238e+04,1.73932383e+04,2.37069336e+03
3.19293284e+00,1.76670508e+04,2.47517227e+04,1.76731914e+04,2.40252197e+03
3.30070019e+00,1.75490488e+04,2.45860312e+04,1.75406094e+04,2.37949536e+03
3.41124129e+00,1.70730996e+04,2.39188965e+04,1.70504121e+04,2.30149756e+03
3.52462745e+00,1.64244023e+04,2.30098457e+04,1.63900215e+04,2.20677026e+03
3.64093208e+00,1.57089648e+04,2.20072793e+04,1.56608379e+04,2.10098999e+03
3.76023054e+00,1.50159346e+04,2.10362734e+04,1.49618047e+04,2.00665308e+03
3.88259912e+00,1.45727607e+04,2.04155371e+04,1.45222705e+04,1.95520703e+03
4.00811720e+00,1.44100635e+04,2.01877773e+04,1.43648848e+04,1.94469385e+03
4.13686609e+00,1.43447158e+04,2.00964668e+04,1.43089688e+04,1.95056055e+03
4.26892853e+00,1.43729092e+04,2.01362246e+04,1.43489326e+04,1.97467175e+03
4.40439081e+00,1.44938848e+04,2.03059590e+04,1.44825244e+04,2.00813782e+03
4.54333878e+00,1.45990469e+04,2.04534785e+04,1.45987861e+04,2.03949854e+03
4.68586397e+00,1.46292549e+04,2.04958105e+04,1.46329219e+04,2.05122485e+03
4.83205652e+00,1.45900430e+04,2.04408750e+04,1.45973887e+04,2.05507715e+03
4.98201227e+00,1.46154492e+04,2.04764668e+04,1.46251953e+04,2.06206958e+03
5.13582754e+00,1.46957900e+04,2.05887988e+04,1.46964326e+04,2.07100781e+03
5.29360199e+00,1.47072559e+04,2.06047363e+04,1.47038555e+04,2.07447021e+03
5.45543718e+00,1.49096016e+04,2.08883457e+04,1.49117373e+04,2.10973975e+03
5.62143755e+00,1.52964053e+04,2.14301855e+04,1.52959160e+04,2.16631934e+03
5.79171038e+00,1.54291250e+04,2.16161055e+04,1.54302559e+04,2.19755811e+03
5.96636629e+00,1.55187148e+04,2.17416230e+04,1.55205859e+04,2.21663232e+03
6.14551687e+00,1.55213018e+04,2.17449902e+04,1.55136348e+04,2.22106226e+03
6.32927942e+00,1.53166953e+04,2.14580156e+04,1.52958994e+04,2.19364453e+03
6.51777077e+00,1.50433027e+04,2.10748184e+04,1.50135156e+04,2.16451221e+03
6.71111441e+00,1.46255391e+04,2.04894297e+04,1.45891064e+04,2.11566431e+03
6.90943432e+00,1.38011406e+04,1.93343945e+04,1.37604990e+04,2.01544250e+03
7.11285782e+00,1.31288975e+04,1.83926973e+04,1.30924971e+04,1.94158826e+03
7.32151794e+00,1.31423711e+04,1.84117910e+04,1.31157939e+04,1.96685083e+03
7.53554821e+00,1.35362490e+04,1.89637656e+04,1.35169980e+04,2.03875098e+03
7.75508738e+00,1.39720234e+04,1.95743301e+04,1.39562441e+04,2.11745923e+03
7.98027754e+00,1.43087139e+04,2.00460684e+04,1.42966426e+04,2.18254248e+03
8.21126270e+00,1.45037715e+04,2.03193398e+04,1.44936035e+04,2.22622510e+03
8.44819450e+00,1.45375811e+04,2.03667812e+04,1.45325801e+04,2.24648999e+03
8.69122219e+00,1.46175566e+04,2.04789102e+04,1.46177461e+04,2.27090625e+03
8.94050789e+00,1.47059922e+04,2.06028867e+04,1.47114111e+04,2.30094507e+03
9.19620800e+00,1.48096709e+04,2.07482578e+04,1.48223184e+04,2.33206592e+03
9.45849037e+00,1.48480098e+04,2.08020352e+04,1.48656836e+04,2.34797974e+03
9.72752285e+00,1.48744209e+04,2.08391602e+04,1.48992969e+04,2.36341724e+03
1.00034800e+01,1.49139668e+04,2.08945781e+04,1.49398623e+04,2.38452246e+03
1.02865391e+01,1.49199170e+04,2.09029492e+04,1.49490605e+04,2.41952271e+03
1.05768833e+01,1.48474932e+04,2.08014863e+04,1.48794326e+04,2.45810181e+03
1.08747025e+01,1.47104648e+04,2.06098086e+04,1.47594990e+04,2.50360547e+03
1.11801853e+01,1.46907432e+04,2.05828164e+04,1.47757363e+04,2.56318530e+03
1.14935322e+01,1.43533477e+04,2.01105645e+04,1.44725654e+04,2.56281079e+03
1.18149433e+01,1.44678037e+04,2.02715684e+04,1.46483799e+04,2.65047119e+03
1.21446266e+01,1.52180830e+04,2.13234883e+04,1.54755713e+04,2.82658447e+03
1.24827967e+01,1.53709512e+04,2.15382266e+04,1.56961699e+04,2.91859961e+03
1.28296700e+01,1.59930781e+04,2.24116562e+04,1.64666562e+04,3.11957861e+03
1.31854706e+01,1.74274551e+04,2.44228945e+04,1.80738789e+04,3.38363037e+03
1.35504293e+01,1.61312793e+04,2.26108672e+04,1.70298672e+04,3.29571533e+03
1.39247818e+01,1.74366445e+04,2.44449648e+04,1.86573438e+04,3.54576270e+03
1.43087692e+01,1.77185566e+04,2.48424824e+04,1.92226406e+04,3.57997583e+03
1.47026405e+01,1.70571504e+04,2.39200215e+04,1.90126953e+04,3.61403589e+03
1.51066484e+01,1.96936934e+04,2.76208887e+04,2.21445352e+04,4.02725488e+03
1.55210552e+01,2.06146172e+04,2.89233672e+04,2.38623828e+04,4.20800928e+03
1.59461288e+01,2.59942422e+04,3.64741328e+04,3.02553008e+04,4.84955273e+03
1.63821430e+01,2.06947090e+04,2.90721348e+04,2.59676289e+04,4.01453223e+03
1.68293781e+01,2.29634746e+04,3.22803730e+04,2.93719473e+04,4.19725244e+03
1.72881241e+01,3.33102266e+04,4.67798516e+04,4.00893008e+04,5.13845996e+03
1.77586803e+01,3.86258906e+04,5.42304688e+04,4.50664648e+04,5.10397168e+03
1.82413464e+01,3.64071172e+04,5.11312031e+04,4.03073164e+04,4.12402686e+03
1.87364349e+01,3.52345742e+04,4.94488398e+04,3.56958359e+04,3.51337549e+03
1.92442665e+01,3.95987344e+04,5.54691016e+04,3.68397266e+04,3.85036963e+03
1.97651691e+01,4.47129766e+04,6.25557930e+04,4.00253828e+04,4.55118945e+03
2.02994785e+01,4.91007070e+04,6.86767812e+04,4.37921758e+04,5.23101074e+03
2.08475418e+01,4.83584609e+04,6.76184688e+04,4.23961367e+04,5.04236621e+03
2.14097099e+01,4.20256953e+04,5.87400586e+04,3.65308711e+04,4.70466602e+03
2.19863453e+01,3.81189688e+04,5.32485547e+04,3.33549062e+04,4.54209766e+03
2.25778236e+01,3.63970391e+04,5.08632500e+04,3.34174648e+04,4.91471387e+03
2.31845264e+01,3.79148516e+04,5.30576445e+04,3.71737383e+04,5.09553809e+03
2.38068466e+01,4.05540312e+04,5.67843438e+04,4.00695156e+04,5.01840234e+03
2.44451809e+01,4.04798789e+04,5.66724453e+04,3.91356641e+04,4.53698047e+03
2.50999470e+01,3.83340273e+04,5.36647539e+04,3.67774219e+04,4.57207227e+03
2.57715645e+01,4.72437891e+04,6.61610469e+04,4.65264766e+04,6.08422705e+03
2.64604683e+01,4.33163125e+04,6.06448594e+04,4.16340586e+04,4.76202197e+03
2.71671047e+01,3.45007578e+04,4.82931758e+04,3.27100996e+04,3.70277637e+03
2.78919277e+01,3.61509375e+04,5.06141094e+04,3.47572422e+04,3.87078613e+03
2.86354065e+01,4.01715781e+04,5.62380703e+04,3.83063984e+04,4.19285156e+03
2.93980217e+01,2.94613086e+04,4.12281953e+04,2.72591641e+04,1.95249805e+03
3.01802654e+01,7.35721680e+03,1.02666416e+04,5.43453711e+03,7.53383484e+01
3.09826431e+01,1.41710693e+02,1.95357559e+02,4.35451927e+01,6.06464386e-01
3.18056717e+01,1.26959328e+02,1.74676712e+02,3.13573265e+01,3.18626240e-02
3.26498833e+01,7.81637421e+01,1.06605278e+02,9.33545589e+00,7.60387047e-05
3.35158234e+01,3.45850983e+01,4.67955818e+01,2.39015532e+00,3.65510932e-05
3.44040565e+01,1.11980915e+01,1.50588341e+01,4.86573756e-01,8.97964946e-06
3.53151436e+01,2.35018778e+00,3.12169480e+00,2.35300399e-02,3.52056691e-06
3.62496834e+01,6.72983646e-01,8.97397876e-01,1.04368813e-02,1.06578307e-06
3.72082787e+01,4.25333977e-02,5.58264405e-02,2.48875818e-04,8.16509385e-08
3.81915474e+01,1.07994992e-02,1.42467264e-02,4.42275923e-05,1.20075345e-08
3.92001228e+01,6.88483194e-03,9.10089538e-03,2.45333449e-05,4.94574515e-09
4.02346535e+01,2.53025675e-03,3.33702099e-03,7.16038312e-06,9.68854774e-10
4.12958107e+01,1.18094974e-03,1.54902996e-03,2.61381933e-06,2.08472323e-10
4.23842850e+01,2.42350652e-04,3.14378878e-04,4.71650679e-07,1.73020868e-11
4.35007744e+01,4.03828260e-09,5.45995338e-09,9.81255494e-11,2.16857019e-14
4.46459999e+01,2.92755828e-07,3.80278948e-07,8.48165316e-10,7.17968030e-14
4.58207016e+01,7.03462932e-09,9.26396471e-09,1.29396381e-11,3.49170063e-16
4.70256386e+01,2.49084531e-10,3.22679022e-10,8.16123211e-13,2.33959748e-17
4.82615852e+01,4.99800895e-12,6.62678940e-12,1.20356716e-14,1.15183132e-18
4.95293465e+01,1.09641768e-13,1.41788924e-13,2.03665208e-16,1.23835974e-20
5.08297386e+01,1.28417755e-15,1.68032596e-15,7.20972690e-18,5.09870464e-22
5.21635971e+01,7.42685188e-18,8.09550002e-18,1.07299946e-18,3.37380545e-24
5.35317917e+01,3.67903963e-18,3.84073648e-18,1.23884635e-21,5.22519832e-26
5.49351997e+01,2.18549519e-20,5.56412345e-20,2.31837385e-22,3.86038694e-28
5.63747253e+01,6.30855676e-22,6.29660646e-22,2.21914165e-25,2.11408578e-29
5.78513031e+01,6.84882254e-24,1.71360010e-23,7.05675523e-26,4.08777361e-31
5.93278885e+01,1.17044032e-25,1.05442970e-25,4.37735980e-29,3.18416147e-33
6.08044662e+01,3.98516660e-27,7.24516202e-27,5.58123905e-29,2.21135926e-33
6.22810478e+01,2.10417657e-29,1.60798885e-29,1.18919556e-31,4.99576095e-36
6.37576256e+01,3.84997496e-30,6.63607525e-30,4.78631148e-32,2.39910010e-36
6.52341995e+01,6.50309923e-33,4.76491668e-33,1.49429106e-34,6.66457550e-39
6.67107849e+01,5.06386620e-33,7.08226163e-33,4.84875234e-35,2.40042427e-39
6.81873703e+01,2.19231490e-35,2.85568932e-35,3.36507813e-37,1.40129846e-42
6.96639481e+01,6.73654260e-36,9.23667143e-36,7.51824652e-38,0.00000000e+00
7.11405258e+01,1.02100007e-37,1.31853778e-37,1.32422705e-39,0.00000000e+00
7.26171036e+01,1.30152601e-38,1.78819697e-38,8.40779079e-41,0.00000000e+00
7.40936813e+01,2.31214247e-40,3.19496050e-40,0.00000000e+00,0.00000000e+00
7.55702591e+01,0.00000000e+00,0.00000000e+00,0.00000000e+00,0.00000000e+00
7.70468445e+01,0.00000000e+00,0.00000000e+00,0.00000000e+00,0.00000000e+00
7.85234222e+01,0.00000000e+00,0.00000000e+00,0.00000000e+00,0.00000000e+00
8.00000000e+01,0.00000000e+00,0.00000000e+00,0.00000000e+00,0.00000000e+00
