Height (km), 7_8 um ash conc (g/kg), 15_6 um ash conc (g/kg), 125 um ash conc (g/kg), 1 mm ash conc (g/kg)
0.00000000e+00,0.00000000e+00,0.00000000e+00,0.00000000e+00,0.00000000e+00
3.99999991e-02,3.89929414e-02,5.75675555e-02,1.78546548e-01,7.46429396e+00
7.99999982e-02,5.10714240e-02,7.62998685e-02,2.12568015e-01,7.58089924e+00
1.19999997e-01,6.81346431e-02,1.03560448e-01,2.46614560e-01,7.63914490e+00
1.59999996e-01,9.56498832e-02,1.44553736e-01,2.81972706e-01,7.72865438e+00
2.00000003e-01,1.10108733e-01,1.65097743e-01,2.99782783e-01,7.79901028e+00
2.39999995e-01,1.32333636e-01,1.97193369e-01,3.23225707e-01,7.87783909e+00
2.80000001e-01,1.45452291e-01,2.15192229e-01,3.39045346e-01,7.94955587e+00
3.19999993e-01,1.59043401e-01,2.34181762e-01,3.55476856e-01,8.02824497e+00
3.60000014e-01,1.64992392e-01,2.41843462e-01,3.68935227e-01,8.11178017e+00
4.00000006e-01,1.73335552e-01,2.53296524e-01,3.83989573e-01,8.18662071e+00
4.39999998e-01,1.73292637e-01,2.52340376e-01,3.92482221e-01,8.27255917e+00
4.79999989e-01,1.79633796e-01,2.61187047e-01,4.05175596e-01,8.35589790e+00
5.19999981e-01,1.75804630e-01,2.55075276e-01,4.11646366e-01,8.44334602e+00
5.60000002e-01,1.81663901e-01,2.63094991e-01,4.21768159e-01,8.52972031e+00
6.00000024e-01,1.75628677e-01,2.53969967e-01,4.27361786e-01,8.61665726e+00
6.41029537e-01,1.81157142e-01,2.61361241e-01,4.39573169e-01,8.70799637e+00
6.83115125e-01,1.73099577e-01,2.49216363e-01,4.44584668e-01,8.81841469e+00
7.26283848e-01,1.66990340e-01,2.39773124e-01,4.55960989e-01,8.90626240e+00
7.70563781e-01,1.61909923e-01,2.31652528e-01,4.63951439e-01,9.04260540e+00
8.15983355e-01,1.59029126e-01,2.26415873e-01,4.75057900e-01,9.13143063e+00
8.62571895e-01,1.46512911e-01,2.08109483e-01,4.87283140e-01,9.30670929e+00
9.10359621e-01,1.36899516e-01,1.93711475e-01,4.99951392e-01,9.38811302e+00
9.59377348e-01,1.23288505e-01,1.74294502e-01,5.14020860e-01,9.63105202e+00
1.00965667e+00,1.09737225e-01,1.55410558e-01,5.31468034e-01,9.65313148e+00
1.06123006e+00,9.81666073e-02,1.39607921e-01,5.51213086e-01,9.94394302e+00
1.11413085e+00,8.93573016e-02,1.27876952e-01,5.74860752e-01,9.97731686e+00
1.16839325e+00,8.35480392e-02,1.20396003e-01,6.03067338e-01,1.02978287e+01
1.22405231e+00,8.06168988e-02,1.17023453e-01,6.37775719e-01,1.03489637e+01
1.28114390e+00,8.19675326e-02,1.19785078e-01,6.86361492e-01,1.07582788e+01
1.33970511e+00,9.10858810e-02,1.33744493e-01,7.57814288e-01,1.08784761e+01
1.39977336e+00,1.70042871e+04,2.38005508e+04,1.56204541e+04,8.00359924e+02
1.46138775e+00,1.60590576e+04,2.24658359e+04,1.42426855e+04,9.39077087e+02
1.52458799e+00,2.10323477e+04,2.94363809e+04,1.93105703e+04,1.62658472e+03
1.58941495e+00,2.08260781e+04,2.91516172e+04,1.92712930e+04,1.68694824e+03
1.65591037e+00,2.02261562e+04,2.83097617e+04,1.85884609e+04,1.59488208e+03
1.72411728e+00,1.90425293e+04,2.66498906e+04,1.73295137e+04,1.45708777e+03
1.79407966e+00,1.74818125e+04,2.44626387e+04,1.57605254e+04,1.30878381e+03
1.86584306e+00,1.57312236e+04,2.20107207e+04,1.40854697e+04,1.16769055e+03
1.93945324e+00,1.39558945e+04,1.95254453e+04,1.24548418e+04,1.04493066e+03
2.01495814e+00,1.22983799e+04,1.72060332e+04,1.09730889e+04,9.36700378e+02
2.09240627e+00,1.08431660e+04,1.51702188e+04,9.69342676e+03,8.48484192e+02
2.17184782e+00,9.60580273e+03,1.34394580e+04,8.61339258e+03,7.71711853e+02
2.25333428e+00,8.56902734e+03,1.19893857e+04,7.71033203e+03,7.10863403e+02
2.33691788e+00,7.69990918e+03,1.07737324e+04,6.95366016e+03,6.53064392e+02
2.42265272e+00,6.96182910e+03,9.74128125e+03,6.30685498e+03,6.07357422e+02
2.51059437e+00,6.32573535e+03,8.85145996e+03,5.74626123e+03,5.59905701e+02
2.60079956e+00,5.75645801e+03,8.05504492e+03,5.24180371e+03,5.25951721e+02
2.69332647e+00,5.23242285e+03,7.32188672e+03,4.77597852e+03,4.80930267e+02
2.78823495e+00,4.75141357e+03,6.64893701e+03,4.34807080e+03,4.48397614e+02
2.88558602e+00,4.31478271e+03,6.03804980e+03,3.95798877e+03,4.10975677e+02
2.98544264e+00,3.92629077e+03,5.49450928e+03,3.61042285e+03,3.87014740e+02
3.08786964e+00,3.58073096e+03,5.01107422e+03,3.30139282e+03,3.54947144e+02
3.19293284e+00,3.28097070e+03,4.59160547e+03,3.03186914e+03,3.38661774e+02
3.30070019e+00,3.01991699e+03,4.22625146e+03,2.79591748e+03,3.09130554e+02
3.41124129e+00,2.78244824e+03,3.89408154e+03,2.58388550e+03,2.96879364e+02
3.52462745e+00,2.55244458e+03,3.57224341e+03,2.37750513e+03,2.70999176e+02
3.64093208e+00,2.34101172e+03,3.27641968e+03,2.18771704e+03,2.60414459e+02
3.76023054e+00,2.13604150e+03,2.98969507e+03,2.00632849e+03,2.39996307e+02
3.88259912e+00,1.95760266e+03,2.73997339e+03,1.84753735e+03,2.25035995e+02
4.00811720e+00,1.81219519e+03,2.53661792e+03,1.71980627e+03,2.10845352e+02
4.13686609e+00,1.69604077e+03,2.37405542e+03,1.61703943e+03,2.03383743e+02
4.26892853e+00,1.59741711e+03,2.23609326e+03,1.53226990e+03,1.92171280e+02
4.40439081e+00,1.49938928e+03,2.09896362e+03,1.44893127e+03,1.84750244e+02
4.54333878e+00,1.40084033e+03,1.96118860e+03,1.36784167e+03,1.77726212e+02
4.68586397e+00,1.31183923e+03,1.83674475e+03,1.29577808e+03,1.69094543e+02
4.83205652e+00,1.23527246e+03,1.72969128e+03,1.23601672e+03,1.64656235e+02
4.98201227e+00,1.18125977e+03,1.65418164e+03,1.19736365e+03,1.59405670e+02
5.13582754e+00,1.13690308e+03,1.59218262e+03,1.16916016e+03,1.56737732e+02
5.29360199e+00,1.09642017e+03,1.53571570e+03,1.14887366e+03,1.54164734e+02
5.45543718e+00,1.05870215e+03,1.48319592e+03,1.13519128e+03,1.52675049e+02
5.62143755e+00,1.01912646e+03,1.42824377e+03,1.12579419e+03,1.50357880e+02
5.79171038e+00,9.84641846e+02,1.38054553e+03,1.12815295e+03,1.48661102e+02
5.96636629e+00,9.62129883e+02,1.34990649e+03,1.15324756e+03,1.47854904e+02
6.14551687e+00,9.62666565e+02,1.35189709e+03,1.20133826e+03,1.47746765e+02
6.32927942e+00,9.84350647e+02,1.38356396e+03,1.26435425e+03,1.48503494e+02
6.51777077e+00,1.02703589e+03,1.44468909e+03,1.33986523e+03,1.49688812e+02
6.71111441e+00,1.09064514e+03,1.53505188e+03,1.42130017e+03,1.50368637e+02
6.90943432e+00,1.16773486e+03,1.64439795e+03,1.49866077e+03,1.50721497e+02
7.11285782e+00,1.24943774e+03,1.76071375e+03,1.55473608e+03,1.50293808e+02
7.32151794e+00,1.33239856e+03,1.87766931e+03,1.56800244e+03,1.49375916e+02
7.53554821e+00,1.38452795e+03,1.94703687e+03,1.53725330e+03,1.47043640e+02
7.75508738e+00,1.36834253e+03,1.91918408e+03,1.50480176e+03,1.44267868e+02
7.98027754e+00,1.30723071e+03,1.83360327e+03,1.48614551e+03,1.41452499e+02
8.21126270e+00,1.26665674e+03,1.78199561e+03,1.48925708e+03,1.39664108e+02
8.44819450e+00,1.28506812e+03,1.81361060e+03,1.50981775e+03,1.38549759e+02
8.69122219e+00,1.36096094e+03,1.92423071e+03,1.54246460e+03,1.38378448e+02
8.94050789e+00,1.47926538e+03,2.09204297e+03,1.57784204e+03,1.38571228e+02
9.19620800e+00,1.62347278e+03,2.29347046e+03,1.60740283e+03,1.38747620e+02
9.45849037e+00,1.77283179e+03,2.49968628e+03,1.63295166e+03,1.38676773e+02
9.72752285e+00,1.92773877e+03,2.71255640e+03,1.66508240e+03,1.38553986e+02
1.00034800e+01,2.08420044e+03,2.92727686e+03,1.71227979e+03,1.40764862e+02
1.02865391e+01,2.24081519e+03,3.14290820e+03,1.77139563e+03,1.46174850e+02
1.05768833e+01,2.39614771e+03,3.35602417e+03,1.82298987e+03,1.54639099e+02
1.08747025e+01,2.55037061e+03,3.56817871e+03,1.88617175e+03,1.65134308e+02
1.11801853e+01,2.70516309e+03,3.78421338e+03,1.97869092e+03,1.74452621e+02
1.14935322e+01,2.92324854e+03,4.08594067e+03,2.10683276e+03,1.79982162e+02
1.18149433e+01,3.06240576e+03,4.25925586e+03,2.14861206e+03,1.74684601e+02
1.21446266e+01,2.98972485e+03,4.14179639e+03,2.04957520e+03,1.57955627e+02
1.24827967e+01,2.71987280e+03,3.76127026e+03,1.83770605e+03,1.41870392e+02
1.28296700e+01,2.36842212e+03,3.27429590e+03,1.63256970e+03,1.16975983e+02
1.31854706e+01,1.97351587e+03,2.73210474e+03,1.38663965e+03,9.27098465e+01
1.35504293e+01,1.63366626e+03,2.26424780e+03,1.16099011e+03,6.90908890e+01
1.39247818e+01,1.36583960e+03,1.89438965e+03,9.63454712e+02,4.21611824e+01
1.43087692e+01,1.02418872e+03,1.41931116e+03,6.61859314e+02,1.99614334e+01
1.47026405e+01,5.22166931e+02,7.20225769e+02,2.65680847e+02,2.91473937e+00
1.51066484e+01,1.81418442e+02,2.47716827e+02,5.43819275e+01,1.13006234e-02
1.55210552e+01,2.58319187e+01,3.37558632e+01,7.33194053e-01,4.11701476e-04
1.59461288e+01,1.39946413e+01,1.78437672e+01,3.26769426e-02,9.43150098e-06
1.63821430e+01,6.81817245e+00,8.50429916e+00,7.37554254e-03,2.64360392e-06
1.68293781e+01,2.76765513e+00,3.41236353e+00,2.65042833e-03,1.41895225e-06
1.72881241e+01,9.65827584e-01,1.16377711e+00,4.75794805e-04,7.92207516e-07
1.77586803e+01,2.55112052e-01,2.97729641e-01,6.64689578e-05,4.13195039e-07
1.82413464e+01,6.23136349e-02,7.06983581e-02,2.67453925e-06,2.15983135e-07
1.87364349e+01,1.54219186e-02,1.71397589e-02,1.59500803e-06,1.02627624e-07
1.92442665e+01,3.76230362e-03,4.08050092e-03,7.74752607e-07,4.74012118e-08
1.97651691e+01,9.69261688e-04,1.03444047e-03,4.25136477e-07,2.23217871e-08
2.02994785e+01,2.44367111e-04,2.55349034e-04,2.17991996e-07,8.12647194e-09
2.08475418e+01,5.14447020e-05,5.19922542e-05,8.11295777e-08,2.14612084e-09
2.14097099e+01,1.09555904e-05,1.07643546e-05,2.46042724e-08,5.19717269e-10
2.19863453e+01,1.88376237e-06,1.77093864e-06,6.55319932e-09,9.27853905e-11
2.25778236e+01,2.39190513e-07,2.40739126e-07,1.37060541e-09,1.32630486e-11
2.31845264e+01,2.96832550e-08,3.30718279e-08,2.39978148e-10,1.77167384e-12
2.38068466e+01,2.88058999e-09,3.06423154e-09,3.48373622e-11,1.84864995e-13
2.44451809e+01,2.47924514e-10,2.84966994e-10,4.24360850e-12,1.61809839e-14
2.50999470e+01,1.86093363e-11,2.10633091e-11,4.35190241e-13,1.35186384e-15
2.57715645e+01,1.24326764e-12,1.39759265e-12,3.67748502e-14,8.47768873e-17
2.64604683e+01,7.15678940e-14,7.91863997e-14,2.65275345e-15,2.66509384e-18
2.71671047e+01,3.72106698e-15,4.09292673e-15,1.64603701e-16,1.91667235e-19
2.78919277e+01,1.68392969e-16,1.87368770e-16,5.03181080e-18,5.98006468e-21
2.86354065e+01,5.32858087e-18,5.77097609e-18,2.72908287e-19,2.82703111e-22
2.93980217e+01,2.57734874e-19,2.78673659e-19,1.04704861e-20,1.19935911e-23
3.01802654e+01,1.12524505e-20,1.26280284e-20,5.32559013e-22,5.70180774e-25
3.09826431e+01,5.33043234e-22,5.91456100e-22,3.02585271e-23,2.75919910e-26
3.18056717e+01,2.64559335e-23,2.71244206e-23,1.60800766e-24,1.32524357e-27
3.26498833e+01,1.19801002e-24,1.08066972e-24,7.04659926e-26,5.21900052e-29
3.35158234e+01,4.64898904e-26,3.55846002e-26,2.43760658e-27,1.77288002e-30
3.44040565e+01,1.40100743e-27,9.25155886e-28,6.75600636e-29,4.79453230e-32
3.53151436e+01,3.10653704e-29,2.11115430e-29,1.86658535e-30,1.19717405e-33
3.62496834e+01,6.85862962e-31,4.84525042e-31,4.75971005e-32,2.73039931e-35
3.72082787e+01,1.58384184e-32,9.30863103e-33,8.67494903e-34,4.63922255e-37
3.81915474e+01,3.03586339e-34,1.60364865e-34,1.14933487e-35,6.40253268e-39
3.92001228e+01,7.05822225e-36,3.30999845e-36,2.38143656e-37,1.07899982e-40
4.02346535e+01,1.92197882e-37,7.77790713e-38,4.72097453e-39,0.00000000e+00
4.12958107e+01,4.33001225e-39,1.64652570e-39,7.00649232e-41,0.00000000e+00
4.23842850e+01,6.72623263e-41,2.24207754e-41,0.00000000e+00,0.00000000e+00
4.35007744e+01,0.00000000e+00,0.00000000e+00,0.00000000e+00,0.00000000e+00
4.46459999e+01,0.00000000e+00,0.00000000e+00,0.00000000e+00,0.00000000e+00
4.58207016e+01,0.00000000e+00,0.00000000e+00,0.00000000e+00,0.00000000e+00
4.70256386e+01,0.00000000e+00,0.00000000e+00,0.00000000e+00,0.00000000e+00
4.82615852e+01,0.00000000e+00,0.00000000e+00,0.00000000e+00,0.00000000e+00
4.95293465e+01,0.00000000e+00,0.00000000e+00,0.00000000e+00,0.00000000e+00
5.08297386e+01,0.00000000e+00,0.00000000e+00,0.00000000e+00,0.00000000e+00
5.21635971e+01,0.00000000e+00,0.00000000e+00,0.00000000e+00,0.00000000e+00
5.35317917e+01,0.00000000e+00,0.00000000e+00,0.00000000e+00,0.00000000e+00
5.49351997e+01,0.00000000e+00,0.00000000e+00,0.00000000e+00,0.00000000e+00
5.63747253e+01,0.00000000e+00,0.00000000e+00,0.00000000e+00,0.00000000e+00
5.78513031e+01,0.00000000e+00,0.00000000e+00,0.00000000e+00,0.00000000e+00
5.93278885e+01,0.00000000e+00,0.00000000e+00,0.00000000e+00,0.00000000e+00
6.08044662e+01,0.00000000e+00,0.00000000e+00,0.00000000e+00,0.00000000e+00
6.22810478e+01,0.00000000e+00,0.00000000e+00,0.00000000e+00,0.00000000e+00
6.37576256e+01,0.00000000e+00,0.00000000e+00,0.00000000e+00,0.00000000e+00
6.52341995e+01,0.00000000e+00,0.00000000e+00,0.00000000e+00,0.00000000e+00
6.67107849e+01,0.00000000e+00,0.00000000e+00,0.00000000e+00,0.00000000e+00
6.81873703e+01,0.00000000e+00,0.00000000e+00,0.00000000e+00,0.00000000e+00
6.96639481e+01,0.00000000e+00,0.00000000e+00,0.00000000e+00,0.00000000e+00
7.11405258e+01,0.00000000e+00,0.00000000e+00,0.00000000e+00,0.00000000e+00
7.26171036e+01,0.00000000e+00,0.00000000e+00,0.00000000e+00,0.00000000e+00
7.40936813e+01,0.00000000e+00,0.00000000e+00,0.00000000e+00,0.00000000e+00
7.55702591e+01,0.00000000e+00,0.00000000e+00,0.00000000e+00,0.00000000e+00
7.70468445e+01,0.00000000e+00,0.00000000e+00,0.00000000e+00,0.00000000e+00
7.85234222e+01,0.00000000e+00,0.00000000e+00,0.00000000e+00,0.00000000e+00
8.00000000e+01,0.00000000e+00,0.00000000e+00,0.00000000e+00,0.00000000e+00
