Height (km), 7_8 um ash conc (g/kg), 15_6 um ash conc (g/kg), 125 um ash conc (g/kg), 1 mm ash conc (g/kg)
0.00000000e+00,0.00000000e+00,0.00000000e+00,0.00000000e+00,0.00000000e+00
3.99999991e-02,3.56087655e-01,5.28473675e-01,5.82789135e+00,1.15349579e+02
7.99999982e-02,3.60776722e-01,5.33551276e-01,6.32738733e+00,1.16038292e+02
1.19999997e-01,3.61055255e-01,5.33958435e-01,6.73922825e+00,1.16281136e+02
1.59999996e-01,3.65525365e-01,5.41804314e-01,7.35815239e+00,1.16857773e+02
2.00000003e-01,3.85359436e-01,5.73148012e-01,8.15662766e+00,1.17147522e+02
2.39999995e-01,4.23893750e-01,6.31259143e-01,9.15225220e+00,1.17565781e+02
2.80000001e-01,4.69442010e-01,6.99643254e-01,1.03019495e+01,1.17819878e+02
3.19999993e-01,5.20823598e-01,7.77310789e-01,1.15833788e+01,1.18101456e+02
3.60000014e-01,5.75259864e-01,8.60068262e-01,1.30038843e+01,1.18226303e+02
4.00000006e-01,6.37210310e-01,9.54781115e-01,1.45840836e+01,1.18321091e+02
4.39999998e-01,7.04799116e-01,1.05805099e+00,1.63146973e+01,1.18342606e+02
4.79999989e-01,7.83644795e-01,1.17836356e+00,1.82281208e+01,1.18278412e+02
5.19999981e-01,8.73372376e-01,1.31599557e+00,2.03400726e+01,1.18160034e+02
5.60000002e-01,9.82899010e-01,1.48561001e+00,2.26370697e+01,1.17946358e+02
6.00000024e-01,1.11219943e+00,1.68472230e+00,2.50531998e+01,1.17525162e+02
6.41029537e-01,1.27321482e+00,1.93207979e+00,2.76596069e+01,1.17097946e+02
6.83115125e-01,1.47203839e+00,2.23653436e+00,3.04112511e+01,1.16507004e+02
7.26283848e-01,1.72259390e+00,2.61741185e+00,3.31882286e+01,1.16113998e+02
7.70563781e-01,2.01113772e+00,3.05184555e+00,3.58013496e+01,1.21073944e+02
8.15983355e-01,2.29987454e+00,3.48211741e+00,3.81986809e+01,1.20167740e+02
8.62571895e-01,2.53856516e+00,3.83319688e+00,4.05507736e+01,1.23659996e+02
9.10359621e-01,2.72708678e+00,4.11182690e+00,4.31858063e+01,1.17497742e+02
9.59377348e-01,2.91166615e+00,4.38813448e+00,4.63855820e+01,1.32416046e+02
1.00965667e+00,3.16763520e+00,4.77424049e+00,5.02943153e+01,1.21938950e+02
1.06123006e+00,3.54840970e+00,5.34765148e+00,5.49153519e+01,1.27590073e+02
1.11413085e+00,4.06793165e+00,6.12535286e+00,6.02748070e+01,1.24313118e+02
1.16839325e+00,4.70188904e+00,7.07059765e+00,6.63958664e+01,1.24033371e+02
1.22405231e+00,5.41535997e+00,8.13577366e+00,7.32063446e+01,1.16845276e+02
1.28114390e+00,6.17752218e+00,9.27175426e+00,8.06976929e+01,1.29717041e+02
1.33970511e+00,6.97638083e+00,1.04612465e+01,8.89915314e+01,1.26123810e+02
1.39977336e+00,1.68725918e+04,2.36133418e+04,1.53958809e+04,7.88168640e+02
1.46138775e+00,1.52648320e+04,2.13537578e+04,1.35194961e+04,9.36561829e+02
1.52458799e+00,2.15769473e+04,3.02006777e+04,1.99429707e+04,1.75871289e+03
1.58941495e+00,2.14219219e+04,2.99856328e+04,1.98559707e+04,1.76656287e+03
1.65591037e+00,2.05090840e+04,2.87031641e+04,1.87583457e+04,1.62419641e+03
1.72411728e+00,1.87083008e+04,2.61785000e+04,1.69179219e+04,1.44821301e+03
1.79407966e+00,1.65987578e+04,2.32245566e+04,1.49620146e+04,1.31570398e+03
1.86584306e+00,1.47158926e+04,2.05902148e+04,1.33169219e+04,1.21419849e+03
1.93945324e+00,1.32203945e+04,1.84988711e+04,1.20483135e+04,1.13374780e+03
2.01495814e+00,1.20398945e+04,1.68484453e+04,1.10603350e+04,1.07640039e+03
2.09240627e+00,1.10579229e+04,1.54756553e+04,1.02408271e+04,1.01917621e+03
2.17184782e+00,1.01736924e+04,1.42396543e+04,9.50704102e+03,9.80443909e+02
2.25333428e+00,9.35858301e+03,1.31003555e+04,8.83349219e+03,9.18724854e+02
2.33691788e+00,8.62632812e+03,1.20768848e+04,8.22950977e+03,8.81390076e+02
2.42265272e+00,7.94357080e+03,1.11226094e+04,7.67037354e+03,8.24701050e+02
2.51059437e+00,7.32021045e+03,1.02514434e+04,7.16411328e+03,7.87214417e+02
2.60079956e+00,6.73989941e+03,9.44048340e+03,6.69711865e+03,7.38613525e+02
2.69332647e+00,6.20862842e+03,8.69856445e+03,6.27335645e+03,6.99769287e+02
2.78823495e+00,5.71448145e+03,8.00787451e+03,5.87846680e+03,6.56174194e+02
2.88558602e+00,5.24720801e+03,7.35552441e+03,5.50882959e+03,6.14634216e+02
2.98544264e+00,4.82482422e+03,6.76581592e+03,5.16848535e+03,5.76331116e+02
3.08786964e+00,4.45956592e+03,6.25568213e+03,4.86086914e+03,5.40148499e+02
3.19293284e+00,4.12288428e+03,5.78597754e+03,4.57186621e+03,4.97741699e+02
3.30070019e+00,3.81076709e+03,5.35070312e+03,4.30604492e+03,4.69836914e+02
3.41124129e+00,3.53695947e+03,4.96894824e+03,4.06636401e+03,4.32862549e+02
3.52462745e+00,3.27686230e+03,4.60646924e+03,3.83948535e+03,4.09454254e+02
3.64093208e+00,3.03674976e+03,4.27144580e+03,3.63027759e+03,3.76145020e+02
3.76023054e+00,2.83890601e+03,3.99488989e+03,3.47444531e+03,3.63346344e+02
3.88259912e+00,2.65270679e+03,3.73500024e+03,3.36344360e+03,3.43122192e+02
4.00811720e+00,2.50475879e+03,3.52922266e+03,3.30194141e+03,3.27774811e+02
4.13686609e+00,2.38832520e+03,3.36819043e+03,3.28155371e+03,3.16749603e+02
4.26892853e+00,2.28023071e+03,3.21977832e+03,3.26114282e+03,3.05556763e+02
4.40439081e+00,2.13783594e+03,3.02408008e+03,3.22578564e+03,2.91320404e+02
4.54333878e+00,2.06146777e+03,2.92088208e+03,3.24210864e+03,2.77481110e+02
4.68586397e+00,2.05943750e+03,2.92238110e+03,3.32173584e+03,2.64570587e+02
4.83205652e+00,2.10029150e+03,2.98173901e+03,3.41949170e+03,2.46597778e+02
4.98201227e+00,2.10337451e+03,2.98805908e+03,3.50745361e+03,2.27683517e+02
5.13582754e+00,2.10780200e+03,2.99842505e+03,3.60674561e+03,2.07017899e+02
5.29360199e+00,2.16678174e+03,3.08669263e+03,3.71729004e+03,1.89453262e+02
5.45543718e+00,2.24363623e+03,3.20062744e+03,3.81786279e+03,1.72603882e+02
5.62143755e+00,2.37425342e+03,3.39017310e+03,3.92941016e+03,1.56038849e+02
5.79171038e+00,2.58190649e+03,3.68714844e+03,4.00800879e+03,1.43490158e+02
5.96636629e+00,2.88203418e+03,4.11068213e+03,4.06474121e+03,1.28827118e+02
6.14551687e+00,3.29237354e+03,4.67741309e+03,4.14904736e+03,1.16732803e+02
6.32927942e+00,3.62732373e+03,5.12465723e+03,4.19889160e+03,1.05084045e+02
6.51777077e+00,3.76359912e+03,5.29023438e+03,4.13942969e+03,9.53269119e+01
6.71111441e+00,3.78271631e+03,5.30121387e+03,4.02690039e+03,8.72369690e+01
6.90943432e+00,3.77348218e+03,5.28285938e+03,3.88101367e+03,7.94540329e+01
7.11285782e+00,3.71469971e+03,5.20276562e+03,3.66528369e+03,7.21247940e+01
7.32151794e+00,3.55725488e+03,4.99686523e+03,3.41468213e+03,6.51118240e+01
7.53554821e+00,3.40513208e+03,4.81974365e+03,3.15037988e+03,5.76964417e+01
7.75508738e+00,3.45063037e+03,4.92960449e+03,2.80712939e+03,4.96307526e+01
7.98027754e+00,3.73333252e+03,5.35306787e+03,2.34726367e+03,4.17725792e+01
8.21126270e+00,4.20275684e+03,5.99697070e+03,1.80262915e+03,3.37954903e+01
8.44819450e+00,4.58689258e+03,6.47726709e+03,1.29450830e+03,2.61585007e+01
8.69122219e+00,4.68217188e+03,6.53473486e+03,8.97714722e+02,1.90611477e+01
8.94050789e+00,4.44579443e+03,6.13242773e+03,6.15605896e+02,1.28306503e+01
9.19620800e+00,3.92576855e+03,5.35256250e+03,4.13507477e+02,7.82583523e+00
9.45849037e+00,3.23859644e+03,4.36340332e+03,2.69319611e+02,4.16696548e+00
9.72752285e+00,2.46714819e+03,3.28255566e+03,1.66062378e+02,1.81412339e+00
1.00034800e+01,1.75421777e+03,2.30085034e+03,9.12676239e+01,5.82018673e-01
1.02865391e+01,1.06734241e+03,1.37353101e+03,3.85951614e+01,1.13553405e-01
1.05768833e+01,5.79968445e+02,7.35605774e+02,1.00174952e+01,6.57506380e-03
1.08747025e+01,3.67294250e+02,4.62467102e+02,1.40688109e+00,5.01767136e-05
1.11801853e+01,2.56880646e+02,3.19886414e+02,6.98547244e-01,4.97439687e-05
1.14935322e+01,1.67810394e+02,2.05904846e+02,5.05780816e-01,3.26360314e-05
1.18149433e+01,9.75141144e+01,1.19181213e+02,3.35869640e-01,2.21911632e-05
1.21446266e+01,5.78344803e+01,7.07973938e+01,2.10161388e-01,1.86239886e-05
1.24827967e+01,3.34011688e+01,4.07440872e+01,1.25036165e-01,1.47336023e-05
1.28296700e+01,1.87816887e+01,2.29135971e+01,7.78467134e-02,1.00128564e-05
1.31854706e+01,1.15362120e+01,1.42314482e+01,5.17016985e-02,7.14441239e-06
1.35504293e+01,7.19417763e+00,8.89990520e+00,3.93074118e-02,5.13348778e-06
1.39247818e+01,3.92614555e+00,4.80747890e+00,2.89526470e-02,3.34711490e-06
1.43087692e+01,2.14299083e+00,2.61932230e+00,1.48391947e-02,2.31207355e-06
1.47026405e+01,1.11834347e+00,1.36048126e+00,5.90191456e-03,1.61086950e-06
1.51066484e+01,4.57355648e-01,5.48432648e-01,1.71046529e-03,1.07278584e-06
1.55210552e+01,1.79889768e-01,2.13517487e-01,8.80523992e-04,6.47557329e-07
1.59461288e+01,6.63557351e-02,7.79102147e-02,3.25560512e-04,2.99178254e-07
1.63821430e+01,2.54448801e-02,2.95573212e-02,3.68799556e-05,1.33922967e-07
1.68293781e+01,9.52388532e-03,1.07987057e-02,4.01990019e-06,5.49269643e-08
1.72881241e+01,2.27858173e-03,2.46558245e-03,1.22163544e-06,1.32623850e-08
1.77586803e+01,5.04468218e-04,5.30044315e-04,3.94856670e-07,2.94857583e-09
1.82413464e+01,9.49981040e-05,9.73293063e-05,9.64698899e-08,5.38883882e-10
1.87364349e+01,1.44183578e-05,1.43562356e-05,1.95662508e-08,8.03161565e-11
1.92442665e+01,2.07841731e-06,2.06302002e-06,3.70760533e-09,1.08589760e-11
1.97651691e+01,2.47371474e-07,2.60329614e-07,5.79081672e-10,1.25356420e-12
2.02994785e+01,2.36442723e-08,2.49157317e-08,7.40034423e-11,1.21718187e-13
2.08475418e+01,2.00147721e-09,2.17637330e-09,7.85025083e-12,1.07394850e-14
2.14097099e+01,1.49648308e-10,1.65301633e-10,6.94334943e-13,9.39364832e-16
2.19863453e+01,9.71834592e-12,1.09771116e-11,5.23157296e-14,6.49568325e-17
2.25778236e+01,5.41483416e-13,6.22845417e-13,3.64675636e-15,4.11464039e-18
2.31845264e+01,2.61486423e-14,3.06850391e-14,2.47466208e-16,2.56111325e-19
2.38068466e+01,1.25919950e-15,1.46036506e-15,1.18675114e-17,1.31570363e-20
2.44451809e+01,4.90217373e-17,5.83492344e-17,6.37025748e-19,3.02692669e-22
2.50999470e+01,1.58670685e-18,1.88549058e-18,4.40479169e-20,1.22950315e-23
2.57715645e+01,5.35960207e-20,6.40702954e-20,2.23441476e-21,7.23682752e-25
2.64604683e+01,1.48318442e-21,1.71147445e-21,1.38691188e-22,3.02488837e-26
2.71671047e+01,4.01450589e-23,4.35703971e-23,6.03451574e-24,1.37379376e-27
2.78919277e+01,9.21613377e-25,1.10071961e-24,2.70893701e-25,7.48996503e-29
2.86354065e+01,1.99498701e-26,3.13579236e-26,8.24603777e-27,2.89134578e-30
2.93980217e+01,4.73325258e-28,1.15110531e-27,1.94870563e-28,7.54145042e-32
3.01802654e+01,1.29917411e-29,4.19283014e-29,3.36529062e-30,1.05660696e-33
3.09826431e+01,3.63134655e-31,1.23873595e-30,7.74053509e-32,8.44078556e-36
3.18056717e+01,9.59174591e-33,3.20542498e-32,1.38188927e-32,6.22633364e-37
3.26498833e+01,2.21418687e-34,7.23355602e-34,9.69239173e-34,4.13509164e-38
3.35158234e+01,4.05856106e-36,1.32816484e-35,2.33738327e-35,9.93520611e-40
3.44040565e+01,5.82926148e-38,1.73054755e-37,1.32330219e-37,1.40129846e-42
3.53151436e+01,7.91733632e-40,2.31074117e-39,9.38869971e-41,0.00000000e+00
3.62496834e+01,0.00000000e+00,2.10194770e-41,0.00000000e+00,0.00000000e+00
3.72082787e+01,0.00000000e+00,0.00000000e+00,0.00000000e+00,0.00000000e+00
3.81915474e+01,0.00000000e+00,0.00000000e+00,0.00000000e+00,0.00000000e+00
3.92001228e+01,0.00000000e+00,0.00000000e+00,0.00000000e+00,0.00000000e+00
4.02346535e+01,0.00000000e+00,0.00000000e+00,0.00000000e+00,0.00000000e+00
4.12958107e+01,0.00000000e+00,0.00000000e+00,0.00000000e+00,0.00000000e+00
4.23842850e+01,0.00000000e+00,0.00000000e+00,0.00000000e+00,0.00000000e+00
4.35007744e+01,0.00000000e+00,0.00000000e+00,0.00000000e+00,0.00000000e+00
4.46459999e+01,0.00000000e+00,0.00000000e+00,0.00000000e+00,0.00000000e+00
4.58207016e+01,0.00000000e+00,0.00000000e+00,0.00000000e+00,0.00000000e+00
4.70256386e+01,0.00000000e+00,0.00000000e+00,0.00000000e+00,0.00000000e+00
4.82615852e+01,0.00000000e+00,0.00000000e+00,0.00000000e+00,0.00000000e+00
4.95293465e+01,0.00000000e+00,0.00000000e+00,0.00000000e+00,0.00000000e+00
5.08297386e+01,0.00000000e+00,0.00000000e+00,0.00000000e+00,0.00000000e+00
5.21635971e+01,0.00000000e+00,0.00000000e+00,0.00000000e+00,0.00000000e+00
5.35317917e+01,0.00000000e+00,0.00000000e+00,0.00000000e+00,0.00000000e+00
5.49351997e+01,0.00000000e+00,0.00000000e+00,0.00000000e+00,0.00000000e+00
5.63747253e+01,0.00000000e+00,0.00000000e+00,0.00000000e+00,0.00000000e+00
5.78513031e+01,0.00000000e+00,0.00000000e+00,0.00000000e+00,0.00000000e+00
5.93278885e+01,0.00000000e+00,0.00000000e+00,0.00000000e+00,0.00000000e+00
6.08044662e+01,0.00000000e+00,0.00000000e+00,0.00000000e+00,0.00000000e+00
6.22810478e+01,0.00000000e+00,0.00000000e+00,0.00000000e+00,0.00000000e+00
6.37576256e+01,0.00000000e+00,0.00000000e+00,0.00000000e+00,0.00000000e+00
6.52341995e+01,0.00000000e+00,0.00000000e+00,0.00000000e+00,0.00000000e+00
6.67107849e+01,0.00000000e+00,0.00000000e+00,0.00000000e+00,0.00000000e+00
6.81873703e+01,0.00000000e+00,0.00000000e+00,0.00000000e+00,0.00000000e+00
6.96639481e+01,0.00000000e+00,0.00000000e+00,0.00000000e+00,0.00000000e+00
7.11405258e+01,0.00000000e+00,0.00000000e+00,0.00000000e+00,0.00000000e+00
7.26171036e+01,0.00000000e+00,0.00000000e+00,0.00000000e+00,0.00000000e+00
7.40936813e+01,0.00000000e+00,0.00000000e+00,0.00000000e+00,0.00000000e+00
7.55702591e+01,0.00000000e+00,0.00000000e+00,0.00000000e+00,0.00000000e+00
7.70468445e+01,0.00000000e+00,0.00000000e+00,0.00000000e+00,0.00000000e+00
7.85234222e+01,0.00000000e+00,0.00000000e+00,0.00000000e+00,0.00000000e+00
8.00000000e+01,0.00000000e+00,0.00000000e+00,0.00000000e+00,0.00000000e+00
