Height (km), 7_8 um ash conc (g/kg), 15_6 um ash conc (g/kg), 125 um ash conc (g/kg), 1 mm ash conc (g/kg)
0.00000000e+00,0.00000000e+00,0.00000000e+00,0.00000000e+00,0.00000000e+00
3.99999991e-02,1.70957744e-02,2.46225931e-02,1.98599175e-02,1.20661639e-01
7.99999982e-02,2.28897445e-02,3.27556245e-02,2.25398950e-02,1.45664409e-01
1.19999997e-01,2.69369595e-02,3.83597240e-02,2.44225077e-02,1.59727812e-01
1.59999996e-01,3.16955410e-02,4.49535996e-02,2.69851498e-02,1.70111060e-01
2.00000003e-01,3.53731625e-02,4.99916673e-02,2.85497010e-02,1.90066949e-01
2.39999995e-01,3.83020155e-02,5.39553054e-02,2.93997582e-02,2.08197802e-01
2.80000001e-01,4.16561663e-02,5.85268736e-02,3.05724964e-02,2.19693288e-01
3.19999993e-01,4.41688374e-02,6.18810393e-02,3.14787813e-02,2.35092223e-01
3.60000014e-01,4.78565693e-02,6.68472499e-02,3.32222693e-02,2.49682844e-01
4.00000006e-01,4.93494757e-02,6.87542781e-02,3.41251008e-02,2.52801269e-01
4.39999998e-01,5.14401533e-02,7.13975355e-02,3.56585830e-02,2.68688798e-01
4.79999989e-01,5.43648116e-02,7.52103031e-02,3.74465846e-02,2.65797228e-01
5.19999981e-01,5.46806455e-02,7.54564703e-02,3.88386771e-02,2.98847973e-01
5.60000002e-01,5.77172786e-02,7.93139637e-02,4.05713543e-02,2.91369170e-01
6.00000024e-01,5.91022521e-02,8.12474191e-02,4.49129753e-02,3.07024598e-01
6.41029537e-01,6.25712574e-02,8.58088806e-02,4.88393717e-02,3.09072733e-01
6.83115125e-01,6.28959388e-02,8.64480212e-02,5.43251596e-02,3.30829024e-01
7.26283848e-01,6.50254190e-02,8.94419402e-02,6.08724803e-02,3.46390516e-01
7.70563781e-01,6.75881281e-02,9.29656625e-02,6.57643676e-02,3.49338025e-01
8.15983355e-01,7.07350299e-02,9.71585363e-02,7.00409189e-02,3.82077038e-01
8.62571895e-01,6.95503801e-02,9.57414061e-02,7.34515339e-02,3.70300442e-01
9.10359621e-01,7.13703781e-02,9.80659127e-02,7.51937851e-02,3.84034544e-01
9.59377348e-01,7.07005262e-02,9.74337533e-02,7.98392892e-02,4.14244562e-01
1.00965667e+00,7.39656687e-02,1.01907618e-01,8.40812176e-02,4.28641796e-01
1.06123006e+00,7.82329291e-02,1.07802480e-01,9.08896551e-02,4.22660768e-01
1.11413085e+00,8.26637745e-02,1.13945454e-01,9.80843753e-02,4.24775451e-01
1.16839325e+00,8.90225545e-02,1.22884788e-01,1.10916309e-01,4.55530792e-01
1.22405231e+00,9.70845222e-02,1.34426922e-01,1.30180374e-01,4.92900401e-01
1.28114390e+00,1.12653747e-01,1.56753823e-01,1.65766194e-01,5.47135949e-01
1.33970511e+00,1.36843517e-01,1.91134483e-01,2.19808459e-01,6.40423775e-01
1.39977336e+00,2.00245000e+04,2.80510664e+04,1.98771406e+04,2.13048389e+03
1.46138775e+00,2.50166914e+04,3.50265391e+04,2.37056445e+04,2.06204590e+03
1.52458799e+00,1.66669258e+04,2.33333555e+04,1.57753828e+04,1.47650073e+03
1.58941495e+00,1.58538867e+04,2.22016914e+04,1.53400020e+04,1.65458044e+03
1.65591037e+00,1.57818721e+04,2.21038711e+04,1.54269062e+04,1.77229541e+03
1.72411728e+00,1.58638633e+04,2.22204844e+04,1.55988320e+04,1.86066663e+03
1.79407966e+00,1.59582588e+04,2.23539023e+04,1.57530957e+04,1.92957385e+03
1.86584306e+00,1.60663105e+04,2.25061914e+04,1.59068896e+04,1.99094751e+03
1.93945324e+00,1.62107617e+04,2.27093535e+04,1.60903887e+04,2.05165332e+03
2.01495814e+00,1.64546426e+04,2.30517461e+04,1.63693398e+04,2.12139941e+03
2.09240627e+00,1.67801172e+04,2.35083359e+04,1.67249121e+04,2.19692969e+03
2.17184782e+00,1.71609258e+04,2.40423223e+04,1.71305957e+04,2.27403809e+03
2.25333428e+00,1.75705098e+04,2.46164785e+04,1.75582637e+04,2.34699512e+03
2.33691788e+00,1.79634141e+04,2.51670547e+04,1.79587949e+04,2.40824707e+03
2.42265272e+00,1.83121250e+04,2.56556348e+04,1.83114297e+04,2.45907715e+03
2.51059437e+00,1.87052168e+04,2.62060762e+04,1.86921406e+04,2.49705176e+03
2.60079956e+00,1.86116250e+04,2.60742500e+04,1.85660273e+04,2.45689746e+03
2.69332647e+00,1.77416211e+04,2.48551719e+04,1.76848750e+04,2.33365967e+03
2.78823495e+00,1.65357793e+04,2.31658105e+04,1.64680586e+04,2.16174268e+03
2.88558602e+00,1.54537832e+04,2.16503398e+04,1.53938613e+04,2.03316174e+03
2.98544264e+00,1.57295332e+04,2.20377930e+04,1.57108398e+04,2.11080859e+03
3.08786964e+00,1.71018867e+04,2.39605117e+04,1.70751133e+04,2.28392383e+03
3.19293284e+00,1.80421895e+04,2.52769375e+04,1.79827148e+04,2.39649146e+03
3.30070019e+00,1.91974004e+04,2.68954102e+04,1.91553789e+04,2.58093457e+03
3.41124129e+00,2.05349727e+04,2.87684453e+04,2.04578750e+04,2.74533154e+03
3.52462745e+00,1.95478105e+04,2.73855605e+04,1.94798887e+04,2.62910010e+03
3.64093208e+00,1.74712305e+04,2.44765820e+04,1.74113164e+04,2.33109155e+03
3.76023054e+00,1.42214668e+04,1.99228887e+04,1.41290117e+04,1.87696069e+03
3.88259912e+00,1.25793809e+04,1.76257129e+04,1.26201631e+04,1.78112878e+03
4.00811720e+00,1.56998506e+04,2.19986953e+04,1.57684355e+04,2.19252441e+03
4.13686609e+00,1.88836758e+04,2.64560508e+04,1.88212148e+04,2.52158691e+03
4.26892853e+00,2.02613535e+04,2.83853242e+04,2.01762715e+04,2.74953711e+03
4.40439081e+00,2.09247090e+04,2.93141562e+04,2.08262324e+04,2.87235645e+03
4.54333878e+00,1.87898965e+04,2.63215586e+04,1.86371992e+04,2.55426001e+03
4.68586397e+00,1.45686699e+04,2.04081582e+04,1.44473203e+04,2.01922217e+03
4.83205652e+00,1.18152041e+04,1.65512891e+04,1.17207305e+04,1.68170435e+03
4.98201227e+00,1.09901377e+04,1.53953916e+04,1.08974912e+04,1.59789038e+03
5.13582754e+00,1.15196162e+04,1.61379766e+04,1.14562959e+04,1.70992590e+03
5.29360199e+00,1.28049082e+04,1.79390020e+04,1.27430400e+04,1.88649634e+03
5.45543718e+00,1.34884570e+04,1.88953164e+04,1.33696602e+04,1.96385168e+03
5.62143755e+00,1.27546309e+04,1.78675859e+04,1.26582539e+04,1.95173547e+03
5.79171038e+00,1.19541338e+04,1.67470742e+04,1.19029805e+04,1.93812695e+03
5.96636629e+00,1.16019551e+04,1.62533721e+04,1.15477930e+04,1.93792017e+03
6.14551687e+00,1.20581670e+04,1.68916484e+04,1.19770029e+04,2.02070691e+03
6.32927942e+00,1.32387070e+04,1.85446875e+04,1.31214277e+04,2.17970776e+03
6.51777077e+00,1.40639141e+04,1.96998008e+04,1.38994092e+04,2.27238477e+03
6.71111441e+00,1.38075332e+04,1.93403164e+04,1.36293916e+04,2.26708472e+03
6.90943432e+00,1.33742441e+04,1.87334160e+04,1.32043203e+04,2.26566797e+03
7.11285782e+00,1.20500840e+04,1.68782148e+04,1.18848184e+04,2.13266626e+03
7.32151794e+00,9.28301172e+03,1.30025547e+04,9.16309570e+03,1.82585107e+03
7.53554821e+00,7.00116064e+03,9.80694629e+03,6.93264648e+03,1.58125488e+03
7.75508738e+00,6.00571289e+03,8.41254102e+03,5.94841602e+03,1.47372131e+03
7.98027754e+00,5.76123926e+03,8.06984912e+03,5.70110400e+03,1.45129761e+03
8.21126270e+00,6.12104004e+03,8.57392383e+03,6.06175879e+03,1.50139111e+03
8.44819450e+00,6.71097852e+03,9.40003027e+03,6.63404150e+03,1.56820288e+03
8.69122219e+00,6.92451855e+03,9.69903125e+03,6.84010547e+03,1.60555444e+03
8.94050789e+00,6.80083936e+03,9.52641211e+03,6.74167871e+03,1.61595801e+03
9.19620800e+00,6.54960059e+03,9.17477734e+03,6.50321729e+03,1.59341223e+03
9.45849037e+00,5.87920703e+03,8.23558398e+03,5.83561035e+03,1.51453247e+03
9.72752285e+00,5.48405762e+03,7.68241602e+03,5.46095752e+03,1.48016797e+03
1.00034800e+01,6.24458008e+03,8.74744531e+03,6.20465576e+03,1.55912646e+03
1.02865391e+01,7.12445605e+03,9.97842676e+03,7.02198779e+03,1.63350928e+03
1.05768833e+01,8.01776855e+03,1.12297832e+04,7.91760645e+03,1.77310437e+03
1.08747025e+01,1.04148271e+04,1.45882285e+04,1.03242676e+04,2.12000928e+03
1.11801853e+01,1.18471348e+04,1.65936953e+04,1.17113330e+04,2.31093433e+03
1.14935322e+01,1.08738105e+04,1.52314180e+04,1.07994160e+04,2.28111304e+03
1.18149433e+01,1.15939180e+04,1.62428301e+04,1.16312363e+04,2.50014575e+03
1.21446266e+01,1.29501504e+04,1.81446191e+04,1.30682744e+04,2.75784521e+03
1.24827967e+01,1.35105547e+04,1.89294531e+04,1.36314365e+04,2.83053760e+03
1.28296700e+01,1.18337871e+04,1.65804844e+04,1.19974961e+04,2.67715088e+03
1.31854706e+01,1.05748770e+04,1.48188018e+04,1.08812344e+04,2.63884497e+03
1.35504293e+01,1.06191455e+04,1.48795010e+04,1.09799531e+04,2.60167969e+03
1.39247818e+01,1.03468604e+04,1.44963691e+04,1.07619092e+04,2.52850586e+03
1.43087692e+01,9.78089453e+03,1.37066992e+04,1.04368350e+04,2.50614771e+03
1.47026405e+01,1.00022900e+04,1.40189922e+04,1.09095625e+04,2.50454077e+03
1.51066484e+01,8.82812793e+03,1.23791309e+04,1.02406816e+04,2.41211035e+03
1.55210552e+01,7.14431641e+03,1.00293945e+04,9.25535938e+03,2.32252612e+03
1.59461288e+01,6.95406152e+03,9.77135742e+03,9.72857129e+03,2.37198511e+03
1.63821430e+01,7.92238086e+03,1.11444707e+04,1.16440654e+04,2.54309644e+03
1.68293781e+01,9.89661133e+03,1.39252480e+04,1.46446973e+04,2.73934082e+03
1.72881241e+01,1.21730547e+04,1.71273926e+04,1.84817227e+04,2.94922168e+03
1.77586803e+01,1.50677139e+04,2.12162598e+04,2.31872637e+04,3.13560913e+03
1.82413464e+01,1.98498555e+04,2.79495762e+04,2.74054199e+04,3.27669434e+03
1.87364349e+01,2.48222500e+04,3.49375508e+04,2.94097871e+04,3.45847998e+03
1.92442665e+01,2.90476406e+04,4.08101641e+04,3.00682461e+04,3.53965918e+03
1.97651691e+01,3.17764355e+04,4.45493008e+04,2.98054922e+04,3.48151758e+03
2.02994785e+01,3.29318750e+04,4.60696484e+04,2.82485020e+04,3.55171069e+03
2.08475418e+01,3.21183379e+04,4.48648633e+04,2.70056113e+04,3.59938623e+03
2.14097099e+01,3.08977441e+04,4.31473438e+04,2.66186641e+04,3.54516333e+03
2.19863453e+01,2.97233574e+04,4.15271562e+04,2.61304590e+04,3.36693701e+03
2.25778236e+01,2.75483652e+04,3.85061680e+04,2.46873242e+04,3.19691602e+03
2.31845264e+01,2.63072148e+04,3.67896289e+04,2.39497910e+04,3.01932764e+03
2.38068466e+01,2.63919180e+04,3.69155391e+04,2.41546211e+04,3.02009448e+03
2.44451809e+01,2.68104629e+04,3.75048984e+04,2.46879180e+04,2.85859473e+03
2.50999470e+01,2.56462266e+04,3.58821562e+04,2.37626855e+04,2.66540503e+03
2.57715645e+01,2.28965742e+04,3.20450312e+04,2.17167246e+04,2.63282910e+03
2.64604683e+01,1.91936953e+04,2.68581758e+04,1.79480430e+04,1.84670337e+03
2.71671047e+01,1.26555039e+04,1.76994766e+04,1.12691387e+04,7.16662964e+02
2.78919277e+01,7.96056836e+03,1.11314082e+04,6.95503906e+03,3.21559875e+02
2.86354065e+01,6.68299512e+03,9.34131445e+03,5.63141797e+03,1.61714462e+02
2.93980217e+01,3.07743945e+03,4.29310010e+03,2.24082153e+03,1.97885303e+01
3.01802654e+01,1.59570190e+03,2.22354370e+03,1.08744409e+03,1.26225758e+01
3.09826431e+01,9.28312500e+02,1.29185254e+03,5.69980347e+02,4.57268286e+00
3.18056717e+01,1.93727493e+02,2.67633636e+02,7.19648209e+01,5.56069911e-01
3.26498833e+01,2.89874668e+01,3.98333397e+01,7.55530834e+00,4.28943597e-02
3.35158234e+01,1.47445507e+01,2.02784290e+01,3.44755077e+00,1.52084380e-02
3.44040565e+01,7.86201572e+00,1.07970905e+01,1.66877854e+00,1.45841623e-03
3.53151436e+01,5.05407429e+00,6.93685913e+00,7.49119759e-01,6.87276997e-06
3.62496834e+01,1.55995286e+00,2.10984540e+00,3.72416489e-02,5.78187064e-06
3.72082787e+01,3.83304775e-01,5.17449856e-01,2.75059938e-02,2.88758429e-07
3.81915474e+01,6.91694692e-02,9.21862125e-02,1.51229766e-03,1.36909506e-07
3.92001228e+01,1.09937945e-02,1.47043951e-02,2.10706989e-04,3.49074654e-08
4.02346535e+01,6.43142615e-04,8.45027622e-04,9.52106257e-06,3.44103745e-09
4.12958107e+01,7.85694428e-05,1.03981220e-04,1.76618562e-06,3.72100128e-10
4.23842850e+01,1.02525473e-05,1.35582286e-05,5.10751704e-07,3.26557566e-11
4.35007744e+01,1.40933844e-06,1.87580861e-06,7.86709435e-08,1.86363164e-12
4.46459999e+01,1.82282591e-07,2.43366372e-07,9.88549775e-09,1.45766293e-13
4.58207016e+01,1.49893182e-08,1.99459151e-08,7.74150244e-10,6.31091045e-15
4.70256386e+01,9.60974300e-10,1.28079081e-09,4.06864993e-11,4.63679282e-16
4.82615852e+01,4.29600522e-11,5.73826056e-11,1.44367038e-12,2.38010352e-17
4.95293465e+01,1.28409197e-12,1.72104768e-12,3.11844531e-14,1.58774568e-18
5.08297386e+01,2.60083753e-14,3.48668136e-14,3.83397685e-16,2.12788884e-20
5.21635971e+01,2.68088098e-16,3.60221619e-16,7.25731874e-18,1.47084062e-21
5.35317917e+01,3.72309031e-18,4.08336634e-18,4.05511886e-20,5.70296578e-24
5.49351997e+01,5.00724535e-21,2.29308602e-20,2.78249038e-21,1.11756672e-24
5.63747253e+01,1.96447055e-21,2.14094860e-21,4.70033714e-23,3.62587011e-27
5.78513031e+01,6.71050524e-24,2.22193450e-23,1.79467611e-24,9.51505400e-28
5.93278885e+01,1.45486402e-24,1.71536009e-24,6.01229969e-26,1.78886354e-30
6.08044662e+01,1.24992630e-26,1.20775999e-26,1.63679913e-27,9.34089283e-31
6.22810478e+01,1.45335893e-27,1.77262534e-27,7.67970463e-29,9.22317480e-34
6.37576256e+01,1.23165274e-29,8.62347395e-30,1.73348553e-30,1.08843540e-33
6.52341995e+01,1.50056340e-30,1.90532381e-30,9.70809164e-32,3.68078068e-36
6.67107849e+01,1.19502321e-32,1.16268734e-32,1.88038450e-33,1.27612480e-36
6.81873703e+01,1.52930483e-33,1.82963179e-33,1.25011540e-34,8.96971147e-39
6.96639481e+01,9.34685967e-36,5.24103275e-36,1.65663594e-36,9.75303731e-40
7.11405258e+01,1.28868465e-36,1.49104174e-36,9.85771431e-38,4.20389539e-42
7.26171036e+01,2.09466094e-38,1.68295946e-38,2.82081381e-39,0.00000000e+00
7.40936813e+01,1.05237515e-39,1.17148552e-39,5.88545355e-41,0.00000000e+00
7.55702591e+01,9.80908925e-42,1.26116862e-41,0.00000000e+00,0.00000000e+00
7.70468445e+01,0.00000000e+00,0.00000000e+00,0.00000000e+00,0.00000000e+00
7.85234222e+01,0.00000000e+00,0.00000000e+00,0.00000000e+00,0.00000000e+00
8.00000000e+01,0.00000000e+00,0.00000000e+00,0.00000000e+00,0.00000000e+00
