Height (km), 7_8 um ash conc (g/kg), 15_6 um ash conc (g/kg), 125 um ash conc (g/kg), 1 mm ash conc (g/kg)
0.00000000e+00,0.00000000e+00,0.00000000e+00,0.00000000e+00,0.00000000e+00
3.99999991e-02,3.01818214e-02,4.08081040e-02,1.39492476e+00,6.54382858e+01
7.99999982e-02,3.66453342e-02,4.96662445e-02,1.50299799e+00,6.52677994e+01
1.19999997e-01,5.21818362e-02,7.25766718e-02,1.60190117e+00,6.53523026e+01
1.59999996e-01,6.26393259e-02,8.85601342e-02,1.76378810e+00,6.57285995e+01
2.00000003e-01,6.67869896e-02,9.47231278e-02,1.84614980e+00,6.56496429e+01
2.39999995e-01,9.90580767e-02,1.42670989e-01,2.07616663e+00,6.59757156e+01
2.80000001e-01,1.02432765e-01,1.47657946e-01,2.18824959e+00,6.60736084e+01
3.19999993e-01,1.10258505e-01,1.59184128e-01,2.36893916e+00,6.65221329e+01
3.60000014e-01,1.16699398e-01,1.68897673e-01,2.53474569e+00,6.68001785e+01
4.00000006e-01,1.26765773e-01,1.83992013e-01,2.76128316e+00,6.74635086e+01
4.39999998e-01,1.36192724e-01,1.98325321e-01,2.97501898e+00,6.79907150e+01
4.79999989e-01,1.52115405e-01,2.22098619e-01,3.23098993e+00,6.89909592e+01
5.19999981e-01,1.72424063e-01,2.51978457e-01,3.50722766e+00,6.98885422e+01
5.60000002e-01,1.98701888e-01,2.90197343e-01,3.87455392e+00,7.14933929e+01
6.00000024e-01,2.26408020e-01,3.30939174e-01,4.28838491e+00,7.28164749e+01
6.41029537e-01,2.61072367e-01,3.82331908e-01,4.85290098e+00,7.50712891e+01
6.83115125e-01,3.07316124e-01,4.51625019e-01,5.56177998e+00,7.67596741e+01
7.26283848e-01,3.80036235e-01,5.60769200e-01,6.56862020e+00,7.91042328e+01
7.70563781e-01,4.88782853e-01,7.23086476e-01,7.88576603e+00,8.11609268e+01
8.15983355e-01,6.27183199e-01,9.29834008e-01,9.54396248e+00,8.35637817e+01
8.62571895e-01,7.76708484e-01,1.15445626e+00,1.13871498e+01,8.56267166e+01
9.10359621e-01,9.43483293e-01,1.40625906e+00,1.34479656e+01,8.80764847e+01
9.59377348e-01,1.12083137e+00,1.67457414e+00,1.55188560e+01,9.11250534e+01
1.00965667e+00,1.30580318e+00,1.95417845e+00,1.76599312e+01,9.23088913e+01
1.06123006e+00,1.49750197e+00,2.24412036e+00,1.99920616e+01,9.78302002e+01
1.11413085e+00,1.69872963e+00,2.54920506e+00,2.25387135e+01,9.80667648e+01
1.16839325e+00,1.91430831e+00,2.87593341e+00,2.53038845e+01,1.03297218e+02
1.22405231e+00,2.14993620e+00,3.23219967e+00,2.83437424e+01,1.06365982e+02
1.28114390e+00,2.40080500e+00,3.61080050e+00,3.18610783e+01,1.12990204e+02
1.33970511e+00,2.65126181e+00,3.99059343e+00,3.59530449e+01,1.07415115e+02
1.39977336e+00,1.87591797e+04,2.62580156e+04,1.73178691e+04,9.52604736e+02
1.46138775e+00,1.93501816e+04,2.70671289e+04,1.69239082e+04,1.10733740e+03
1.52458799e+00,1.80553320e+04,2.52551367e+04,1.57761338e+04,1.16996362e+03
1.58941495e+00,1.68803516e+04,2.36187461e+04,1.51024668e+04,1.28641052e+03
1.65591037e+00,1.64243145e+04,2.29844766e+04,1.48893906e+04,1.35979102e+03
1.72411728e+00,1.61222695e+04,2.25640781e+04,1.47301953e+04,1.39543262e+03
1.79407966e+00,1.58832090e+04,2.22308867e+04,1.45857363e+04,1.42474316e+03
1.86584306e+00,1.57089844e+04,2.19880820e+04,1.44853467e+04,1.44169189e+03
1.93945324e+00,1.54701553e+04,2.16545039e+04,1.43077061e+04,1.44636951e+03
2.01495814e+00,1.51503828e+04,2.12074961e+04,1.40455596e+04,1.44374231e+03
2.09240627e+00,1.47730508e+04,2.06795098e+04,1.37116807e+04,1.42829932e+03
2.17184782e+00,1.42303506e+04,1.99199863e+04,1.32248809e+04,1.38749939e+03
2.25333428e+00,1.35523789e+04,1.89711250e+04,1.26138701e+04,1.33804211e+03
2.33691788e+00,1.28092266e+04,1.79311309e+04,1.19449805e+04,1.28458154e+03
2.42265272e+00,1.20255762e+04,1.68342188e+04,1.12323096e+04,1.22013477e+03
2.51059437e+00,1.12233330e+04,1.57113125e+04,1.05029541e+04,1.14354346e+03
2.60079956e+00,1.04272588e+04,1.45971289e+04,9.78498242e+03,1.07739453e+03
2.69332647e+00,9.64813477e+03,1.35067148e+04,9.08592285e+03,1.01131189e+03
2.78823495e+00,8.93758301e+03,1.25123789e+04,8.45338086e+03,9.50922180e+02
2.88558602e+00,8.31114648e+03,1.16357588e+04,7.89866846e+03,8.94136108e+02
2.98544264e+00,7.75443555e+03,1.08566943e+04,7.40898828e+03,8.42562805e+02
3.08786964e+00,7.28110498e+03,1.01944678e+04,7.00112793e+03,8.08692139e+02
3.19293284e+00,6.86336963e+03,9.61013672e+03,6.64759570e+03,7.70978577e+02
3.30070019e+00,6.42396875e+03,8.99540820e+03,6.27409961e+03,7.39270325e+02
3.41124129e+00,5.84125391e+03,8.18024561e+03,5.78167578e+03,6.91073669e+02
3.52462745e+00,5.24861230e+03,7.35121484e+03,5.29293896e+03,6.47036682e+02
3.64093208e+00,4.82304004e+03,6.75630957e+03,4.97802637e+03,6.16754089e+02
3.76023054e+00,4.65783203e+03,6.52622852e+03,4.91994385e+03,6.11192200e+02
3.88259912e+00,4.70528613e+03,6.59396484e+03,5.05878467e+03,6.23440308e+02
4.00811720e+00,4.58383105e+03,6.42546582e+03,5.05307617e+03,6.16473450e+02
4.13686609e+00,4.20218604e+03,5.89304639e+03,4.81992188e+03,5.82811218e+02
4.26892853e+00,3.90435229e+03,5.47773877e+03,4.65391553e+03,5.54297668e+02
4.40439081e+00,3.85861084e+03,5.41457861e+03,4.69146387e+03,5.31702332e+02
4.54333878e+00,3.79966211e+03,5.33228271e+03,4.69906494e+03,5.06156097e+02
4.68586397e+00,3.36180908e+03,4.72110498e+03,4.40452002e+03,4.72321960e+02
4.83205652e+00,2.83649097e+03,3.98925171e+03,4.07963062e+03,4.53239532e+02
4.98201227e+00,2.56038965e+03,3.60657422e+03,3.99979297e+03,4.51485718e+02
5.13582754e+00,2.57692603e+03,3.63390845e+03,4.17815137e+03,4.72985016e+02
5.29360199e+00,2.95675024e+03,4.17041211e+03,4.65731836e+03,4.93271576e+02
5.45543718e+00,3.58504053e+03,5.05354199e+03,5.28734326e+03,4.99829254e+02
5.62143755e+00,3.53759644e+03,4.99006641e+03,5.27310547e+03,4.55522461e+02
5.79171038e+00,2.92143091e+03,4.13573145e+03,4.84026562e+03,4.03771851e+02
5.96636629e+00,2.74763550e+03,3.90129907e+03,4.78473389e+03,3.77856598e+02
6.14551687e+00,3.10363232e+03,4.40492529e+03,5.10812988e+03,3.65865448e+02
6.32927942e+00,3.69065601e+03,5.22833545e+03,5.48536035e+03,3.43649780e+02
6.51777077e+00,3.64601709e+03,5.17165527e+03,5.26612695e+03,3.03629547e+02
6.71111441e+00,3.24664380e+03,4.62728369e+03,4.81785547e+03,2.70719147e+02
6.90943432e+00,3.49919287e+03,4.99551953e+03,4.85198535e+03,2.58079865e+02
7.11285782e+00,4.10118408e+03,5.83562305e+03,5.03328955e+03,2.45617859e+02
7.32151794e+00,4.34798633e+03,6.15532715e+03,4.92807812e+03,2.22240784e+02
7.53554821e+00,4.25766357e+03,5.99653418e+03,4.67731934e+03,2.01286163e+02
7.75508738e+00,4.17937793e+03,5.86421094e+03,4.45853223e+03,1.78219513e+02
7.98027754e+00,4.07395386e+03,5.71195801e+03,4.19884814e+03,1.57203354e+02
8.21126270e+00,3.96983374e+03,5.57930615e+03,3.98632788e+03,1.41915253e+02
8.44819450e+00,4.04292041e+03,5.70983740e+03,3.90700684e+03,1.28480988e+02
8.69122219e+00,4.35254980e+03,6.17650537e+03,3.79229590e+03,1.15431229e+02
8.94050789e+00,4.77413672e+03,6.78850391e+03,3.53558472e+03,1.01949532e+02
9.19620800e+00,5.31578027e+03,7.53941260e+03,3.29507617e+03,9.12395020e+01
9.45849037e+00,5.74340820e+03,8.11653223e+03,3.03934155e+03,8.38100433e+01
9.72752285e+00,6.06904688e+03,8.55110352e+03,2.80644678e+03,7.76841736e+01
1.00034800e+01,6.32385107e+03,8.86711719e+03,2.52023730e+03,6.46051483e+01
1.02865391e+01,6.16465283e+03,8.58576660e+03,2.07136060e+03,4.65327377e+01
1.05768833e+01,5.58404688e+03,7.75821191e+03,1.58654932e+03,3.09294395e+01
1.08747025e+01,5.04673242e+03,7.00207715e+03,1.06782507e+03,1.87904377e+01
1.11801853e+01,4.28743262e+03,5.91015771e+03,5.60081909e+02,1.11311131e+01
1.14935322e+01,3.63919312e+03,4.96842188e+03,3.45777161e+02,7.10740137e+00
1.18149433e+01,3.03529297e+03,4.08813867e+03,2.16748489e+02,4.20997572e+00
1.21446266e+01,2.25947144e+03,2.98653101e+03,1.19253571e+02,2.08096623e+00
1.24827967e+01,1.44533936e+03,1.86888550e+03,6.66602325e+01,7.27889419e-01
1.28296700e+01,8.08844727e+02,1.02001501e+03,2.96684208e+01,1.33095205e-01
1.31854706e+01,4.04181580e+02,5.02136719e+02,7.91865826e+00,1.06033031e-03
1.35504293e+01,2.71366760e+02,3.45682617e+02,1.77892840e+00,1.08419052e-04
1.39247818e+01,2.05623413e+02,2.61676025e+02,1.22040832e+00,8.52089361e-05
1.43087692e+01,1.48605560e+02,1.87921082e+02,1.03762960e+00,3.98240227e-05
1.47026405e+01,1.10555054e+02,1.39614548e+02,7.01022029e-01,5.25389005e-05
1.51066484e+01,8.25905151e+01,1.04150116e+02,5.10860503e-01,7.52472843e-05
1.55210552e+01,5.94531288e+01,7.48794556e+01,3.38933289e-01,1.48529771e-05
1.59461288e+01,4.40452499e+01,5.60196228e+01,1.73875600e-01,5.06181968e-05
1.63821430e+01,3.39391556e+01,4.31019821e+01,7.14151263e-02,2.81523971e-05
1.68293781e+01,2.17947388e+01,2.72163162e+01,2.34291647e-02,2.25658605e-05
1.72881241e+01,1.23757410e+01,1.52335205e+01,8.47387780e-03,1.48610416e-05
1.77586803e+01,6.49623013e+00,7.83178997e+00,3.29171889e-03,1.03827670e-05
1.82413464e+01,2.95140767e+00,3.48396826e+00,1.21763372e-03,4.44977195e-06
1.87364349e+01,1.19046271e+00,1.38536882e+00,2.72786070e-04,1.80581890e-06
1.92442665e+01,5.33394158e-01,6.18347764e-01,3.28584501e-05,8.35735648e-07
1.97651691e+01,2.12423980e-01,2.42676362e-01,1.14405611e-05,3.87207706e-07
2.02994785e+01,5.77372946e-02,6.33749440e-02,7.87964836e-06,1.25536900e-07
2.08475418e+01,1.27229681e-02,1.33214891e-02,4.44487614e-06,3.17238005e-08
2.14097099e+01,2.45720102e-03,2.46031838e-03,1.68496467e-06,6.74275524e-09
2.19863453e+01,4.07853979e-04,3.92547721e-04,5.13589328e-07,1.15398846e-09
2.25778236e+01,5.98830156e-05,5.64321526e-05,1.08896614e-07,1.81102675e-10
2.31845264e+01,7.22535060e-06,7.07219442e-06,1.94500025e-08,2.00282829e-11
2.38068466e+01,7.59280056e-07,7.81383505e-07,2.29710739e-09,2.16427007e-12
2.44451809e+01,6.24963548e-08,6.65561544e-08,2.49768928e-10,1.80861063e-13
2.50999470e+01,4.81502749e-09,5.28459232e-09,2.94189256e-11,1.41756198e-14
2.57715645e+01,3.12733700e-10,3.49840323e-10,2.99961141e-12,8.67030283e-16
2.64604683e+01,1.77720234e-11,2.04798366e-11,2.10498028e-13,4.22169360e-17
2.71671047e+01,8.48373130e-13,9.76194711e-13,1.34865450e-14,1.97419412e-18
2.78919277e+01,3.91407318e-14,4.62895239e-14,9.34384808e-16,6.81199132e-20
2.86354065e+01,1.73679998e-15,2.11817169e-15,5.06050537e-17,2.73913913e-21
2.93980217e+01,5.19637706e-17,6.36517996e-17,1.60417101e-18,8.79236786e-23
3.01802654e+01,2.25463916e-18,2.85150581e-18,5.63350387e-20,3.17208346e-24
3.09826431e+01,7.14447140e-20,9.29814986e-20,1.88492086e-21,1.21336002e-25
3.18056717e+01,2.42896861e-21,3.21126882e-21,6.99103049e-23,4.41728634e-27
3.26498833e+01,6.16786487e-23,8.46688007e-23,2.41943482e-24,8.85914654e-29
3.35158234e+01,2.00661207e-24,2.41503002e-24,8.34174801e-26,2.28906855e-30
3.44040565e+01,5.74653307e-26,6.24231797e-26,2.38189810e-27,7.63060403e-32
3.53151436e+01,9.36211879e-28,1.12284412e-27,4.16759143e-29,1.49232020e-33
3.62496834e+01,1.12689893e-29,1.61715553e-29,6.66428326e-31,2.13603136e-35
3.72082787e+01,1.78737090e-31,2.53913997e-31,1.06924031e-32,3.95373559e-37
3.81915474e+01,2.74998418e-33,3.68594621e-33,1.36563022e-34,6.43336125e-39
3.92001228e+01,4.61198464e-35,5.22563546e-35,1.62757036e-36,6.16571324e-41
4.02346535e+01,7.32462967e-37,7.45503428e-37,1.82056696e-38,0.00000000e+00
4.12958107e+01,6.78368587e-39,8.47225052e-39,1.77964905e-40,0.00000000e+00
4.23842850e+01,1.54142831e-41,4.76441478e-41,0.00000000e+00,0.00000000e+00
4.35007744e+01,0.00000000e+00,0.00000000e+00,0.00000000e+00,0.00000000e+00
4.46459999e+01,0.00000000e+00,0.00000000e+00,0.00000000e+00,0.00000000e+00
4.58207016e+01,0.00000000e+00,0.00000000e+00,0.00000000e+00,0.00000000e+00
4.70256386e+01,0.00000000e+00,0.00000000e+00,0.00000000e+00,0.00000000e+00
4.82615852e+01,0.00000000e+00,0.00000000e+00,0.00000000e+00,0.00000000e+00
4.95293465e+01,0.00000000e+00,0.00000000e+00,0.00000000e+00,0.00000000e+00
5.08297386e+01,0.00000000e+00,0.00000000e+00,0.00000000e+00,0.00000000e+00
5.21635971e+01,0.00000000e+00,0.00000000e+00,0.00000000e+00,0.00000000e+00
5.35317917e+01,0.00000000e+00,0.00000000e+00,0.00000000e+00,0.00000000e+00
5.49351997e+01,0.00000000e+00,0.00000000e+00,0.00000000e+00,0.00000000e+00
5.63747253e+01,0.00000000e+00,0.00000000e+00,0.00000000e+00,0.00000000e+00
5.78513031e+01,0.00000000e+00,0.00000000e+00,0.00000000e+00,0.00000000e+00
5.93278885e+01,0.00000000e+00,0.00000000e+00,0.00000000e+00,0.00000000e+00
6.08044662e+01,0.00000000e+00,0.00000000e+00,0.00000000e+00,0.00000000e+00
6.22810478e+01,0.00000000e+00,0.00000000e+00,0.00000000e+00,0.00000000e+00
6.37576256e+01,0.00000000e+00,0.00000000e+00,0.00000000e+00,0.00000000e+00
6.52341995e+01,0.00000000e+00,0.00000000e+00,0.00000000e+00,0.00000000e+00
6.67107849e+01,0.00000000e+00,0.00000000e+00,0.00000000e+00,0.00000000e+00
6.81873703e+01,0.00000000e+00,0.00000000e+00,0.00000000e+00,0.00000000e+00
6.96639481e+01,0.00000000e+00,0.00000000e+00,0.00000000e+00,0.00000000e+00
7.11405258e+01,0.00000000e+00,0.00000000e+00,0.00000000e+00,0.00000000e+00
7.26171036e+01,0.00000000e+00,0.00000000e+00,0.00000000e+00,0.00000000e+00
7.40936813e+01,0.00000000e+00,0.00000000e+00,0.00000000e+00,0.00000000e+00
7.55702591e+01,0.00000000e+00,0.00000000e+00,0.00000000e+00,0.00000000e+00
7.70468445e+01,0.00000000e+00,0.00000000e+00,0.00000000e+00,0.00000000e+00
7.85234222e+01,0.00000000e+00,0.00000000e+00,0.00000000e+00,0.00000000e+00
8.00000000e+01,0.00000000e+00,0.00000000e+00,0.00000000e+00,0.00000000e+00
