Height (km), 7_8 um ash conc (g/kg), 15_6 um ash conc (g/kg), 125 um ash conc (g/kg), 1 mm ash conc (g/kg)
0.00000000e+00,0.00000000e+00,0.00000000e+00,0.00000000e+00,0.00000000e+00
3.99999991e-02,2.45730894e-28,4.47445526e-28,7.78663892e-26,2.95863756e-05
7.99999982e-02,2.13525480e-26,3.91996324e-26,6.71466333e-24,5.19604422e-02
1.19999997e-01,9.47598060e-25,1.78196007e-24,2.06818301e-22,1.32342950e-01
1.59999996e-01,4.81252263e-23,9.13362341e-23,8.84390896e-21,2.10805282e-01
2.00000003e-01,1.61101351e-21,3.09268998e-21,2.53010122e-19,2.98569858e-01
2.39999995e-01,2.29759513e-20,4.47644427e-20,2.95204052e-18,3.20125043e-01
2.80000001e-01,1.42179888e-19,2.77759262e-19,1.98552646e-17,3.73964339e-01
3.19999993e-01,2.35675275e-18,4.65471488e-18,2.31644135e-16,3.93768013e-01
3.60000014e-01,1.22142672e-17,2.44082569e-17,1.82396524e-12,4.63946998e-01
4.00000006e-01,1.34030272e-16,2.70606539e-16,3.51599425e-07,4.91946727e-01
4.39999998e-01,1.16016356e-15,2.37184408e-15,7.40401738e-05,5.22034883e-01
4.79999989e-01,4.44435477e-15,9.26748234e-15,3.05151741e-04,5.28521121e-01
5.19999981e-01,5.36910197e-14,1.12471420e-13,6.63328799e-04,5.75981498e-01
5.60000002e-01,1.89756590e-13,4.02481976e-13,1.71859819e-03,9.22970235e-01
6.00000024e-01,8.12528918e-13,1.71439067e-12,2.99908500e-03,7.21279204e-01
6.41029537e-01,7.18349425e-12,1.48505635e-11,5.80198271e-03,1.09276390e+00
6.83115125e-01,5.64779994e-11,1.19003460e-10,8.66724364e-03,1.19061553e+00
7.26283848e-01,1.05582798e-09,2.21857532e-09,1.61581337e-02,1.96491086e+00
7.70563781e-01,6.53022258e-09,1.41079486e-08,1.88367534e-02,1.79467309e+00
8.15983355e-01,5.98810601e-08,1.26923823e-07,2.95167528e-02,2.33654451e+00
8.62571895e-01,2.33438641e-07,5.13580858e-07,2.92352624e-02,2.24331379e+00
9.10359621e-01,9.50362676e-07,2.13622570e-06,3.79006527e-02,3.80804491e+00
9.59377348e-01,3.43831448e-06,8.06834578e-06,4.17842530e-02,2.87712193e+00
1.00965667e+00,1.17855116e-05,2.76733390e-05,4.10033241e-02,4.61451244e+00
1.06123006e+00,4.25218786e-05,9.81495614e-05,3.83466817e-02,3.50875378e+00
1.11413085e+00,1.56081180e-04,3.40621191e-04,3.98071371e-02,6.11268806e+00
1.16839325e+00,5.61212713e-04,1.18194148e-03,4.26698178e-02,3.83547854e+00
1.22405231e+00,1.93205639e-03,3.90601694e-03,4.44367900e-02,6.32913971e+00
1.28114390e+00,7.83000886e-03,1.42883714e-02,4.31597903e-02,4.17470646e+00
1.33970511e+00,2.43894178e-02,4.19131927e-02,4.51954454e-02,7.20916700e+00
1.39977336e+00,2.02102266e+04,2.83110273e+04,2.00484062e+04,2.08270288e+03
1.46138775e+00,2.57313164e+04,3.60243828e+04,2.41816250e+04,1.99252319e+03
1.52458799e+00,1.53793457e+04,2.15284766e+04,1.44706074e+04,1.30505347e+03
1.58941495e+00,1.40266094e+04,1.96412227e+04,1.35116992e+04,1.42944312e+03
1.65591037e+00,1.37120801e+04,1.92044688e+04,1.33988066e+04,1.56303076e+03
1.72411728e+00,1.43384014e+04,2.00851172e+04,1.41896572e+04,1.79895813e+03
1.79407966e+00,1.58485635e+04,2.22036758e+04,1.58480166e+04,2.12617285e+03
1.86584306e+00,1.77034570e+04,2.48039570e+04,1.77900098e+04,2.42212842e+03
1.93945324e+00,1.89730039e+04,2.65822422e+04,1.90449336e+04,2.53706396e+03
2.01495814e+00,1.90240293e+04,2.66519961e+04,1.90058125e+04,2.43454663e+03
2.09240627e+00,1.79430820e+04,2.51354844e+04,1.78076250e+04,2.17275195e+03
2.17184782e+00,1.61942168e+04,2.26834727e+04,1.59480781e+04,1.85633838e+03
2.25333428e+00,1.42517852e+04,1.99611172e+04,1.39425566e+04,1.57835913e+03
2.33691788e+00,1.26270938e+04,1.76853047e+04,1.23316191e+04,1.40960352e+03
2.42265272e+00,1.17255771e+04,1.64236582e+04,1.14940859e+04,1.36614673e+03
2.51059437e+00,1.15069805e+04,1.61186484e+04,1.13277168e+04,1.39367432e+03
2.60079956e+00,1.15317734e+04,1.61542754e+04,1.13912207e+04,1.45283252e+03
2.69332647e+00,1.17775537e+04,1.65000391e+04,1.17094609e+04,1.56889722e+03
2.78823495e+00,1.26550527e+04,1.77310020e+04,1.26718584e+04,1.78015430e+03
2.88558602e+00,1.38783340e+04,1.94462363e+04,1.39776943e+04,2.03755444e+03
2.98544264e+00,1.53708750e+04,2.15389785e+04,1.55763633e+04,2.36514355e+03
3.08786964e+00,1.71772734e+04,2.40716367e+04,1.75076270e+04,2.74205005e+03
3.19293284e+00,1.90164863e+04,2.66496523e+04,1.94428242e+04,3.07902319e+03
3.30070019e+00,2.06540762e+04,2.89441172e+04,2.11210938e+04,3.31493042e+03
3.41124129e+00,2.17662305e+04,3.05017383e+04,2.22333711e+04,3.43462549e+03
3.52462745e+00,2.20860781e+04,3.09486504e+04,2.25022168e+04,3.38280273e+03
3.64093208e+00,2.15879941e+04,3.02489609e+04,2.18985391e+04,3.16985986e+03
3.76023054e+00,2.05599258e+04,2.88067070e+04,2.07489434e+04,2.88588354e+03
3.88259912e+00,1.94306719e+04,2.72229648e+04,1.95073262e+04,2.61556421e+03
4.00811720e+00,1.83207598e+04,2.56665508e+04,1.82994414e+04,2.37925562e+03
4.13686609e+00,1.72040625e+04,2.41010703e+04,1.71151484e+04,2.18837573e+03
4.26892853e+00,1.62878760e+04,2.28171387e+04,1.61674160e+04,2.05904199e+03
4.40439081e+00,1.56231602e+04,2.18857754e+04,1.54877793e+04,1.97505737e+03
4.54333878e+00,1.50573154e+04,2.10930039e+04,1.49148535e+04,1.91246655e+03
4.68586397e+00,1.45496943e+04,2.03819844e+04,1.44110156e+04,1.86529395e+03
4.83205652e+00,1.41618223e+04,1.98388633e+04,1.40338477e+04,1.84118323e+03
4.98201227e+00,1.38969316e+04,1.94680488e+04,1.37815625e+04,1.83056592e+03
5.13582754e+00,1.36887412e+04,1.91767441e+04,1.35923008e+04,1.83930164e+03
5.29360199e+00,1.35438906e+04,1.89743281e+04,1.34760068e+04,1.87231958e+03
5.45543718e+00,1.35036064e+04,1.89185547e+04,1.34731992e+04,1.89923462e+03
5.62143755e+00,1.36347363e+04,1.91030684e+04,1.36493066e+04,1.98720435e+03
5.79171038e+00,1.39672461e+04,1.95697363e+04,1.40293828e+04,2.07030957e+03
5.96636629e+00,1.45313750e+04,2.03609414e+04,1.46459102e+04,2.21597656e+03
6.14551687e+00,1.53287676e+04,2.14789355e+04,1.54982627e+04,2.37966748e+03
6.32927942e+00,1.63222305e+04,2.28715488e+04,1.65458242e+04,2.57541968e+03
6.51777077e+00,1.74890645e+04,2.45068125e+04,1.77589883e+04,2.77251416e+03
6.71111441e+00,1.87178672e+04,2.62286250e+04,1.90206270e+04,2.95989185e+03
6.90943432e+00,1.97063223e+04,2.76131172e+04,2.00067969e+04,3.06501782e+03
7.11285782e+00,2.02412422e+04,2.83616348e+04,2.05033711e+04,3.07185278e+03
7.32151794e+00,2.03355117e+04,2.84926484e+04,2.05389297e+04,2.99538379e+03
7.53554821e+00,1.99365703e+04,2.79323398e+04,2.00528867e+04,2.83503003e+03
7.75508738e+00,1.90928496e+04,2.67490977e+04,1.91277109e+04,2.64012891e+03
7.98027754e+00,1.84284160e+04,2.58173887e+04,1.84018516e+04,2.50425513e+03
8.21126270e+00,1.75690820e+04,2.46126523e+04,1.74888809e+04,2.35890381e+03
8.44819450e+00,1.71378633e+04,2.40086562e+04,1.70531016e+04,2.32346289e+03
8.69122219e+00,1.72744297e+04,2.41994043e+04,1.71579609e+04,2.33970215e+03
8.94050789e+00,1.58220176e+04,2.21646797e+04,1.57118291e+04,2.17728564e+03
9.19620800e+00,1.59858730e+04,2.23948770e+04,1.59049023e+04,2.24892944e+03
9.45849037e+00,1.57733789e+04,2.20961445e+04,1.56520859e+04,2.20648267e+03
9.72752285e+00,1.29974590e+04,1.82086426e+04,1.29588105e+04,1.92474023e+03
1.00034800e+01,1.51249385e+04,2.11907422e+04,1.51681387e+04,2.30465161e+03
1.02865391e+01,1.61596826e+04,2.26401426e+04,1.62056885e+04,2.46863623e+03
1.05768833e+01,1.48836904e+04,2.08538555e+04,1.50034160e+04,2.37449414e+03
1.08747025e+01,1.73279434e+04,2.42786543e+04,1.74856094e+04,2.74141870e+03
1.11801853e+01,1.66840312e+04,2.33774961e+04,1.68971445e+04,2.69536816e+03
1.14935322e+01,1.90269316e+04,2.66595273e+04,1.92340508e+04,2.98213135e+03
1.18149433e+01,1.85199668e+04,2.59471230e+04,1.86285117e+04,2.82162354e+03
1.21446266e+01,1.68726992e+04,2.36410234e+04,1.70524395e+04,2.65968677e+03
1.24827967e+01,2.03443242e+04,2.85005566e+04,2.03188984e+04,2.93322778e+03
1.28296700e+01,1.46316182e+04,2.04988555e+04,1.46793037e+04,2.25900806e+03
1.31854706e+01,1.66994062e+04,2.34000020e+04,1.69659492e+04,2.72476636e+03
1.35504293e+01,2.25246172e+04,3.15558281e+04,2.25916289e+04,3.32578125e+03
1.39247818e+01,1.92130449e+04,2.69187754e+04,1.94595508e+04,2.99477246e+03
1.43087692e+01,1.99635859e+04,2.79734766e+04,2.04938184e+04,3.18613672e+03
1.47026405e+01,1.86316387e+04,2.61093965e+04,1.94430078e+04,2.94020947e+03
1.51066484e+01,1.44618242e+04,2.02722012e+04,1.56883789e+04,2.31078516e+03
1.55210552e+01,1.33631436e+04,1.87389043e+04,1.50115195e+04,2.11559863e+03
1.59461288e+01,1.58671514e+04,2.22529453e+04,1.78778477e+04,2.37301270e+03
1.63821430e+01,1.90856699e+04,2.67707227e+04,2.14156953e+04,2.75070264e+03
1.68293781e+01,2.30987676e+04,3.24030449e+04,2.56010410e+04,3.14520654e+03
1.72881241e+01,2.72238418e+04,3.81900703e+04,2.96646680e+04,3.46726050e+03
1.77586803e+01,2.47192598e+04,3.46935664e+04,2.69383438e+04,3.10747168e+03
1.82413464e+01,2.38131309e+04,3.34260000e+04,2.54052031e+04,3.01545850e+03
1.87364349e+01,2.78970273e+04,3.91281523e+04,2.86657207e+04,3.34707544e+03
1.92442665e+01,2.97255020e+04,4.16579102e+04,2.95454531e+04,3.38774048e+03
1.97651691e+01,3.13686914e+04,4.39384766e+04,3.02947402e+04,3.32900317e+03
2.02994785e+01,2.95128691e+04,4.13262812e+04,2.76580312e+04,2.84484253e+03
2.08475418e+01,2.63788340e+04,3.69169062e+04,2.34739844e+04,2.48151978e+03
2.14097099e+01,2.64906445e+04,3.70472500e+04,2.28485684e+04,2.53637427e+03
2.19863453e+01,2.76308477e+04,3.86266914e+04,2.37041777e+04,2.70408813e+03
2.25778236e+01,2.80606055e+04,3.92221367e+04,2.41961113e+04,2.65302075e+03
2.31845264e+01,2.64851953e+04,3.70057539e+04,2.26839902e+04,2.30327466e+03
2.38068466e+01,2.73104102e+04,3.81797031e+04,2.44685352e+04,3.00743457e+03
2.44451809e+01,2.92193887e+04,4.08741211e+04,2.74907129e+04,3.50823242e+03
2.50999470e+01,2.52190527e+04,3.52750586e+04,2.32779805e+04,2.18315674e+03
2.57715645e+01,1.51968301e+04,2.12438945e+04,1.31033779e+04,8.04971863e+02
2.64604683e+01,7.64474268e+03,1.06743340e+04,5.89824561e+03,2.92611542e+02
2.71671047e+01,4.36783984e+03,6.09150342e+03,3.26069971e+03,2.22134079e+02
2.78919277e+01,4.06042285e+03,5.66872656e+03,3.34147607e+03,2.43444763e+02
2.86354065e+01,3.45544727e+03,4.82521875e+03,2.84000537e+03,1.80474701e+02
2.93980217e+01,2.36696533e+03,3.30564380e+03,1.96362109e+03,1.72421097e+02
3.01802654e+01,2.16567017e+03,3.02772290e+03,1.92732532e+03,1.89548889e+02
3.09826431e+01,2.23541382e+03,3.12542847e+03,1.98379260e+03,1.20681442e+02
3.18056717e+01,1.35462610e+03,1.89217651e+03,1.11256091e+03,1.77209721e+01
3.26498833e+01,2.44444733e+02,3.39486023e+02,1.29865631e+02,2.02507130e-03
3.35158234e+01,3.89505310e+01,5.32965393e+01,7.16979837e+00,1.82450318e-03
3.44040565e+01,1.40637646e+01,1.91585426e+01,2.29239058e+00,5.97381695e-05
3.53151436e+01,4.49280930e+00,6.09255457e+00,5.87876976e-01,9.97389452e-06
3.62496834e+01,9.78333652e-01,1.31753564e+00,8.43858346e-02,4.48050650e-06
3.72082787e+01,2.45624751e-01,3.31018418e-01,1.73853375e-02,1.73148851e-06
3.81915474e+01,6.03937879e-02,8.11843872e-02,2.92347814e-03,3.66065819e-07
3.92001228e+01,1.74479783e-02,2.32813600e-02,5.44249720e-04,6.94079816e-08
4.02346535e+01,2.79548881e-03,3.69727332e-03,6.83546095e-05,9.44312184e-09
4.12958107e+01,5.26724325e-04,7.01115758e-04,7.80260416e-06,1.56978230e-09
4.23842850e+01,1.78494611e-05,2.31683171e-05,1.63379454e-07,1.75749582e-10
4.35007744e+01,1.24070675e-06,1.59048216e-06,1.16975070e-08,3.30153981e-12
4.46459999e+01,7.03736731e-08,9.06725859e-08,5.30577138e-10,1.30430321e-13
4.58207016e+01,8.88500273e-10,1.14711074e-09,9.73806539e-12,3.31201084e-15
4.70256386e+01,1.46429646e-12,1.95422996e-12,8.37172264e-14,1.17720613e-16
4.82615852e+01,8.15118982e-14,1.00849037e-13,4.31852040e-15,6.06862711e-18
4.95293465e+01,3.78401042e-15,4.66885408e-15,2.14320472e-16,5.97794950e-19
5.08297386e+01,6.75616772e-17,8.60304829e-17,1.06881024e-17,7.29348734e-21
5.21635971e+01,2.96350358e-18,3.30483574e-18,8.79425663e-20,4.48199515e-22
5.35317917e+01,7.04858291e-21,9.79150251e-21,1.86668411e-21,1.89340311e-25
5.49351997e+01,1.71043813e-22,2.17725080e-22,1.77088655e-23,1.27668702e-26
5.63747253e+01,6.53609678e-24,2.20409847e-24,3.95503777e-24,3.24846676e-28
5.78513031e+01,1.06892033e-25,1.59281802e-25,8.64106834e-27,1.72205239e-30
5.93278885e+01,2.05918427e-27,1.91951910e-27,6.24898208e-28,8.16424320e-32
6.08044662e+01,5.92473227e-29,8.90643775e-29,2.78688495e-30,3.66535784e-34
6.22810478e+01,1.49039734e-30,2.31208153e-30,1.02787648e-31,2.02736673e-35
6.37576256e+01,6.53488578e-32,1.06738625e-31,2.19388609e-33,5.48327955e-37
6.52341995e+01,2.43607374e-33,4.22551722e-33,1.15120237e-34,7.86548828e-39
6.67107849e+01,1.29809187e-34,1.73881673e-34,3.26500013e-36,3.48923318e-40
6.81873703e+01,3.73213537e-36,5.90523190e-36,1.70592674e-37,0.00000000e+00
6.96639481e+01,1.84500561e-37,2.10316694e-37,5.44124194e-39,0.00000000e+00
7.11405258e+01,8.49046740e-39,9.76705030e-39,1.87773994e-40,0.00000000e+00
7.26171036e+01,5.99755743e-40,6.93642740e-40,0.00000000e+00,0.00000000e+00
7.40936813e+01,0.00000000e+00,0.00000000e+00,0.00000000e+00,0.00000000e+00
7.55702591e+01,0.00000000e+00,0.00000000e+00,0.00000000e+00,0.00000000e+00
7.70468445e+01,0.00000000e+00,0.00000000e+00,0.00000000e+00,0.00000000e+00
7.85234222e+01,0.00000000e+00,0.00000000e+00,0.00000000e+00,0.00000000e+00
8.00000000e+01,0.00000000e+00,0.00000000e+00,0.00000000e+00,0.00000000e+00
