Height (km), 7_8 um ash conc (g/kg), 15_6 um ash conc (g/kg), 125 um ash conc (g/kg), 1 mm ash conc (g/kg)
0.00000000e+00,0.00000000e+00,0.00000000e+00,0.00000000e+00,0.00000000e+00
3.99999991e-02,9.64279845e-03,1.37463091e-02,1.96265072e-01,3.12896633e+01
7.99999982e-02,1.45567358e-02,2.11424865e-02,2.32489631e-01,3.21919403e+01
1.19999997e-01,2.41826046e-02,3.53323817e-02,2.61694223e-01,3.24536324e+01
1.59999996e-01,2.95256898e-02,4.32599708e-02,2.84889668e-01,3.33196068e+01
2.00000003e-01,3.13618816e-02,4.61068824e-02,3.09196442e-01,3.36990776e+01
2.39999995e-01,3.74837890e-02,5.52923903e-02,3.34345073e-01,3.46342697e+01
2.80000001e-01,4.04961258e-02,5.95780239e-02,3.52586001e-01,3.51339569e+01
3.19999993e-01,4.34695259e-02,6.37695119e-02,3.69354844e-01,3.61211472e+01
3.60000014e-01,4.41460535e-02,6.45278096e-02,3.80026430e-01,3.66197357e+01
4.00000006e-01,4.55449894e-02,6.64901510e-02,3.91099453e-01,3.78391037e+01
4.39999998e-01,4.49681878e-02,6.56385720e-02,3.92163366e-01,3.79456177e+01
4.79999989e-01,4.58037518e-02,6.69057667e-02,4.00163412e-01,3.94040031e+01
5.19999981e-01,4.51842174e-02,6.59874380e-02,3.99809122e-01,3.91659126e+01
5.60000002e-01,4.58514094e-02,6.69338331e-02,4.07258600e-01,4.07171783e+01
6.00000024e-01,4.55488898e-02,6.64237738e-02,4.01479602e-01,4.00721893e+01
6.41029537e-01,4.64182645e-02,6.75878450e-02,4.02093351e-01,4.16921616e+01
6.83115125e-01,4.63782698e-02,6.74356371e-02,4.01282519e-01,4.18113899e+01
7.26283848e-01,4.75681648e-02,6.90566897e-02,4.03992534e-01,4.48674583e+01
7.70563781e-01,4.85578217e-02,7.03627616e-02,4.06932831e-01,4.54615784e+01
8.15983355e-01,5.03796265e-02,7.28611574e-02,4.17220145e-01,4.81230202e+01
8.62571895e-01,5.15918359e-02,7.45337903e-02,4.24258769e-01,4.96515732e+01
9.10359621e-01,5.40110320e-02,7.79336691e-02,4.40321952e-01,5.21810112e+01
9.59377348e-01,5.61187230e-02,8.09198841e-02,4.57052559e-01,4.91103783e+01
1.00965667e+00,5.91574945e-02,8.52200091e-02,4.79877532e-01,5.12061195e+01
1.06123006e+00,6.22923300e-02,8.97101164e-02,5.05647659e-01,5.15763474e+01
1.11413085e+00,6.53193593e-02,9.40757021e-02,5.36676407e-01,5.32577553e+01
1.16839325e+00,6.84248060e-02,9.85442549e-02,5.72831273e-01,5.55029068e+01
1.22405231e+00,7.13690966e-02,1.02773495e-01,6.15825474e-01,5.72646103e+01
1.28114390e+00,7.44803101e-02,1.07297450e-01,6.66693389e-01,6.32078323e+01
1.33970511e+00,7.77061582e-02,1.12192489e-01,7.26205587e-01,5.90195007e+01
1.39977336e+00,1.98637617e+04,2.78086016e+04,1.85562383e+04,1.16176746e+03
1.46138775e+00,2.27176406e+04,3.17714023e+04,1.93964043e+04,1.22977759e+03
1.52458799e+00,1.51606211e+04,2.11999023e+04,1.30171719e+04,9.53134888e+02
1.58941495e+00,1.39738008e+04,1.95500312e+04,1.24512734e+04,1.08195020e+03
1.65591037e+00,1.37487676e+04,1.92403867e+04,1.24936348e+04,1.18136914e+03
1.72411728e+00,1.38214795e+04,1.93453789e+04,1.27122764e+04,1.26394250e+03
1.79407966e+00,1.39926387e+04,1.95871387e+04,1.29718018e+04,1.33134583e+03
1.86584306e+00,1.41627939e+04,1.98267383e+04,1.31943984e+04,1.38755688e+03
1.93945324e+00,1.42662744e+04,1.99724473e+04,1.33307061e+04,1.43367102e+03
2.01495814e+00,1.42723701e+04,1.99814688e+04,1.33599844e+04,1.45472192e+03
2.09240627e+00,1.40540928e+04,1.96759141e+04,1.31563828e+04,1.44246838e+03
2.17184782e+00,1.35147617e+04,1.89209941e+04,1.26582725e+04,1.40361072e+03
2.25333428e+00,1.30001191e+04,1.82014141e+04,1.22070830e+04,1.37331226e+03
2.33691788e+00,1.27929873e+04,1.79124766e+04,1.20485811e+04,1.38777075e+03
2.42265272e+00,1.31064971e+04,1.83534297e+04,1.24308838e+04,1.46550940e+03
2.51059437e+00,1.40626826e+04,1.96933418e+04,1.33749492e+04,1.58854602e+03
2.60079956e+00,1.47799004e+04,2.06967969e+04,1.40518447e+04,1.67539661e+03
2.69332647e+00,1.63642852e+04,2.29163438e+04,1.56409434e+04,1.90043628e+03
2.78823495e+00,1.89174375e+04,2.64901113e+04,1.80249062e+04,2.15598071e+03
2.88558602e+00,1.90024160e+04,2.66077441e+04,1.80452441e+04,2.13008447e+03
2.98544264e+00,1.66738535e+04,2.33466504e+04,1.57825059e+04,1.80681323e+03
3.08786964e+00,1.18307061e+04,1.65623613e+04,1.10786191e+04,1.26210046e+03
3.19293284e+00,9.47240625e+03,1.32679414e+04,9.12511816e+03,1.17131006e+03
3.30070019e+00,1.31193867e+04,1.83788887e+04,1.26749053e+04,1.54142139e+03
3.41124129e+00,1.61764102e+04,2.26520430e+04,1.52837852e+04,1.70708972e+03
3.52462745e+00,1.46745264e+04,2.05452949e+04,1.38178682e+04,1.65082654e+03
3.64093208e+00,1.53480254e+04,2.14931504e+04,1.46510527e+04,1.89733716e+03
3.76023054e+00,1.78204297e+04,2.49566211e+04,1.70262793e+04,2.12862866e+03
3.88259912e+00,1.55784404e+04,2.18114492e+04,1.47013750e+04,1.72299365e+03
4.00811720e+00,1.03168848e+04,1.44460156e+04,9.78314844e+03,1.17650427e+03
4.13686609e+00,8.81677051e+03,1.23483193e+04,8.44499023e+03,1.05750720e+03
4.26892853e+00,1.15046338e+04,1.61111455e+04,1.09447539e+04,1.30083228e+03
4.40439081e+00,1.46209297e+04,2.04665234e+04,1.36259248e+04,1.54479822e+03
4.54333878e+00,1.54491709e+04,2.16271582e+04,1.44686953e+04,1.72662439e+03
4.68586397e+00,1.64297793e+04,2.30056504e+04,1.55845596e+04,1.91595093e+03
4.83205652e+00,1.50169893e+04,2.10191484e+04,1.40236846e+04,1.64954797e+03
4.98201227e+00,8.77154688e+03,1.22717783e+04,8.08806543e+03,9.69613220e+02
5.13582754e+00,4.34680029e+03,6.08414795e+03,4.14078320e+03,5.89943237e+02
5.29360199e+00,3.26972583e+03,4.58002051e+03,3.22792065e+03,5.02598236e+02
5.45543718e+00,3.35374268e+03,4.69846094e+03,3.32975928e+03,5.04451202e+02
5.62143755e+00,3.66369043e+03,5.13259570e+03,3.63608765e+03,5.21537598e+02
5.79171038e+00,4.00395215e+03,5.60909961e+03,3.97813232e+03,5.46342102e+02
5.96636629e+00,4.39664258e+03,6.15863965e+03,4.36964062e+03,5.74142029e+02
6.14551687e+00,4.82763037e+03,6.76129590e+03,4.79735986e+03,6.09693481e+02
6.32927942e+00,5.34741943e+03,7.48892139e+03,5.34556250e+03,6.63817627e+02
6.51777077e+00,6.00288574e+03,8.40716016e+03,6.05176562e+03,7.34626831e+02
6.71111441e+00,6.02136426e+03,8.43335645e+03,6.16995166e+03,7.23041138e+02
6.90943432e+00,5.80601611e+03,8.13376807e+03,6.15597217e+03,7.14054138e+02
7.11285782e+00,5.57574121e+03,7.81459131e+03,6.23207568e+03,7.16097595e+02
7.32151794e+00,5.05358301e+03,7.08658447e+03,6.12094336e+03,6.72462036e+02
7.53554821e+00,4.94648145e+03,6.93806543e+03,6.42488623e+03,6.46076111e+02
7.75508738e+00,5.05926611e+03,7.09640918e+03,6.95789502e+03,6.50536194e+02
7.98027754e+00,5.06268701e+03,7.10140869e+03,7.35370898e+03,6.29559937e+02
8.21126270e+00,4.74710547e+03,6.66375439e+03,7.36153809e+03,5.65487854e+02
8.44819450e+00,4.22646436e+03,5.94369580e+03,7.01977051e+03,4.85833710e+02
8.69122219e+00,3.64475317e+03,5.14171045e+03,6.40471387e+03,4.11746094e+02
8.94050789e+00,3.15987305e+03,4.48085547e+03,5.73821973e+03,3.67931366e+02
9.19620800e+00,3.14449756e+03,4.48931641e+03,5.42233301e+03,3.69323975e+02
9.45849037e+00,3.57964502e+03,5.14256396e+03,5.39845508e+03,3.93725647e+02
9.72752285e+00,4.23008789e+03,6.08356689e+03,5.43307617e+03,4.03450378e+02
1.00034800e+01,4.97428467e+03,7.13112061e+03,5.39727490e+03,3.97026245e+02
1.02865391e+01,5.89482324e+03,8.43017188e+03,5.26366943e+03,3.83158447e+02
1.05768833e+01,6.81804053e+03,9.70661523e+03,4.98376221e+03,3.55739349e+02
1.08747025e+01,7.12309375e+03,1.00722256e+04,4.42242822e+03,2.97481354e+02
1.11801853e+01,7.16587598e+03,1.01137881e+04,3.63431763e+03,2.27525116e+02
1.14935322e+01,7.40836328e+03,1.04082988e+04,2.96878760e+03,1.83407242e+02
1.18149433e+01,7.47187891e+03,1.04027598e+04,2.55832446e+03,1.56795822e+02
1.21446266e+01,6.70775732e+03,9.24254004e+03,2.02610510e+03,1.15716682e+02
1.24827967e+01,5.25152734e+03,7.15028906e+03,1.40817395e+03,7.43589554e+01
1.28296700e+01,3.78996338e+03,5.08925488e+03,9.94864685e+02,4.99427567e+01
1.31854706e+01,2.55380371e+03,3.39177466e+03,7.74406982e+02,3.64311638e+01
1.35504293e+01,1.59248315e+03,2.12334595e+03,6.72067017e+02,2.98970451e+01
1.39247818e+01,1.15064941e+03,1.56648486e+03,6.47663208e+02,2.84852066e+01
1.43087692e+01,1.01302997e+03,1.39251282e+03,6.35035706e+02,2.51987953e+01
1.47026405e+01,7.79531860e+02,1.07326782e+03,4.69305908e+02,1.31651201e+01
1.51066484e+01,4.73301361e+02,6.49987305e+02,2.44623520e+02,4.11664963e+00
1.55210552e+01,2.90100342e+02,3.97111267e+02,1.38560440e+02,1.73313296e+00
1.59461288e+01,1.65766388e+02,2.25658371e+02,6.78607712e+01,3.29204649e-01
1.63821430e+01,6.04385452e+01,8.05183411e+01,1.15441513e+01,2.85443896e-03
1.68293781e+01,1.92640686e+01,2.47421074e+01,5.55558264e-01,5.91463067e-05
1.72881241e+01,1.27439194e+01,1.64662571e+01,2.53733516e-01,1.01174310e-05
1.77586803e+01,8.43645668e+00,1.08539085e+01,1.84607834e-01,7.36440688e-06
1.82413464e+01,4.32030630e+00,5.54466820e+00,1.42623425e-01,3.70420821e-06
1.87364349e+01,2.15794802e+00,2.79191446e+00,9.23864469e-02,2.06372442e-06
1.92442665e+01,1.06062102e+00,1.38269734e+00,3.42322551e-02,1.22207678e-06
1.97651691e+01,2.44494006e-01,3.10475826e-01,1.57029275e-03,5.09465622e-07
2.02994785e+01,3.39040421e-02,4.00890298e-02,1.00673988e-05,2.43053108e-07
2.08475418e+01,7.17873918e-03,8.12270120e-03,2.99507678e-06,8.33290486e-08
2.14097099e+01,1.74133084e-03,1.92351430e-03,8.58410203e-07,2.24171082e-08
2.19863453e+01,3.90170753e-04,4.21686447e-04,2.39412486e-07,5.62407543e-09
2.25778236e+01,6.64280742e-05,7.01452809e-05,5.05288504e-08,9.53862767e-10
2.31845264e+01,9.17733723e-06,9.66935386e-06,8.94740104e-09,1.32849343e-10
2.38068466e+01,1.14128750e-06,1.26225746e-06,1.18409549e-09,1.64028149e-11
2.44451809e+01,1.22003186e-07,1.40097129e-07,1.35197881e-10,1.93075265e-12
2.50999470e+01,1.16759153e-08,1.32825093e-08,1.63383300e-11,2.29915587e-13
2.57715645e+01,9.44446077e-10,1.07158704e-09,1.69825948e-12,2.31126628e-14
2.64604683e+01,6.44470796e-11,7.35042860e-11,1.49624670e-13,1.86588335e-15
2.71671047e+01,3.24695739e-12,3.73786722e-12,1.14979310e-14,9.02119735e-17
2.78919277e+01,1.27603684e-13,1.48483060e-13,6.07254596e-16,3.60582298e-18
2.86354065e+01,6.06780353e-15,7.02832703e-15,2.54047449e-17,1.50783949e-19
2.93980217e+01,3.58533668e-16,4.11810584e-16,1.14017418e-18,1.02933782e-20
3.01802654e+01,2.07311794e-17,2.35116527e-17,6.01193447e-20,7.22829335e-22
3.09826431e+01,7.78336528e-19,9.15539839e-19,3.36649221e-21,3.58638382e-23
3.18056717e+01,2.16492893e-20,2.62399300e-20,1.46439620e-22,1.27696287e-24
3.26498833e+01,5.32232361e-22,7.12633061e-22,6.43605817e-24,2.34679432e-26
3.35158234e+01,1.34340014e-23,1.54196275e-23,9.00974064e-26,4.82392632e-28
3.44040565e+01,4.16309658e-25,4.92626971e-25,3.64524420e-27,1.66568084e-29
3.53151436e+01,1.34428585e-26,1.58859669e-26,1.31494564e-28,5.93800266e-31
3.62496834e+01,4.02597599e-28,4.76709406e-28,4.41718202e-30,1.95291415e-32
3.72082787e+01,1.08170126e-29,1.28232553e-29,1.33643116e-31,5.65183837e-34
3.81915474e+01,2.76473192e-31,3.28004019e-31,3.65383244e-33,1.54740659e-35
3.92001228e+01,6.32925538e-33,7.52632372e-33,9.29491393e-35,3.72776242e-37
4.02346535e+01,1.31799813e-34,1.57023741e-34,2.03904487e-36,8.06447266e-39
4.12958107e+01,2.48079566e-36,2.96283803e-36,4.08128178e-38,1.44333742e-40
4.23842850e+01,4.13761398e-38,4.95204864e-38,7.03451829e-40,0.00000000e+00
4.35007744e+01,6.05360937e-40,7.23070008e-40,0.00000000e+00,0.00000000e+00
4.46459999e+01,0.00000000e+00,0.00000000e+00,0.00000000e+00,0.00000000e+00
4.58207016e+01,0.00000000e+00,0.00000000e+00,0.00000000e+00,0.00000000e+00
4.70256386e+01,0.00000000e+00,0.00000000e+00,0.00000000e+00,0.00000000e+00
4.82615852e+01,0.00000000e+00,0.00000000e+00,0.00000000e+00,0.00000000e+00
4.95293465e+01,0.00000000e+00,0.00000000e+00,0.00000000e+00,0.00000000e+00
5.08297386e+01,0.00000000e+00,0.00000000e+00,0.00000000e+00,0.00000000e+00
5.21635971e+01,0.00000000e+00,0.00000000e+00,0.00000000e+00,0.00000000e+00
5.35317917e+01,0.00000000e+00,0.00000000e+00,0.00000000e+00,0.00000000e+00
5.49351997e+01,0.00000000e+00,0.00000000e+00,0.00000000e+00,0.00000000e+00
5.63747253e+01,0.00000000e+00,0.00000000e+00,0.00000000e+00,0.00000000e+00
5.78513031e+01,0.00000000e+00,0.00000000e+00,0.00000000e+00,0.00000000e+00
5.93278885e+01,0.00000000e+00,0.00000000e+00,0.00000000e+00,0.00000000e+00
6.08044662e+01,0.00000000e+00,0.00000000e+00,0.00000000e+00,0.00000000e+00
6.22810478e+01,0.00000000e+00,0.00000000e+00,0.00000000e+00,0.00000000e+00
6.37576256e+01,0.00000000e+00,0.00000000e+00,0.00000000e+00,0.00000000e+00
6.52341995e+01,0.00000000e+00,0.00000000e+00,0.00000000e+00,0.00000000e+00
6.67107849e+01,0.00000000e+00,0.00000000e+00,0.00000000e+00,0.00000000e+00
6.81873703e+01,0.00000000e+00,0.00000000e+00,0.00000000e+00,0.00000000e+00
6.96639481e+01,0.00000000e+00,0.00000000e+00,0.00000000e+00,0.00000000e+00
7.11405258e+01,0.00000000e+00,0.00000000e+00,0.00000000e+00,0.00000000e+00
7.26171036e+01,0.00000000e+00,0.00000000e+00,0.00000000e+00,0.00000000e+00
7.40936813e+01,0.00000000e+00,0.00000000e+00,0.00000000e+00,0.00000000e+00
7.55702591e+01,0.00000000e+00,0.00000000e+00,0.00000000e+00,0.00000000e+00
7.70468445e+01,0.00000000e+00,0.00000000e+00,0.00000000e+00,0.00000000e+00
7.85234222e+01,0.00000000e+00,0.00000000e+00,0.00000000e+00,0.00000000e+00
8.00000000e+01,0.00000000e+00,0.00000000e+00,0.00000000e+00,0.00000000e+00
