Height (km), 7_8 um ash conc (g/kg), 15_6 um ash conc (g/kg), 125 um ash conc (g/kg), 1 mm ash conc (g/kg)
0.00000000e+00,0.00000000e+00,0.00000000e+00,0.00000000e+00,0.00000000e+00
3.99999991e-02,3.14996143e-24,4.61403797e-24,7.76167764e-19,1.93091430e-04
7.99999982e-02,6.71588843e-23,9.85929151e-23,3.18462120e-17,2.59604165e-03
1.19999997e-01,1.14433652e-21,1.68070156e-21,1.02734985e-15,1.30520212e-02
1.59999996e-01,1.76846465e-20,2.60291428e-20,3.13678357e-14,3.97270061e-02
2.00000003e-01,6.29603612e-20,9.36420152e-20,1.89813836e-13,9.01705027e-02
2.39999995e-01,4.46342626e-19,6.60006273e-19,1.92529890e-12,1.62758291e-01
2.80000001e-01,2.08546294e-18,3.09678161e-18,1.78069261e-11,2.46164903e-01
3.19999993e-01,9.92415647e-18,1.47946017e-17,1.22753266e-10,3.49780083e-01
3.60000014e-01,3.67570311e-17,5.49924627e-17,7.49828699e-10,4.43283677e-01
4.00000006e-01,1.65999757e-16,2.49187352e-16,4.72092454e-09,5.63760102e-01
4.39999998e-01,4.88584962e-16,7.38475193e-16,2.12646079e-08,6.29319131e-01
4.79999989e-01,2.24177709e-15,3.39559965e-15,1.31509267e-07,7.10628569e-01
5.19999981e-01,5.88274800e-15,9.00499276e-15,5.51226606e-07,7.63912618e-01
5.60000002e-01,2.55561597e-14,3.91512350e-14,3.64593461e-06,8.17184687e-01
6.00000024e-01,6.23809137e-14,9.67516540e-14,1.17352110e-05,8.66280913e-01
6.41029537e-01,2.56574438e-13,3.98203036e-13,3.42713574e-05,9.29392099e-01
6.83115125e-01,5.91224064e-13,9.29580089e-13,5.60595217e-05,9.68082309e-01
7.26283848e-01,1.69644138e-12,2.66376417e-12,1.11503810e-04,1.02079880e+00
7.70563781e-01,4.83985421e-12,7.66653234e-12,1.78763032e-04,1.06787944e+00
8.15983355e-01,2.03375736e-11,3.23463895e-11,3.63152445e-04,1.12974405e+00
8.62571895e-01,4.74529339e-11,7.63257166e-11,5.12416940e-04,1.21070230e+00
9.10359621e-01,1.75935377e-10,2.82949941e-10,9.03055712e-04,1.30729389e+00
9.59377348e-01,4.34495773e-10,7.06453063e-10,1.28731481e-03,1.39905727e+00
1.00965667e+00,1.40841594e-09,2.29575448e-09,1.93786691e-03,1.49598885e+00
1.06123006e+00,4.87582685e-09,8.00861333e-09,2.84339068e-03,1.60126603e+00
1.11413085e+00,1.60764255e-08,2.66782951e-08,3.83702898e-03,1.74270606e+00
1.16839325e+00,4.86369203e-08,8.17602341e-08,4.76890150e-03,1.89113140e+00
1.22405231e+00,1.36400530e-07,2.33029468e-07,5.61617687e-03,2.02774906e+00
1.28114390e+00,4.11024359e-07,7.16383909e-07,6.47767866e-03,2.15301275e+00
1.33970511e+00,1.20972413e-06,2.15288105e-06,7.12016178e-03,2.29416943e+00
1.39977336e+00,2.02044668e+04,2.83028984e+04,2.00398281e+04,2.07633838e+03
1.46138775e+00,2.57780430e+04,3.60900977e+04,2.42562285e+04,2.01627966e+03
1.52458799e+00,1.57350723e+04,2.20274043e+04,1.48482021e+04,1.35439978e+03
1.58941495e+00,1.49024824e+04,2.08685625e+04,1.43908418e+04,1.52626807e+03
1.65591037e+00,1.46786387e+04,2.05579453e+04,1.43212031e+04,1.61962378e+03
1.72411728e+00,1.45653076e+04,2.04008984e+04,1.42964766e+04,1.68105615e+03
1.79407966e+00,1.44276523e+04,2.02091797e+04,1.42176777e+04,1.71905481e+03
1.86584306e+00,1.42915859e+04,2.00194668e+04,1.41293809e+04,1.75059448e+03
1.93945324e+00,1.41832422e+04,1.98684961e+04,1.40639277e+04,1.78198071e+03
2.01495814e+00,1.41776191e+04,1.98614727e+04,1.41021035e+04,1.82940173e+03
2.09240627e+00,1.44257354e+04,2.02100859e+04,1.44015645e+04,1.91771265e+03
2.17184782e+00,1.50668730e+04,2.11094668e+04,1.51027246e+04,2.06509229e+03
2.25333428e+00,1.61277578e+04,2.25968750e+04,1.62246729e+04,2.26471436e+03
2.33691788e+00,1.74049238e+04,2.43869414e+04,1.75474492e+04,2.47463232e+03
2.42265272e+00,1.85404648e+04,2.59779277e+04,1.86968359e+04,2.62890137e+03
2.51059437e+00,1.92130703e+04,2.69196094e+04,1.93446992e+04,2.68467041e+03
2.60079956e+00,1.92212773e+04,2.69298711e+04,1.92925820e+04,2.61750537e+03
2.69332647e+00,1.85333750e+04,2.59646211e+04,1.85257344e+04,2.45266162e+03
2.78823495e+00,1.73235820e+04,2.42684062e+04,1.72429785e+04,2.22940991e+03
2.88558602e+00,1.58725889e+04,2.22347617e+04,1.57422168e+04,2.00566040e+03
2.98544264e+00,1.44227637e+04,2.02032852e+04,1.42694980e+04,1.80613965e+03
3.08786964e+00,1.31520195e+04,1.84231641e+04,1.30002061e+04,1.65851196e+03
3.19293284e+00,1.21782305e+04,1.70594219e+04,1.20459844e+04,1.55791333e+03
3.30070019e+00,1.15627373e+04,1.61978809e+04,1.14624678e+04,1.52414307e+03
3.41124129e+00,1.13369170e+04,1.58824248e+04,1.12779688e+04,1.54423157e+03
3.52462745e+00,1.15449248e+04,1.61749121e+04,1.15367832e+04,1.63952295e+03
3.64093208e+00,1.22380674e+04,1.71471875e+04,1.22899209e+04,1.80006116e+03
3.76023054e+00,1.34676260e+04,1.88710664e+04,1.35889336e+04,2.05300928e+03
3.88259912e+00,1.51860166e+04,2.12798223e+04,1.53851045e+04,2.36140405e+03
4.00811720e+00,1.72662188e+04,2.41953633e+04,1.75470273e+04,2.74403906e+03
4.13686609e+00,1.95078984e+04,2.73368398e+04,1.98641797e+04,3.11187207e+03
4.26892853e+00,2.15458477e+04,3.01922188e+04,2.19456016e+04,3.43837769e+03
4.40439081e+00,2.27857051e+04,3.19284062e+04,2.31648945e+04,3.55056885e+03
4.54333878e+00,2.29030723e+04,3.20910645e+04,2.31975859e+04,3.48136816e+03
4.68586397e+00,2.21555918e+04,3.10416777e+04,2.23288672e+04,3.22320020e+03
4.83205652e+00,2.08290156e+04,2.91810469e+04,2.08748633e+04,2.94327905e+03
4.98201227e+00,1.92052637e+04,2.69045391e+04,1.91455527e+04,2.61381470e+03
5.13582754e+00,1.75949609e+04,2.46474941e+04,1.74639609e+04,2.37591870e+03
5.29360199e+00,1.61594043e+04,2.26358633e+04,1.59917656e+04,2.15386035e+03
5.45543718e+00,1.49329277e+04,2.09176133e+04,1.47563525e+04,2.02731885e+03
5.62143755e+00,1.39392910e+04,1.95258984e+04,1.37743926e+04,1.91811353e+03
5.79171038e+00,1.32323086e+04,1.85360078e+04,1.30928945e+04,1.88152234e+03
5.96636629e+00,1.27877949e+04,1.79138887e+04,1.26786973e+04,1.86218652e+03
6.14551687e+00,1.25600645e+04,1.75955547e+04,1.24873428e+04,1.89104077e+03
6.32927942e+00,1.26639590e+04,1.77418945e+04,1.26327393e+04,1.95794202e+03
6.51777077e+00,1.30479658e+04,1.82806055e+04,1.30572969e+04,2.06030859e+03
6.71111441e+00,1.36495508e+04,1.91241758e+04,1.37042275e+04,2.19696191e+03
6.90943432e+00,1.45952520e+04,2.04498164e+04,1.46953711e+04,2.37320264e+03
7.11285782e+00,1.56102363e+04,2.18723750e+04,1.57511201e+04,2.55752930e+03
7.32151794e+00,1.67111836e+04,2.34153750e+04,1.68968359e+04,2.75280200e+03
7.53554821e+00,1.79275898e+04,2.51198750e+04,1.81471270e+04,2.95142334e+03
7.75508738e+00,1.88288477e+04,2.63824316e+04,1.90582266e+04,3.07841943e+03
7.98027754e+00,1.95148711e+04,2.73431777e+04,1.97339121e+04,3.14789209e+03
8.21126270e+00,2.00964922e+04,2.81571172e+04,2.02692539e+04,3.16305518e+03
8.44819450e+00,2.03124844e+04,2.84584121e+04,2.04103047e+04,3.10424512e+03
8.69122219e+00,1.95043828e+04,2.73253223e+04,1.95393711e+04,2.92332788e+03
8.94050789e+00,1.94065352e+04,2.71871914e+04,1.93706367e+04,2.83531250e+03
9.19620800e+00,1.93720586e+04,2.71374727e+04,1.92541289e+04,2.76699219e+03
9.45849037e+00,1.80044473e+04,2.52215000e+04,1.78817969e+04,2.59779321e+03
9.72752285e+00,1.72463750e+04,2.41592754e+04,1.71111602e+04,2.50681860e+03
1.00034800e+01,1.63647344e+04,2.29242988e+04,1.62420234e+04,2.43014453e+03
1.02865391e+01,1.56304727e+04,2.18967461e+04,1.55671738e+04,2.40575977e+03
1.05768833e+01,1.64976250e+04,2.31119707e+04,1.64562969e+04,2.56465527e+03
1.08747025e+01,1.69052305e+04,2.36822871e+04,1.68396055e+04,2.62667383e+03
1.11801853e+01,1.50266172e+04,2.10507344e+04,1.49911484e+04,2.42305078e+03
1.14935322e+01,1.35764189e+04,1.90207734e+04,1.36242139e+04,2.30711841e+03
1.18149433e+01,1.23068867e+04,1.72433477e+04,1.24068457e+04,2.18757007e+03
1.21446266e+01,1.24578271e+04,1.74556602e+04,1.26030039e+04,2.27240088e+03
1.24827967e+01,1.58840742e+04,2.22565879e+04,1.60767480e+04,2.79242651e+03
1.28296700e+01,1.85734648e+04,2.60251719e+04,1.88117852e+04,3.18329419e+03
1.31854706e+01,2.01510156e+04,2.82350391e+04,2.04026172e+04,3.36161914e+03
1.35504293e+01,2.19419023e+04,3.07423984e+04,2.21536211e+04,3.51862842e+03
1.39247818e+01,2.15816445e+04,3.02377539e+04,2.18295215e+04,3.51518970e+03
1.43087692e+01,2.10243008e+04,2.94571250e+04,2.13878633e+04,3.48684424e+03
1.47026405e+01,2.01916465e+04,2.82924844e+04,2.07964688e+04,3.43299390e+03
1.51066484e+01,2.12158320e+04,2.97305273e+04,2.21376797e+04,3.59652588e+03
1.55210552e+01,2.26408242e+04,3.17304941e+04,2.38423242e+04,3.67598560e+03
1.59461288e+01,1.94457969e+04,2.72623496e+04,2.09774512e+04,3.22525122e+03
1.63821430e+01,1.68231289e+04,2.35980508e+04,1.88805000e+04,2.89667114e+03
1.68293781e+01,1.68485488e+04,2.36410059e+04,1.93256191e+04,2.88915430e+03
1.72881241e+01,1.73952148e+04,2.44102031e+04,2.03485977e+04,2.95392017e+03
1.77586803e+01,1.98215430e+04,2.78178906e+04,2.32714883e+04,3.18296777e+03
1.82413464e+01,2.24911113e+04,3.15698203e+04,2.60211094e+04,3.37699878e+03
1.87364349e+01,2.36765039e+04,3.32467852e+04,2.71116621e+04,3.42399536e+03
1.92442665e+01,2.85069043e+04,4.00169219e+04,3.08885684e+04,3.74966089e+03
1.97651691e+01,3.30256680e+04,4.63318203e+04,3.37196250e+04,4.02098291e+03
2.02994785e+01,3.55423164e+04,4.98263555e+04,3.45678164e+04,4.08803052e+03
2.08475418e+01,3.96493203e+04,5.55420195e+04,3.72887148e+04,4.46078613e+03
2.14097099e+01,4.45055508e+04,6.23004570e+04,4.09329883e+04,4.88503223e+03
2.19863453e+01,4.59712266e+04,6.43184883e+04,4.19180156e+04,5.01613477e+03
2.25778236e+01,4.50431484e+04,6.30070312e+04,4.09296562e+04,4.74820410e+03
2.31845264e+01,4.02411914e+04,5.62727422e+04,3.60626016e+04,3.84540308e+03
2.38068466e+01,3.43274805e+04,4.79878359e+04,3.03018242e+04,3.07169580e+03
2.44451809e+01,3.09869844e+04,4.33192305e+04,2.76374629e+04,2.83279639e+03
2.50999470e+01,2.68261875e+04,3.75058398e+04,2.39700605e+04,2.42352124e+03
2.57715645e+01,2.09730742e+04,2.93234395e+04,1.86578691e+04,1.91215820e+03
2.64604683e+01,2.25257422e+04,3.15092930e+04,2.06029492e+04,2.12285938e+03
2.71671047e+01,2.31796738e+04,3.24318926e+04,2.14387734e+04,2.21736499e+03
2.78919277e+01,2.38203672e+04,3.33428984e+04,2.27298789e+04,2.80403271e+03
2.86354065e+01,2.78754023e+04,3.90322070e+04,2.70917852e+04,3.39653101e+03
2.93980217e+01,2.21565820e+04,3.10155605e+04,2.09877227e+04,2.19113379e+03
3.01802654e+01,8.17840771e+03,1.14367637e+04,7.23862256e+03,5.38350220e+02
3.09826431e+01,1.24892395e+03,1.73860828e+03,8.52569275e+02,2.64961376e+01
3.18056717e+01,2.33893845e+02,3.21751556e+02,6.20117302e+01,1.47064147e-03
3.26498833e+01,1.18322174e+02,1.62032333e+02,1.99698067e+01,2.48451601e-04
3.35158234e+01,6.50797577e+01,8.88501434e+01,8.85688305e+00,1.78353570e-04
3.44040565e+01,3.69036713e+01,5.03319511e+01,4.63604116e+00,3.39193284e-05
3.53151436e+01,1.86580677e+01,2.53290749e+01,1.46192288e+00,1.17542077e-05
3.62496834e+01,7.05990601e+00,9.51574326e+00,3.44550312e-01,1.38713795e-05
3.72082787e+01,2.40677643e+00,3.22653770e+00,9.41823721e-02,5.16306636e-06
3.81915474e+01,9.47244287e-01,1.26862347e+00,4.68663871e-02,2.57836496e-06
3.92001228e+01,3.23114634e-01,4.33093965e-01,1.92107093e-02,9.71731311e-07
4.02346535e+01,1.06368162e-01,1.42607123e-01,5.74222114e-03,3.00919993e-07
4.12958107e+01,2.54662633e-02,3.39140482e-02,8.85231537e-04,7.16845676e-08
4.23842850e+01,3.33922729e-03,4.39147232e-03,1.46950086e-04,1.27045672e-08
4.35007744e+01,7.83822092e-04,1.03458611e-03,5.37515698e-05,3.72591424e-09
4.46459999e+01,1.10317756e-04,1.44308186e-04,5.38234008e-06,7.30039473e-10
4.58207016e+01,1.28841502e-05,1.66441423e-05,2.20344987e-07,6.90700344e-11
4.70256386e+01,2.26576617e-06,2.95297968e-06,4.39500702e-08,8.60214937e-12
4.82615852e+01,4.12464203e-07,5.37618121e-07,7.33709538e-09,1.02979973e-12
4.95293465e+01,4.42933867e-08,5.84601842e-08,1.22015575e-09,1.61100788e-13
5.08297386e+01,2.35628961e-09,3.11409720e-09,1.17019658e-10,1.43382044e-14
5.21635971e+01,1.31087655e-10,1.76149914e-10,8.03800863e-12,9.21254633e-16
5.35317917e+01,8.24388734e-12,1.04602976e-11,3.39902206e-13,8.70151653e-17
5.49351997e+01,3.93887559e-13,5.13576703e-13,2.44548661e-14,2.67161533e-18
5.63747253e+01,1.34746637e-14,1.72104796e-14,4.29354781e-16,1.54397901e-19
5.78513031e+01,2.79873132e-16,3.60434092e-16,4.57720888e-17,3.24469835e-21
5.93278885e+01,2.13333139e-17,2.92971690e-17,1.61193503e-18,1.50444559e-22
6.08044662e+01,4.64180311e-19,5.47423838e-19,6.33019674e-20,6.12903942e-24
6.22810478e+01,4.16615590e-20,5.23434819e-20,3.15317513e-21,4.45932026e-25
6.37576256e+01,2.07513120e-21,2.57301335e-21,1.17592567e-22,2.79302490e-26
6.52341995e+01,1.94522611e-22,2.47143003e-22,5.07819347e-24,2.08617868e-27
6.67107849e+01,1.26031684e-23,1.69277875e-23,5.16751274e-25,1.46748736e-28
6.81873703e+01,9.16389835e-25,1.16580961e-24,2.32535040e-26,7.90084698e-30
6.96639481e+01,5.77955984e-26,7.54519695e-26,3.69752588e-27,6.56071938e-31
7.11405258e+01,5.09717582e-27,5.87149441e-27,2.28731264e-28,3.94533285e-32
7.26171036e+01,4.55137016e-28,5.76888963e-28,3.07182606e-29,3.96890827e-33
7.40936813e+01,3.37263586e-29,4.48934481e-29,2.32632100e-30,2.80149967e-34
7.55702591e+01,2.54920733e-30,3.63967958e-30,1.84451697e-31,1.96861769e-35
7.70468445e+01,1.37906493e-31,2.04113544e-31,1.02276406e-32,1.04096432e-36
7.85234222e+01,4.94559236e-33,7.84137237e-33,3.83919302e-34,3.83115000e-38
8.00000000e+01,2.06803091e-34,3.25866848e-34,1.84698172e-35,1.34524653e-39
