Height (km), 7_8 um ash conc (g/kg), 15_6 um ash conc (g/kg), 125 um ash conc (g/kg), 1 mm ash conc (g/kg)
0.00000000e+00,0.00000000e+00,0.00000000e+00,0.00000000e+00,0.00000000e+00
3.99999991e-02,5.51458122e-03,7.72993360e-03,7.72739155e-03,2.40458190e-01
7.99999982e-02,1.16835237e-02,1.73988584e-02,1.67140327e-02,9.61114705e-01
1.19999997e-01,2.22140551e-02,3.31974216e-02,2.25142911e-02,2.13503647e+00
1.59999996e-01,3.27332877e-02,4.73522656e-02,2.83073224e-02,3.92511487e+00
2.00000003e-01,3.67413387e-02,5.16052768e-02,2.68450435e-02,6.31650782e+00
2.39999995e-01,4.28301096e-02,5.89740537e-02,2.86104493e-02,9.46184921e+00
2.80000001e-01,4.56764363e-02,6.17266819e-02,2.87960432e-02,1.31642284e+01
3.19999993e-01,5.00132628e-02,6.66383877e-02,3.21182609e-02,1.78793678e+01
3.60000014e-01,4.95987236e-02,6.47202507e-02,3.24357450e-02,2.23261299e+01
4.00000006e-01,5.23573756e-02,6.75483271e-02,4.18415517e-02,2.86769733e+01
4.39999998e-01,4.89609689e-02,6.27359450e-02,3.98494899e-02,3.35799942e+01
4.79999989e-01,5.25271595e-02,6.73762336e-02,5.14921919e-02,4.15836220e+01
5.19999981e-01,4.84985933e-02,6.20811470e-02,4.72280458e-02,4.65063324e+01
5.60000002e-01,5.30085005e-02,6.81260377e-02,6.07377030e-02,5.59023438e+01
6.00000024e-01,5.02655804e-02,6.45291507e-02,5.32576814e-02,6.19318314e+01
6.41029537e-01,5.77891544e-02,7.49495700e-02,6.27370104e-02,7.64877930e+01
6.83115125e-01,5.56070060e-02,7.19821006e-02,5.42477444e-02,7.93731689e+01
7.26283848e-01,6.03879616e-02,7.85095394e-02,5.77172786e-02,9.20988312e+01
7.70563781e-01,6.35157973e-02,8.25759396e-02,5.71323857e-02,1.01069580e+02
8.15983355e-01,7.28577748e-02,9.53354910e-02,6.80085570e-02,1.17368546e+02
8.62571895e-01,7.15860799e-02,9.31684077e-02,6.29847348e-02,1.26181870e+02
9.10359621e-01,8.12947229e-02,1.06381640e-01,7.34074265e-02,1.45340485e+02
9.59377348e-01,8.08830261e-02,1.05570525e-01,7.52224252e-02,1.58462372e+02
1.00965667e+00,8.77535194e-02,1.14877217e-01,8.88391137e-02,1.78894440e+02
1.06123006e+00,9.56219584e-02,1.25304908e-01,1.22078001e-01,2.04212753e+02
1.11413085e+00,1.03238955e-01,1.35370553e-01,1.70559198e-01,2.32797745e+02
1.16839325e+00,1.13393709e-01,1.49610415e-01,2.08799303e-01,2.67755066e+02
1.22405231e+00,1.30370706e-01,1.73882902e-01,2.28892803e-01,3.10974915e+02
1.28114390e+00,1.59783453e-01,2.15245277e-01,2.64761150e-01,3.64322479e+02
1.33970511e+00,1.96116835e-01,2.65723050e-01,3.13254833e-01,4.31194519e+02
1.39977336e+00,2.06922695e+04,2.89703789e+04,1.94423477e+04,1.75710583e+03
1.46138775e+00,2.58831895e+04,3.61953867e+04,2.18862598e+04,1.99244580e+03
1.52458799e+00,1.58270840e+04,2.21287383e+04,1.35191836e+04,1.77877368e+03
1.58941495e+00,1.48905352e+04,2.08326094e+04,1.33120566e+04,2.00662512e+03
1.65591037e+00,1.48168203e+04,2.07354102e+04,1.35185566e+04,2.13757739e+03
1.72411728e+00,1.48230449e+04,2.07471055e+04,1.36601943e+04,2.22183301e+03
1.79407966e+00,1.46229766e+04,2.04683438e+04,1.35308379e+04,2.24831885e+03
1.86584306e+00,1.41709395e+04,1.98362852e+04,1.31415635e+04,2.25399463e+03
1.93945324e+00,1.36287227e+04,1.90782266e+04,1.26772959e+04,2.25712500e+03
2.01495814e+00,1.32601826e+04,1.85640234e+04,1.24097090e+04,2.29286206e+03
2.09240627e+00,1.34007705e+04,1.87637871e+04,1.26790801e+04,2.41750293e+03
2.17184782e+00,1.41653125e+04,1.98374883e+04,1.35489922e+04,2.60077246e+03
2.25333428e+00,1.54477539e+04,2.16359707e+04,1.49076035e+04,2.84772412e+03
2.33691788e+00,1.72869492e+04,2.42142461e+04,1.68408340e+04,3.17104980e+03
2.42265272e+00,1.90470430e+04,2.66799785e+04,1.86047109e+04,3.38795410e+03
2.51059437e+00,1.95266914e+04,2.73491992e+04,1.89551836e+04,3.37663770e+03
2.60079956e+00,1.86793340e+04,2.61610957e+04,1.80841172e+04,3.27467480e+03
2.69332647e+00,1.77949863e+04,2.49231934e+04,1.72254766e+04,3.14865088e+03
2.78823495e+00,1.65454688e+04,2.31707598e+04,1.58523711e+04,2.91916895e+03
2.88558602e+00,1.50798184e+04,2.11185176e+04,1.44457354e+04,2.78344434e+03
2.98544264e+00,1.54773320e+04,2.16778594e+04,1.49222363e+04,2.87772925e+03
3.08786964e+00,1.76417832e+04,2.47110879e+04,1.70511426e+04,3.15019678e+03
3.19293284e+00,1.92899414e+04,2.70169102e+04,1.85064805e+04,3.25420801e+03
3.30070019e+00,1.89485742e+04,2.65357988e+04,1.80844023e+04,3.19954980e+03
3.41124129e+00,1.91653066e+04,2.68392773e+04,1.83095371e+04,3.23670215e+03
3.52462745e+00,1.91376602e+04,2.67987578e+04,1.82089648e+04,3.22185303e+03
3.64093208e+00,1.77019688e+04,2.47859082e+04,1.67480449e+04,3.04483813e+03
3.76023054e+00,1.49656631e+04,2.09545957e+04,1.41765996e+04,2.79277148e+03
3.88259912e+00,1.36575977e+04,1.91286875e+04,1.31645049e+04,2.76314771e+03
4.00811720e+00,1.43207109e+04,2.00576367e+04,1.37911455e+04,2.80216650e+03
4.13686609e+00,1.37271162e+04,1.92260000e+04,1.32368701e+04,2.76016675e+03
4.26892853e+00,1.41297812e+04,1.97963223e+04,1.39100332e+04,2.96091895e+03
4.40439081e+00,1.74542227e+04,2.44580957e+04,1.73305156e+04,3.40918555e+03
4.54333878e+00,2.10601504e+04,2.95050156e+04,2.06404609e+04,3.69822461e+03
4.68586397e+00,2.06723340e+04,2.89556406e+04,2.00583359e+04,3.58609180e+03
4.83205652e+00,2.02989727e+04,2.84317676e+04,1.96804375e+04,3.56751514e+03
4.98201227e+00,2.01679980e+04,2.82450996e+04,1.94100586e+04,3.45508203e+03
5.13582754e+00,1.85813809e+04,2.60183750e+04,1.76708203e+04,3.16368115e+03
5.29360199e+00,1.59732324e+04,2.23623164e+04,1.50165225e+04,2.81109326e+03
5.45543718e+00,1.36427842e+04,1.90996406e+04,1.28243955e+04,2.60470801e+03
5.62143755e+00,1.27855996e+04,1.79022012e+04,1.21215986e+04,2.57181641e+03
5.79171038e+00,1.29476465e+04,1.81298281e+04,1.23076250e+04,2.60979688e+03
5.96636629e+00,1.27174102e+04,1.78083594e+04,1.21451182e+04,2.64079858e+03
6.14551687e+00,1.24808096e+04,1.74807344e+04,1.20742754e+04,2.68615747e+03
6.32927942e+00,1.30973252e+04,1.83466074e+04,1.27511367e+04,2.78123389e+03
6.51777077e+00,1.39449590e+04,1.95327773e+04,1.35190205e+04,2.84333521e+03
6.71111441e+00,1.40982832e+04,1.97459531e+04,1.36199287e+04,2.86860571e+03
6.90943432e+00,1.39820469e+04,1.95830898e+04,1.35312480e+04,2.92321143e+03
7.11285782e+00,1.41150117e+04,1.97690391e+04,1.36696221e+04,2.97464185e+03
7.32151794e+00,1.42364824e+04,1.99377227e+04,1.37482490e+04,3.00699805e+03
7.53554821e+00,1.39290244e+04,1.95057188e+04,1.34201914e+04,3.00145239e+03
7.75508738e+00,1.35572549e+04,1.89849355e+04,1.30874854e+04,3.00513623e+03
7.98027754e+00,1.35989590e+04,1.90432812e+04,1.31589609e+04,3.06278491e+03
8.21126270e+00,1.37632617e+04,1.92726309e+04,1.33329375e+04,3.12256372e+03
8.44819450e+00,1.37072988e+04,1.91938828e+04,1.33203535e+04,3.16783984e+03
8.69122219e+00,1.35286309e+04,1.89442773e+04,1.32380527e+04,3.20649561e+03
8.94050789e+00,1.34848516e+04,1.88830879e+04,1.32733916e+04,3.24800415e+03
9.19620800e+00,1.31275273e+04,1.83822441e+04,1.29864658e+04,3.22477539e+03
9.45849037e+00,1.25000439e+04,1.75041934e+04,1.24701338e+04,3.18787646e+03
9.72752285e+00,1.22949180e+04,1.72171094e+04,1.23281406e+04,3.19088672e+03
1.00034800e+01,1.20379463e+04,1.68571367e+04,1.22054932e+04,3.16346216e+03
1.02865391e+01,1.16793145e+04,1.63558672e+04,1.20895029e+04,3.15037646e+03
1.05768833e+01,1.17160527e+04,1.64082227e+04,1.23912793e+04,3.15667432e+03
1.08747025e+01,1.16196572e+04,1.62737588e+04,1.27235020e+04,3.17377954e+03
1.11801853e+01,1.11085596e+04,1.55609590e+04,1.28876562e+04,3.19713672e+03
1.14935322e+01,1.15967422e+04,1.62475605e+04,1.40793848e+04,3.34469873e+03
1.18149433e+01,1.31126660e+04,1.83709414e+04,1.61642051e+04,3.55220557e+03
1.21446266e+01,1.40463691e+04,1.96798984e+04,1.75884258e+04,3.68547754e+03
1.24827967e+01,1.47358594e+04,2.06489531e+04,1.88322148e+04,3.84490649e+03
1.28296700e+01,1.65684766e+04,2.32177617e+04,2.13342344e+04,4.08176025e+03
1.31854706e+01,1.74832012e+04,2.44999316e+04,2.32307969e+04,4.17888379e+03
1.35504293e+01,1.68969922e+04,2.36801816e+04,2.43472266e+04,4.14800879e+03
1.39247818e+01,1.63671191e+04,2.29445215e+04,2.54738125e+04,4.09526416e+03
1.43087692e+01,1.46856279e+04,2.06255488e+04,2.52530977e+04,4.01211963e+03
1.47026405e+01,1.50522578e+04,2.11769707e+04,2.68117539e+04,4.13051562e+03
1.51066484e+01,1.70025547e+04,2.39248281e+04,2.96419570e+04,4.32415820e+03
1.55210552e+01,1.81598984e+04,2.55499453e+04,3.16845664e+04,4.45015674e+03
1.59461288e+01,1.86176758e+04,2.62242988e+04,3.26352539e+04,4.48384082e+03
1.63821430e+01,1.93141680e+04,2.72485449e+04,3.34124180e+04,4.48962451e+03
1.68293781e+01,1.97422031e+04,2.79354082e+04,3.34829336e+04,4.43033691e+03
1.72881241e+01,2.32921953e+04,3.30234961e+04,3.56169531e+04,4.53022559e+03
1.77586803e+01,2.92250859e+04,4.14214531e+04,3.87962227e+04,4.65716846e+03
1.82413464e+01,3.56263828e+04,5.03285078e+04,4.05228594e+04,4.75975391e+03
1.87364349e+01,4.30865820e+04,6.05980703e+04,4.33993594e+04,4.89364551e+03
1.92442665e+01,4.83467539e+04,6.78399531e+04,4.48445117e+04,4.82334180e+03
1.97651691e+01,5.01168906e+04,7.01904219e+04,4.32352891e+04,4.50988525e+03
2.02994785e+01,5.03932266e+04,7.04650625e+04,4.12879922e+04,4.34985498e+03
2.08475418e+01,5.08898945e+04,7.10915156e+04,4.01878359e+04,4.32377686e+03
2.14097099e+01,5.23008750e+04,7.29739219e+04,4.03021406e+04,4.42057422e+03
2.19863453e+01,5.10185312e+04,7.11538984e+04,3.95132109e+04,4.27316309e+03
2.25778236e+01,4.92389766e+04,6.86828594e+04,3.74118398e+04,4.10850146e+03
2.31845264e+01,4.82528516e+04,6.72564219e+04,3.51872539e+04,4.20342725e+03
2.38068466e+01,4.74550156e+04,6.60791016e+04,3.45558008e+04,4.18929053e+03
2.44451809e+01,4.51155977e+04,6.28069062e+04,3.38464453e+04,4.15345361e+03
2.50999470e+01,4.30211328e+04,5.99460703e+04,3.42508359e+04,4.14949219e+03
2.57715645e+01,3.89254297e+04,5.42907266e+04,3.22746055e+04,3.81555444e+03
2.64604683e+01,3.58027031e+04,4.99959141e+04,3.12259102e+04,3.73356128e+03
2.71671047e+01,3.67385977e+04,5.13446914e+04,3.28264453e+04,3.86328027e+03
2.78919277e+01,3.52169453e+04,4.92001875e+04,2.96099375e+04,2.62467725e+03
2.86354065e+01,2.67153926e+04,3.72777031e+04,2.07965918e+04,1.19782373e+03
2.93980217e+01,1.73180742e+04,2.41449238e+04,1.27567402e+04,5.74015564e+02
3.01802654e+01,1.27688301e+04,1.78045039e+04,9.58204883e+03,4.63647827e+02
3.09826431e+01,1.64158203e+04,2.29178125e+04,1.29964375e+04,6.30404053e+02
3.18056717e+01,9.94509375e+03,1.38712598e+04,7.26544873e+03,1.83242874e+02
3.26498833e+01,1.31791821e+03,1.82597668e+03,5.72655334e+02,4.21164259e-02
3.35158234e+01,6.51890442e+02,8.99790039e+02,1.39492279e+02,8.49408470e-03
3.44040565e+01,7.42677979e+02,1.01510962e+03,5.81575775e+01,2.02684896e-04
3.53151436e+01,4.42870850e+02,5.96937622e+02,2.81204548e+01,4.70408559e-05
3.62496834e+01,1.22271423e+02,1.64040833e+02,6.74483299e+00,4.09979184e-05
3.72082787e+01,3.71772614e+01,4.98080521e+01,2.11109161e+00,1.99000424e-05
3.81915474e+01,1.21185637e+01,1.62563210e+01,8.75724375e-01,8.03590683e-06
3.92001228e+01,7.73869181e+00,1.05113583e+01,8.74495983e-01,7.07331856e-06
4.02346535e+01,7.90000629e+00,1.07013149e+01,4.47086513e-01,6.02929777e-06
4.12958107e+01,4.15728045e+00,5.58552361e+00,1.21424288e-01,2.56406020e-06
4.23842850e+01,1.34310842e+00,1.79026854e+00,2.47265771e-02,8.63911566e-07
4.35007744e+01,4.79232371e-01,6.32793784e-01,6.75571011e-03,4.45408915e-07
4.46459999e+01,2.55897522e-01,3.34745228e-01,2.84519373e-03,3.10928812e-07
4.58207016e+01,1.13326892e-01,1.47320881e-01,1.00714946e-03,1.64490331e-07
4.70256386e+01,3.82399373e-02,4.91556376e-02,3.24197754e-04,7.67323058e-08
4.82615852e+01,1.38317673e-02,1.76093355e-02,2.06575802e-04,3.33413475e-08
4.95293465e+01,1.83157262e-03,2.31693592e-03,2.84753623e-05,3.91182198e-09
5.08297386e+01,4.02842524e-08,4.81698095e-08,1.85458093e-09,1.34886433e-13
5.21635971e+01,5.56317037e-09,7.62503927e-09,7.06824987e-10,8.75643518e-15
5.35317917e+01,5.35008843e-11,9.21791879e-11,3.19634761e-14,1.41396633e-17
5.49351997e+01,8.08861069e-15,1.41144759e-14,3.57796500e-15,1.13620133e-19
5.63747253e+01,1.36133473e-15,2.27502716e-15,1.11083791e-18,2.42305455e-21
5.78513031e+01,6.60044117e-19,6.68527630e-19,1.91940372e-19,2.01413812e-23
5.93278885e+01,9.50106889e-19,1.04193945e-18,3.72330990e-20,9.79033773e-25
6.08044662e+01,4.10278918e-21,7.90194572e-21,7.21186863e-23,5.66755346e-27
6.22810478e+01,1.96371953e-22,2.37538211e-22,3.89872612e-24,2.71962301e-28
6.37576256e+01,2.22908150e-24,2.82664718e-24,7.61882232e-26,5.47285870e-30
6.52341995e+01,1.48718831e-25,1.82697338e-25,2.08873111e-27,2.27118110e-31
6.67107849e+01,3.64291151e-27,4.49652912e-27,8.52630612e-29,8.47095906e-33
6.81873703e+01,2.53019335e-28,2.94364164e-28,4.38201348e-30,3.86365478e-34
6.96639481e+01,7.02587971e-30,8.24335331e-30,1.42326047e-31,1.41118872e-35
7.11405258e+01,2.42728228e-31,2.83084759e-31,4.21318995e-33,3.89879079e-37
7.26171036e+01,4.79475770e-33,5.69373464e-33,1.02603920e-34,1.11655462e-38
7.40936813e+01,8.81590170e-35,1.02241709e-34,1.67079905e-36,1.59748025e-40
7.55702591e+01,2.37077405e-36,2.95051091e-36,5.68240540e-38,0.00000000e+00
7.70468445e+01,3.04866494e-38,3.91915155e-38,7.00649232e-40,0.00000000e+00
7.85234222e+01,6.92241441e-40,9.06640106e-40,0.00000000e+00,0.00000000e+00
8.00000000e+01,0.00000000e+00,0.00000000e+00,0.00000000e+00,0.00000000e+00
