Height (km), 7_8 um ash conc (g/kg), 15_6 um ash conc (g/kg), 125 um ash conc (g/kg), 1 mm ash conc (g/kg)
0.00000000e+00,0.00000000e+00,0.00000000e+00,0.00000000e+00,0.00000000e+00
3.99999991e-02,1.21705225e-02,1.71815827e-02,1.40637457e-02,6.96766078e-01
7.99999982e-02,1.57763176e-02,2.21908316e-02,1.63994022e-02,7.25068748e-01
1.19999997e-01,1.84789691e-02,2.59247497e-02,1.80719644e-02,7.36621022e-01
1.59999996e-01,2.09373944e-02,2.93147676e-02,1.95266716e-02,7.57172108e-01
2.00000003e-01,2.34352909e-02,3.27692516e-02,2.09890176e-02,7.73083985e-01
2.39999995e-01,2.53355578e-02,3.53529304e-02,2.16688253e-02,7.93643475e-01
2.80000001e-01,2.71990299e-02,3.79062295e-02,2.26282440e-02,8.14296603e-01
3.19999993e-01,2.89489850e-02,4.02817428e-02,2.32620612e-02,8.37394178e-01
3.60000014e-01,3.08810957e-02,4.29333225e-02,2.43648551e-02,8.65738451e-01
4.00000006e-01,3.21643874e-02,4.46700267e-02,2.47950181e-02,8.93204331e-01
4.39999998e-01,3.38924490e-02,4.70326468e-02,2.55348012e-02,9.22590256e-01
4.79999989e-01,3.48026752e-02,4.82390299e-02,2.62054913e-02,9.56851900e-01
5.19999981e-01,3.63669470e-02,5.03655784e-02,2.71056518e-02,9.83205080e-01
5.60000002e-01,3.67701650e-02,5.08856252e-02,2.76479274e-02,1.08666754e+00
6.00000024e-01,3.90529931e-02,5.40260971e-02,3.01651303e-02,1.03085423e+00
6.41029537e-01,4.00782749e-02,5.54157719e-02,3.14367302e-02,1.10441840e+00
6.83115125e-01,4.09695879e-02,5.66098876e-02,3.31273451e-02,1.13485181e+00
7.26283848e-01,4.27291617e-02,5.90690859e-02,3.56421731e-02,1.19206977e+00
7.70563781e-01,4.37794030e-02,6.05026744e-02,3.77555490e-02,1.24956274e+00
8.15983355e-01,4.53371443e-02,6.27264082e-02,4.04355489e-02,1.28357482e+00
8.62571895e-01,4.77193743e-02,6.60803020e-02,4.41946276e-02,1.38058448e+00
9.10359621e-01,4.97420207e-02,6.89661503e-02,4.72799279e-02,1.42767894e+00
9.59377348e-01,5.29766530e-02,7.35692233e-02,5.19536436e-02,1.51259613e+00
1.00965667e+00,5.67310154e-02,7.88888633e-02,5.78445978e-02,1.66665876e+00
1.06123006e+00,6.30606189e-02,8.78274590e-02,6.61618412e-02,1.74087548e+00
1.11413085e+00,7.18246698e-02,1.00147270e-01,7.67411292e-02,1.90152025e+00
1.16839325e+00,8.53359699e-02,1.19128466e-01,9.31837037e-02,2.12003684e+00
1.22405231e+00,1.01731867e-01,1.42163828e-01,1.13192409e-01,2.25233984e+00
1.28114390e+00,1.29102841e-01,1.80671841e-01,1.46372631e-01,2.47876048e+00
1.33970511e+00,1.65356189e-01,2.31679589e-01,1.90742284e-01,2.72608256e+00
1.39977336e+00,1.96925547e+04,2.75848594e+04,1.94734785e+04,1.98414709e+03
1.46138775e+00,2.30373711e+04,3.22557070e+04,2.18844902e+04,1.89804346e+03
1.52458799e+00,1.64475840e+04,2.30270703e+04,1.55825498e+04,1.43732373e+03
1.58941495e+00,1.55766650e+04,2.18133984e+04,1.50483867e+04,1.59166431e+03
1.65591037e+00,1.54704756e+04,2.16673945e+04,1.50870615e+04,1.69747144e+03
1.72411728e+00,1.55234990e+04,2.17432695e+04,1.52233203e+04,1.77870898e+03
1.79407966e+00,1.56173848e+04,2.18758633e+04,1.53716758e+04,1.84415637e+03
1.86584306e+00,1.57425537e+04,2.20520078e+04,1.55367188e+04,1.90271973e+03
1.93945324e+00,1.58445254e+04,2.21954766e+04,1.56691924e+04,1.95042358e+03
2.01495814e+00,1.59445957e+04,2.23361758e+04,1.57950156e+04,1.99414526e+03
2.09240627e+00,1.60068281e+04,2.24237812e+04,1.58789053e+04,2.02846118e+03
2.17184782e+00,1.60592148e+04,2.24975234e+04,1.59499023e+04,2.05881104e+03
2.25333428e+00,1.61134961e+04,2.25738945e+04,1.60197910e+04,2.08605127e+03
2.33691788e+00,1.61700801e+04,2.26534121e+04,1.60886514e+04,2.11050220e+03
2.42265272e+00,1.62197461e+04,2.27231484e+04,1.61469004e+04,2.13048486e+03
2.51059437e+00,1.62438428e+04,2.27569922e+04,1.61760742e+04,2.14421362e+03
2.60079956e+00,1.61846689e+04,2.26740957e+04,1.61186084e+04,2.14379150e+03
2.69332647e+00,1.59796191e+04,2.23867988e+04,1.59133730e+04,2.12306226e+03
2.78823495e+00,1.56131016e+04,2.18733691e+04,1.55496230e+04,2.08392676e+03
2.88558602e+00,1.52433652e+04,2.13554980e+04,1.51846885e+04,2.04637097e+03
2.98544264e+00,1.51186855e+04,2.11808984e+04,1.50619629e+04,2.04000549e+03
3.08786964e+00,1.53620146e+04,2.15216660e+04,1.52992383e+04,2.07631494e+03
3.19293284e+00,1.56572578e+04,2.19347500e+04,1.55741699e+04,2.10936157e+03
3.30070019e+00,1.53939561e+04,2.15655898e+04,1.53026260e+04,2.08055908e+03
3.41124129e+00,1.46838418e+04,2.05709531e+04,1.46010312e+04,2.00240369e+03
3.52462745e+00,1.32450781e+04,1.85553809e+04,1.31687568e+04,1.82810645e+03
3.64093208e+00,1.20889111e+04,1.69367012e+04,1.20563555e+04,1.72494080e+03
3.76023054e+00,1.32583486e+04,1.85753262e+04,1.32244170e+04,1.88471692e+03
3.88259912e+00,1.42059834e+04,1.99015801e+04,1.41198486e+04,1.98626917e+03
4.00811720e+00,1.49087383e+04,2.08857188e+04,1.48127793e+04,2.09535376e+03
4.13686609e+00,1.57552861e+04,2.20710430e+04,1.56328701e+04,2.20873901e+03
4.26892853e+00,1.47249062e+04,2.06276387e+04,1.46112646e+04,2.09123389e+03
4.40439081e+00,1.23430488e+04,1.72909102e+04,1.22451904e+04,1.79095667e+03
4.54333878e+00,1.00752754e+04,1.41145576e+04,1.00141064e+04,1.53536230e+03
4.68586397e+00,1.00184551e+04,1.40361074e+04,9.99393359e+03,1.56801062e+03
4.83205652e+00,1.19314844e+04,1.67151113e+04,1.18522412e+04,1.78849756e+03
4.98201227e+00,1.32774277e+04,1.85995430e+04,1.31511855e+04,1.96327649e+03
5.13582754e+00,1.36838516e+04,1.91696211e+04,1.35885625e+04,2.07454590e+03
5.29360199e+00,1.37507500e+04,1.92633555e+04,1.36629307e+04,2.11831421e+03
5.45543718e+00,1.35538555e+04,1.89875352e+04,1.34765645e+04,2.12849927e+03
5.62143755e+00,1.37065605e+04,1.92014512e+04,1.36315479e+04,2.15786475e+03
5.79171038e+00,1.34981641e+04,1.89074238e+04,1.33483428e+04,2.06703027e+03
5.96636629e+00,1.27290410e+04,1.78291680e+04,1.25558291e+04,1.97457043e+03
6.14551687e+00,1.31664707e+04,1.84428750e+04,1.30183955e+04,2.07554150e+03
6.32927942e+00,1.22242842e+04,1.71211211e+04,1.20227314e+04,1.90944214e+03
6.51777077e+00,8.46263770e+03,1.18510605e+04,8.27472949e+03,1.43329468e+03
6.71111441e+00,5.94770703e+03,8.32929395e+03,5.81761914e+03,1.16794006e+03
6.90943432e+00,5.96809424e+03,8.35787793e+03,5.83615723e+03,1.19408484e+03
7.11285782e+00,6.93693164e+03,9.71467480e+03,6.78215430e+03,1.32038171e+03
7.32151794e+00,7.59466602e+03,1.06361914e+04,7.44065527e+03,1.43422571e+03
7.53554821e+00,7.87836133e+03,1.10349590e+04,7.77931885e+03,1.55955688e+03
7.75508738e+00,8.47037207e+03,1.18657793e+04,8.42858008e+03,1.72964233e+03
7.98027754e+00,8.67446582e+03,1.21512725e+04,8.62056250e+03,1.78495142e+03
8.21126270e+00,7.29670312e+03,1.02191006e+04,7.17901221e+03,1.61288281e+03
8.44819450e+00,4.85949268e+03,6.80490186e+03,4.75691602e+03,1.38293237e+03
8.69122219e+00,3.58667896e+03,5.02325684e+03,3.53684082e+03,1.31628943e+03
8.94050789e+00,3.54185083e+03,4.96116602e+03,3.51636938e+03,1.37543909e+03
9.19620800e+00,4.13346436e+03,5.79031787e+03,4.12147461e+03,1.52065063e+03
9.45849037e+00,5.47978955e+03,7.67541455e+03,5.44024219e+03,1.74952002e+03
9.72752285e+00,6.63901660e+03,9.29834668e+03,6.57412500e+03,1.96894543e+03
1.00034800e+01,6.85515918e+03,9.60121094e+03,6.81379395e+03,2.11683276e+03
1.02865391e+01,6.56634326e+03,9.19750781e+03,6.59024365e+03,2.23946338e+03
1.05768833e+01,6.18914600e+03,8.67022070e+03,6.31373340e+03,2.35099683e+03
1.08747025e+01,5.90861377e+03,8.27886816e+03,6.18109668e+03,2.45008203e+03
1.11801853e+01,6.64538379e+03,9.31244824e+03,7.08264697e+03,2.59924390e+03
1.14935322e+01,8.08742578e+03,1.13334785e+04,8.66427441e+03,2.75773779e+03
1.18149433e+01,9.14256055e+03,1.28128105e+04,9.84745215e+03,2.88157812e+03
1.21446266e+01,9.60082910e+03,1.34568633e+04,1.05582832e+04,2.95313379e+03
1.24827967e+01,9.41551660e+03,1.32007891e+04,1.08335332e+04,2.99111719e+03
1.28296700e+01,8.99696484e+03,1.26216201e+04,1.11116094e+04,3.05639819e+03
1.31854706e+01,9.23515430e+03,1.29655098e+04,1.24836133e+04,3.16529419e+03
1.35504293e+01,1.01460508e+04,1.42628633e+04,1.53843086e+04,3.27051074e+03
1.39247818e+01,1.24170439e+04,1.74766875e+04,1.96268164e+04,3.29176953e+03
1.43087692e+01,1.61578770e+04,2.27392500e+04,2.40345215e+04,3.33007080e+03
1.47026405e+01,2.01139883e+04,2.82948848e+04,2.75576445e+04,3.38916113e+03
1.51066484e+01,2.34040156e+04,3.29228555e+04,2.94804453e+04,3.41907202e+03
1.55210552e+01,2.57717695e+04,3.62292656e+04,2.99201211e+04,3.35846826e+03
1.59461288e+01,2.78812871e+04,3.91661016e+04,2.99703359e+04,3.34991113e+03
1.63821430e+01,3.01442695e+04,4.22983828e+04,2.98697500e+04,3.32983179e+03
1.68293781e+01,3.13768203e+04,4.39674609e+04,2.87950938e+04,3.19556714e+03
1.72881241e+01,3.20333047e+04,4.48204297e+04,2.78332637e+04,3.12081738e+03
1.77586803e+01,3.20414395e+04,4.47612852e+04,2.65459219e+04,2.89123779e+03
1.82413464e+01,3.01476562e+04,4.20678672e+04,2.40974531e+04,2.69275830e+03
1.87364349e+01,2.75024082e+04,3.83451719e+04,2.15406758e+04,2.55486572e+03
1.92442665e+01,2.37994414e+04,3.31653555e+04,1.88220762e+04,2.49982617e+03
1.97651691e+01,2.08573125e+04,2.90830996e+04,1.75879414e+04,2.57603564e+03
2.02994785e+01,1.79575098e+04,2.50675645e+04,1.62178516e+04,2.33219629e+03
2.08475418e+01,1.41967012e+04,1.98450742e+04,1.36628066e+04,2.17040723e+03
2.14097099e+01,1.33282500e+04,1.86615605e+04,1.36403457e+04,2.36287085e+03
2.19863453e+01,1.61546484e+04,2.26259531e+04,1.62597441e+04,1.81698682e+03
2.25778236e+01,1.39755527e+04,1.95412656e+04,1.22871641e+04,8.10563721e+02
2.31845264e+01,6.98851953e+03,9.75647656e+03,5.52424219e+03,3.36005157e+02
2.38068466e+01,3.21171533e+03,4.47586816e+03,2.26313501e+03,1.10193085e+02
2.44451809e+01,1.26779932e+03,1.76138208e+03,6.80623840e+02,8.98523521e+00
2.50999470e+01,7.17379578e+02,9.91955383e+02,2.39184540e+02,5.44724707e-03
2.57715645e+01,4.33366150e+02,5.95533752e+02,9.68708954e+01,2.09320546e-03
2.64604683e+01,1.19544762e+02,1.64213760e+02,5.64371872e+01,7.59433897e-04
2.71671047e+01,1.45771484e+02,2.03723953e+02,1.11166168e+02,1.33375492e-04
2.78919277e+01,2.28420349e+02,3.19426147e+02,9.05942535e+01,6.20115388e-05
2.86354065e+01,2.70147736e+02,3.73348969e+02,2.54112263e+01,4.23925630e-05
2.93980217e+01,1.25238419e+02,1.70020660e+02,3.25953770e+00,3.51419112e-05
3.01802654e+01,3.99984818e+01,5.35674820e+01,8.48363459e-01,2.76285937e-05
3.09826431e+01,1.31471958e+01,1.75238724e+01,3.71162623e-01,1.61031367e-05
3.18056717e+01,5.32904673e+00,7.11893082e+00,1.17637709e-01,1.02728127e-05
3.26498833e+01,1.03718972e+00,1.37291563e+00,1.63187906e-02,4.00744966e-06
3.35158234e+01,2.25914359e-01,2.97154754e-01,1.93838822e-03,1.50685435e-06
3.44040565e+01,5.39045520e-02,7.05384761e-02,3.45845678e-04,8.48151274e-07
3.53151436e+01,8.83109029e-03,1.15243169e-02,6.59832222e-05,4.72295426e-07
3.62496834e+01,3.27471877e-03,4.28055413e-03,2.68523381e-05,2.45949508e-07
3.72082787e+01,9.92050627e-04,1.29912142e-03,2.02504762e-05,1.11740903e-07
3.81915474e+01,3.72178474e-04,4.84301854e-04,3.89058732e-06,3.58494816e-08
3.92001228e+01,7.26754151e-05,9.28673689e-05,6.01243357e-07,5.60173286e-09
4.02346535e+01,1.94878667e-05,2.48011056e-05,4.60929670e-07,2.11557860e-09
4.12958107e+01,6.91572382e-07,8.71588895e-07,2.77365348e-08,1.11041482e-10
4.23842850e+01,1.75922423e-07,2.29972670e-07,7.11356041e-09,1.38581716e-11
4.35007744e+01,1.07486898e-07,1.36800253e-07,1.85393212e-09,1.71800005e-11
4.46459999e+01,2.27403008e-09,2.92733482e-09,7.88034638e-11,3.33175084e-13
4.58207016e+01,1.03135792e-10,1.32176770e-10,3.19551135e-12,1.78016561e-14
4.70256386e+01,2.93148578e-12,3.78033195e-12,1.33477796e-13,3.92164396e-16
4.82615852e+01,7.77107260e-14,9.95895125e-14,3.34970212e-15,9.67501464e-18
4.95293465e+01,1.30390272e-15,1.73365939e-15,4.53532542e-17,4.20003438e-19
5.08297386e+01,1.36719762e-17,1.82845263e-17,6.02223882e-19,6.01942724e-21
5.21635971e+01,1.07066665e-19,1.46178544e-19,5.32190275e-21,6.04295600e-23
5.35317917e+01,1.00304878e-21,1.28880131e-21,4.62044667e-23,4.02911250e-25
5.49351997e+01,6.17996789e-23,8.24115730e-23,8.72936123e-25,3.80267048e-27
5.63747253e+01,5.33685307e-25,7.54808640e-25,7.21643254e-27,3.60795621e-29
5.78513031e+01,4.56849534e-27,6.60093691e-27,7.40310739e-29,3.06528725e-31
5.93278885e+01,3.60721924e-29,5.18422545e-29,6.79626447e-31,2.73651118e-33
6.08044662e+01,2.75255191e-31,3.80643385e-31,5.68043208e-33,2.73460308e-35
6.22810478e+01,2.62130612e-33,3.25017943e-33,6.29484973e-35,4.76850657e-37
6.37576256e+01,6.59536245e-35,7.09197897e-35,3.01573169e-36,1.40227937e-38
6.52341995e+01,2.48592590e-36,2.69972037e-36,1.17009823e-37,6.72623263e-40
6.67107849e+01,1.45318855e-37,1.62061569e-37,1.10884747e-38,7.00649232e-42
6.81873703e+01,7.37363252e-39,8.39377780e-39,4.63829792e-40,0.00000000e+00
6.96639481e+01,4.28797330e-40,5.03066149e-40,1.40129846e-42,0.00000000e+00
7.11405258e+01,0.00000000e+00,0.00000000e+00,0.00000000e+00,0.00000000e+00
7.26171036e+01,0.00000000e+00,0.00000000e+00,0.00000000e+00,0.00000000e+00
7.40936813e+01,0.00000000e+00,0.00000000e+00,0.00000000e+00,0.00000000e+00
7.55702591e+01,0.00000000e+00,0.00000000e+00,0.00000000e+00,0.00000000e+00
7.70468445e+01,0.00000000e+00,0.00000000e+00,0.00000000e+00,0.00000000e+00
7.85234222e+01,0.00000000e+00,0.00000000e+00,0.00000000e+00,0.00000000e+00
8.00000000e+01,0.00000000e+00,0.00000000e+00,0.00000000e+00,0.00000000e+00
