Height (km), 7_8 um ash conc (g/kg), 15_6 um ash conc (g/kg), 125 um ash conc (g/kg), 1 mm ash conc (g/kg)
0.00000000e+00,0.00000000e+00,0.00000000e+00,0.00000000e+00,0.00000000e+00
3.99999991e-02,0.00000000e+00,0.00000000e+00,0.00000000e+00,2.73245736e-03
7.99999982e-02,0.00000000e+00,0.00000000e+00,0.00000000e+00,2.38429587e-02
1.19999997e-01,0.00000000e+00,0.00000000e+00,0.00000000e+00,8.86493027e-02
1.59999996e-01,6.58610278e-41,7.70714155e-41,0.00000000e+00,1.89153954e-01
2.00000003e-01,2.33736584e-39,2.74794629e-39,2.80259693e-42,3.61018360e-01
2.39999995e-01,1.26657763e-37,1.43787235e-37,2.42424634e-40,5.88935673e-01
2.80000001e-01,1.59522418e-36,1.75825820e-36,8.27466743e-39,8.62988830e-01
3.19999993e-01,9.41232260e-36,9.61531994e-36,1.59861530e-37,1.19486082e+00
3.60000014e-01,1.09606916e-34,1.33225766e-34,4.20016350e-36,1.50428498e+00
4.00000006e-01,3.01857692e-33,3.78643077e-33,1.02345747e-34,1.77897406e+00
4.39999998e-01,5.43043184e-32,6.60031027e-32,1.45703434e-33,2.06126928e+00
4.79999989e-01,1.09860197e-30,1.28748605e-30,2.22559225e-32,2.35725999e+00
5.19999981e-01,7.09767476e-30,8.12320989e-30,1.65801750e-31,2.67080069e+00
5.60000002e-01,2.04395168e-29,2.33680694e-29,6.07971932e-31,3.04419255e+00
6.00000024e-01,8.41527193e-28,9.25949658e-28,1.05773555e-29,3.30792665e+00
6.41029537e-01,6.26285917e-27,6.97915258e-27,1.10203553e-28,3.70230579e+00
6.83115125e-01,3.40993200e-26,3.70557796e-26,5.89688741e-28,4.19244385e+00
7.26283848e-01,6.32312395e-25,6.80501739e-25,7.22935553e-27,4.52909946e+00
7.70563781e-01,2.75624411e-24,3.08764852e-24,7.01927940e-26,5.06687784e+00
8.15983355e-01,2.06315636e-23,2.17516262e-23,3.18525615e-25,5.43851995e+00
8.62571895e-01,1.73916806e-22,1.70092674e-22,2.87858263e-24,5.96372414e+00
9.10359621e-01,1.01671130e-21,1.12730642e-21,2.18386975e-23,6.03230906e+00
9.59377348e-01,1.74751776e-20,1.71722356e-20,1.41831170e-22,7.02522755e+00
1.00965667e+00,6.38518163e-20,7.00892234e-20,1.26882872e-21,7.47177362e+00
1.06123006e+00,8.63959131e-19,8.86811753e-19,7.17889536e-21,8.63096046e+00
1.11413085e+00,1.22305833e-17,1.21288848e-17,6.64433086e-20,8.80381298e+00
1.16839325e+00,1.39319053e-16,1.32043741e-16,9.31037274e-19,9.68668175e+00
1.22405231e+00,2.13288317e-15,1.74097119e-15,1.25180021e-17,1.00145769e+01
1.28114390e+00,4.39645268e-14,3.24354869e-14,1.31097698e-16,1.18152943e+01
1.33970511e+00,3.15839558e-13,2.52155528e-13,1.51208542e-15,1.12200174e+01
1.39977336e+00,2.01314551e+04,2.82003320e+04,1.99455156e+04,2.08773389e+03
1.46138775e+00,2.48379297e+04,3.47742031e+04,2.33907539e+04,1.93536804e+03
1.52458799e+00,1.50294541e+04,2.10392695e+04,1.41515273e+04,1.26058008e+03
1.58941495e+00,1.38575977e+04,1.94038203e+04,1.32955430e+04,1.33611414e+03
1.65591037e+00,1.31773350e+04,1.84533008e+04,1.27462676e+04,1.35551782e+03
1.72411728e+00,1.24830977e+04,1.74821973e+04,1.21312227e+04,1.33720361e+03
1.79407966e+00,1.17432363e+04,1.64468926e+04,1.14564277e+04,1.30716895e+03
1.86584306e+00,1.12258477e+04,1.57233613e+04,1.10056816e+04,1.30935791e+03
1.93945324e+00,1.11345645e+04,1.55969072e+04,1.09855430e+04,1.37223535e+03
2.01495814e+00,1.15968535e+04,1.62461836e+04,1.15298906e+04,1.52048511e+03
2.09240627e+00,1.28357578e+04,1.79837969e+04,1.28682568e+04,1.78520386e+03
2.17184782e+00,1.47678672e+04,2.06925508e+04,1.49075996e+04,2.14870093e+03
2.25333428e+00,1.70079980e+04,2.38323535e+04,1.72381016e+04,2.52241016e+03
2.33691788e+00,1.90149004e+04,2.66444102e+04,1.92854922e+04,2.80713086e+03
2.42265272e+00,2.02631934e+04,2.83923633e+04,2.05000391e+04,2.90491260e+03
2.51059437e+00,2.04439043e+04,2.86434883e+04,2.05747383e+04,2.79915771e+03
2.60079956e+00,1.95809180e+04,2.74319062e+04,1.95693438e+04,2.53760376e+03
2.69332647e+00,1.80117852e+04,2.52312969e+04,1.78686797e+04,2.21310962e+03
2.78823495e+00,1.61290020e+04,2.25920293e+04,1.58947441e+04,1.89909082e+03
2.88558602e+00,1.42235811e+04,1.99219043e+04,1.39455176e+04,1.62796741e+03
2.98544264e+00,1.24970703e+04,1.75031523e+04,1.22148174e+04,1.41851294e+03
3.08786964e+00,1.10675518e+04,1.55009600e+04,1.08070801e+04,1.26258691e+03
3.19293284e+00,9.97444824e+03,1.39703389e+04,9.75010352e+03,1.16555664e+03
3.30070019e+00,9.22585156e+03,1.29225049e+04,9.04509277e+03,1.11459717e+03
3.41124129e+00,8.82496289e+03,1.23618711e+04,8.69179395e+03,1.11520801e+03
3.52462745e+00,8.76515527e+03,1.22791367e+04,8.68286426e+03,1.16219385e+03
3.64093208e+00,9.05328125e+03,1.26839043e+04,9.02555176e+03,1.26128027e+03
3.76023054e+00,9.70506250e+03,1.35981709e+04,9.73591309e+03,1.41449414e+03
3.88259912e+00,1.07398301e+04,1.50490381e+04,1.08346855e+04,1.62352808e+03
4.00811720e+00,1.21644727e+04,1.70461172e+04,1.23283887e+04,1.89506067e+03
4.13686609e+00,1.39498574e+04,1.95485469e+04,1.41869365e+04,2.21679834e+03
4.26892853e+00,1.60172480e+04,2.24459062e+04,1.63284883e+04,2.58174512e+03
4.40439081e+00,1.81688340e+04,2.54608418e+04,1.85416113e+04,2.94251953e+03
4.54333878e+00,2.00476699e+04,2.80930391e+04,2.04516289e+04,3.22873804e+03
4.68586397e+00,2.13315918e+04,2.98910508e+04,2.17217969e+04,3.37643481e+03
4.83205652e+00,2.18059727e+04,3.05541270e+04,2.21251094e+04,3.35927930e+03
4.98201227e+00,2.13258516e+04,2.98794336e+04,2.15284648e+04,3.18057861e+03
5.13582754e+00,2.01688359e+04,2.82564473e+04,2.02443809e+04,2.91040723e+03
5.29360199e+00,1.88101016e+04,2.63511797e+04,1.87714805e+04,2.65059229e+03
5.45543718e+00,1.73794551e+04,2.43457441e+04,1.72587695e+04,2.42321265e+03
5.62143755e+00,1.60096328e+04,2.24260508e+04,1.58391562e+04,2.24932471e+03
5.79171038e+00,1.48096807e+04,2.07447871e+04,1.46188125e+04,2.13073877e+03
5.96636629e+00,1.38632393e+04,1.94191914e+04,1.36813398e+04,2.07697949e+03
6.14551687e+00,1.32113730e+04,1.85062734e+04,1.30415254e+04,2.06727148e+03
6.32927942e+00,1.25403535e+04,1.75668516e+04,1.24029609e+04,2.07643506e+03
6.51777077e+00,1.22975098e+04,1.72276465e+04,1.22111699e+04,2.15295654e+03
6.71111441e+00,1.23091074e+04,1.72443867e+04,1.22527744e+04,2.24806152e+03
6.90943432e+00,1.23225137e+04,1.72645039e+04,1.23380576e+04,2.37503662e+03
7.11285782e+00,1.32548643e+04,1.85716719e+04,1.33227998e+04,2.59155151e+03
7.32151794e+00,1.39618965e+04,1.95625586e+04,1.40586943e+04,2.75076196e+03
7.53554821e+00,1.47352432e+04,2.06469902e+04,1.48916543e+04,2.93919678e+03
7.75508738e+00,1.61573525e+04,2.26403184e+04,1.63724199e+04,3.20354126e+03
7.98027754e+00,1.81962266e+04,2.54973320e+04,1.84523633e+04,3.52070068e+03
8.21126270e+00,1.96514395e+04,2.75349648e+04,1.98712617e+04,3.67875049e+03
8.44819450e+00,1.80985781e+04,2.53580898e+04,1.82562637e+04,3.41792822e+03
8.69122219e+00,1.72074590e+04,2.41092988e+04,1.73371445e+04,3.28420117e+03
8.94050789e+00,1.77860391e+04,2.49183730e+04,1.78315801e+04,3.33956055e+03
9.19620800e+00,1.78363789e+04,2.49873828e+04,1.77948398e+04,3.37197266e+03
9.45849037e+00,1.69072852e+04,2.36846758e+04,1.68063945e+04,3.33567896e+03
9.72752285e+00,1.53962217e+04,2.15669805e+04,1.52624141e+04,3.27702295e+03
1.00034800e+01,1.36760283e+04,1.91584434e+04,1.36125078e+04,3.28245020e+03
1.02865391e+01,1.39512588e+04,1.95453770e+04,1.39557812e+04,3.50163525e+03
1.05768833e+01,1.45383018e+04,2.03668867e+04,1.45207637e+04,3.64145190e+03
1.08747025e+01,1.32457383e+04,1.85578965e+04,1.33169648e+04,3.58080322e+03
1.11801853e+01,1.37204551e+04,1.92274297e+04,1.39737539e+04,3.76527588e+03
1.14935322e+01,1.60639980e+04,2.25129609e+04,1.64240430e+04,4.07034766e+03
1.18149433e+01,1.49568828e+04,2.09644883e+04,1.54667637e+04,3.97223779e+03
1.21446266e+01,1.71619062e+04,2.40589492e+04,1.79789062e+04,4.42299854e+03
1.24827967e+01,2.60184473e+04,3.64680469e+04,2.70157969e+04,5.61835352e+03
1.28296700e+01,3.23895273e+04,4.53862852e+04,3.31918867e+04,6.19999121e+03
1.31854706e+01,2.90248008e+04,4.06633750e+04,2.95915547e+04,5.47691357e+03
1.35504293e+01,2.09945703e+04,2.94138418e+04,2.19522129e+04,4.48654590e+03
1.39247818e+01,1.55296631e+04,2.17704551e+04,1.74400312e+04,4.01350293e+03
1.43087692e+01,1.37227090e+04,1.92572344e+04,1.66476348e+04,4.02327441e+03
1.47026405e+01,1.39818301e+04,1.96338672e+04,1.79386172e+04,4.19452637e+03
1.51066484e+01,1.46468242e+04,2.05803633e+04,2.00993379e+04,4.33128955e+03
1.55210552e+01,1.66052227e+04,2.33370605e+04,2.36987871e+04,4.62281006e+03
1.59461288e+01,2.00356836e+04,2.81689238e+04,2.89588105e+04,5.02211963e+03
1.63821430e+01,2.41416484e+04,3.39765703e+04,3.47898867e+04,5.23355615e+03
1.68293781e+01,3.10231152e+04,4.36558711e+04,4.12667500e+04,5.52855469e+03
1.72881241e+01,3.81970273e+04,5.37207109e+04,4.77834609e+04,5.86856787e+03
1.77586803e+01,4.57336328e+04,6.42710586e+04,5.20911367e+04,6.06030322e+03
1.82413464e+01,5.22691562e+04,7.33374453e+04,5.40755000e+04,6.12839209e+03
1.87364349e+01,5.51938672e+04,7.73635156e+04,5.43799219e+04,5.97303418e+03
1.92442665e+01,5.73458164e+04,8.03446094e+04,5.37835391e+04,5.88188672e+03
1.97651691e+01,6.37324531e+04,8.92177031e+04,5.64484375e+04,6.19150000e+03
2.02994785e+01,6.45146719e+04,9.02045234e+04,5.47373633e+04,6.00266162e+03
2.08475418e+01,5.56511328e+04,7.77303516e+04,4.61829922e+04,5.38105664e+03
2.14097099e+01,4.57778320e+04,6.39240391e+04,3.97900977e+04,5.10026270e+03
2.19863453e+01,4.25179922e+04,5.94230273e+04,3.86291641e+04,4.41943066e+03
2.25778236e+01,4.01966680e+04,5.61900547e+04,3.58715312e+04,3.81284570e+03
2.31845264e+01,3.84987422e+04,5.38339688e+04,3.43032695e+04,3.91851172e+03
2.38068466e+01,3.98589688e+04,5.57672461e+04,3.65262188e+04,4.29633887e+03
2.44451809e+01,3.60272148e+04,5.03856445e+04,3.22187344e+04,3.32351807e+03
2.50999470e+01,3.11020977e+04,4.34957617e+04,2.80649941e+04,2.86640503e+03
2.57715645e+01,2.61216406e+04,3.65318203e+04,2.30611133e+04,1.66807751e+03
2.64604683e+01,1.85683535e+04,2.59462188e+04,1.54224824e+04,1.00370264e+03
2.71671047e+01,1.61904404e+04,2.26223828e+04,1.40157871e+04,9.83661316e+02
2.78919277e+01,1.04872383e+04,1.46348760e+04,8.10391504e+03,1.30693771e+02
2.86354065e+01,3.36207861e+03,4.66917236e+03,1.75087329e+03,9.78780150e-01
2.93980217e+01,2.15698730e+03,2.98864062e+03,1.10898633e+03,2.78122962e-01
3.01802654e+01,1.22767017e+03,1.70048462e+03,5.76471008e+02,3.83450180e-01
3.09826431e+01,8.33748047e+02,1.15507947e+03,3.90839569e+02,7.44494423e-02
3.18056717e+01,4.87643829e+02,6.75478760e+02,2.11399231e+02,6.98619848e-03
3.26498833e+01,2.77163635e+02,3.84214661e+02,9.75904236e+01,3.94085515e-03
3.35158234e+01,1.12646622e+02,1.55428467e+02,2.47293472e+01,5.18009416e-04
3.44040565e+01,4.41612930e+01,6.03881760e+01,4.43877506e+00,1.57407616e-04
3.53151436e+01,2.06519470e+01,2.81195774e+01,2.16169381e+00,8.80716907e-05
3.62496834e+01,1.53256588e+01,2.08907452e+01,2.51041508e+00,5.46192041e-06
3.72082787e+01,5.72878027e+00,7.75332308e+00,7.89383888e-01,2.27616351e-06
3.81915474e+01,7.07012296e-01,9.25762117e-01,4.86701401e-03,6.27666964e-07
3.92001228e+01,1.33914709e-01,1.73758000e-01,6.21457933e-04,1.94677114e-07
4.02346535e+01,5.26947305e-02,6.89847991e-02,8.74497462e-04,7.14733872e-08
4.12958107e+01,6.57506799e-03,8.55147932e-03,6.40932776e-05,1.54754431e-08
4.23842850e+01,1.81874679e-03,2.40062061e-03,2.04951812e-05,3.18304849e-09
4.35007744e+01,3.46619840e-04,4.51944332e-04,1.25860049e-06,2.92486285e-10
4.46459999e+01,1.88184131e-05,2.35375010e-05,2.80706843e-07,3.30460312e-11
4.58207016e+01,5.15175543e-06,6.67717813e-06,1.49806596e-07,2.26942701e-11
4.70256386e+01,3.79551999e-08,4.97907919e-08,1.27573330e-09,5.76730571e-14
4.82615852e+01,8.87254643e-08,1.14126770e-07,1.02235775e-09,1.91951882e-13
4.95293465e+01,1.35059319e-09,1.73038250e-09,2.07256417e-11,5.82638304e-15
5.08297386e+01,1.39627643e-10,1.81555285e-10,2.60188334e-12,1.32604596e-16
5.21635971e+01,5.96885388e-12,7.59175882e-12,7.86354963e-14,6.61891687e-18
5.35317917e+01,1.23370877e-13,1.60221066e-13,2.71436938e-15,2.73451331e-19
5.49351997e+01,4.08338236e-15,5.27138461e-15,7.30155387e-18,7.22064859e-21
5.63747253e+01,7.11641596e-18,8.37733038e-18,3.53588279e-18,1.26642379e-22
5.78513031e+01,3.25978169e-18,3.38177904e-18,2.43337488e-20,3.38260637e-24
5.93278885e+01,6.78678428e-20,1.36269398e-19,1.43238561e-21,4.96655394e-26
6.08044662e+01,1.45448412e-21,1.57716585e-21,3.84302425e-23,1.74905196e-27
6.22810478e+01,6.36578754e-23,1.37514536e-22,9.14700391e-25,3.62403441e-29
6.37576256e+01,9.23772686e-25,9.97125509e-25,3.01307395e-26,1.26492446e-30
6.52341995e+01,4.35424349e-26,8.61210790e-26,5.48826575e-28,2.14862941e-32
6.67107849e+01,1.14671256e-27,1.58474414e-27,3.84593645e-29,1.17771952e-33
6.81873703e+01,7.35664313e-29,1.65371479e-28,1.44160934e-30,4.64005101e-35
6.96639481e+01,1.91408999e-30,3.20737452e-30,8.10179447e-32,2.08255642e-36
7.11405258e+01,1.00434966e-31,2.66150729e-31,2.67409059e-33,8.32399314e-38
7.26171036e+01,2.53381738e-33,4.26794669e-33,1.52910452e-34,4.73078362e-39
7.40936813e+01,1.48496115e-34,4.57796091e-34,5.87264752e-36,1.96181785e-40
7.55702591e+01,4.77435956e-36,8.42675912e-36,3.35943079e-37,2.80259693e-42
7.70468445e+01,2.41389086e-37,6.22316558e-37,1.41643249e-38,0.00000000e+00
7.85234222e+01,6.12087169e-39,1.12145916e-38,3.96567465e-40,0.00000000e+00
8.00000000e+01,2.86005017e-39,5.57716789e-39,2.27010351e-40,0.00000000e+00
