Height (km), 7_8 um ash conc (g/kg), 15_6 um ash conc (g/kg), 125 um ash conc (g/kg), 1 mm ash conc (g/kg)
0.00000000e+00,0.00000000e+00,0.00000000e+00,0.00000000e+00,0.00000000e+00
3.99999991e-02,4.93463187e-04,9.34355252e-04,1.33111253e-01,1.63762608e+01
7.99999982e-02,1.16742810e-03,2.17727805e-03,1.48767546e-01,1.69324646e+01
1.19999997e-01,2.13734014e-03,3.84906447e-03,1.59285530e-01,1.71269207e+01
1.59999996e-01,3.95583687e-03,6.67282706e-03,1.69022739e-01,1.75391560e+01
2.00000003e-01,5.92074310e-03,9.67494491e-03,1.80102482e-01,1.78122330e+01
2.39999995e-01,1.10053215e-02,1.68799646e-02,1.90918595e-01,1.81060410e+01
2.80000001e-01,1.62549801e-02,2.42088549e-02,2.05516607e-01,1.84061260e+01
3.19999993e-01,2.45871656e-02,3.56850401e-02,2.21475184e-01,1.87183018e+01
3.60000014e-01,3.16425711e-02,4.54498865e-02,2.38491923e-01,1.90163593e+01
4.00000006e-01,4.14332338e-02,5.89032620e-02,2.56154001e-01,1.94072132e+01
4.39999998e-01,4.79072593e-02,6.82785138e-02,2.72449881e-01,1.99186058e+01
4.79999989e-01,5.83257899e-02,8.30382034e-02,2.86576331e-01,2.02889366e+01
5.19999981e-01,6.59888163e-02,9.42632258e-02,3.04358006e-01,2.09620094e+01
5.60000002e-01,7.66638294e-02,1.09309547e-01,3.17446530e-01,2.11746387e+01
6.00000024e-01,8.41768309e-02,1.20219864e-01,3.39200824e-01,2.18531475e+01
6.41029537e-01,9.43920761e-02,1.34064496e-01,3.57637286e-01,2.25450974e+01
6.83115125e-01,9.91871059e-02,1.40487015e-01,3.79936516e-01,2.36509781e+01
7.26283848e-01,1.06392041e-01,1.50145173e-01,4.06960905e-01,2.37616768e+01
7.70563781e-01,1.13685600e-01,1.59915850e-01,4.34512228e-01,2.45266209e+01
8.15983355e-01,1.23175099e-01,1.72372505e-01,4.60287809e-01,2.52521782e+01
8.62571895e-01,1.25634283e-01,1.75278127e-01,4.82310444e-01,2.63184109e+01
9.10359621e-01,1.33967653e-01,1.86308444e-01,5.06601274e-01,2.73449726e+01
9.59377348e-01,1.35275796e-01,1.87845260e-01,5.29488802e-01,2.85709877e+01
1.00965667e+00,1.42158538e-01,1.97278947e-01,5.60125351e-01,2.91117420e+01
1.06123006e+00,1.50763884e-01,2.09371433e-01,5.96248388e-01,3.10063686e+01
1.11413085e+00,1.58973873e-01,2.21023902e-01,6.38817608e-01,3.15789375e+01
1.16839325e+00,1.67527586e-01,2.33419642e-01,6.86892748e-01,3.37198982e+01
1.22405231e+00,1.74568787e-01,2.43972436e-01,7.42037773e-01,3.43194199e+01
1.28114390e+00,1.87533841e-01,2.63418376e-01,8.15765440e-01,3.59916267e+01
1.33970511e+00,2.07784534e-01,2.93413818e-01,8.97002578e-01,3.55374107e+01
1.39977336e+00,1.83362285e+04,2.56664844e+04,1.69266406e+04,9.30426819e+02
1.46138775e+00,1.88230117e+04,2.63314902e+04,1.65658047e+04,1.10477222e+03
1.52458799e+00,1.89522500e+04,2.65152539e+04,1.68548945e+04,1.29640918e+03
1.58941495e+00,1.82208418e+04,2.54984766e+04,1.65200078e+04,1.42467078e+03
1.65591037e+00,1.79163945e+04,2.50749551e+04,1.63670566e+04,1.47421960e+03
1.72411728e+00,1.75814766e+04,2.46074102e+04,1.61161025e+04,1.49393030e+03
1.79407966e+00,1.72052441e+04,2.40813047e+04,1.57908828e+04,1.48916614e+03
1.86584306e+00,1.67524824e+04,2.34477422e+04,1.53791211e+04,1.46912170e+03
1.93945324e+00,1.63011582e+04,2.28160371e+04,1.49649111e+04,1.44592651e+03
2.01495814e+00,1.58825576e+04,2.22296660e+04,1.45655820e+04,1.41577185e+03
2.09240627e+00,1.53695586e+04,2.15109727e+04,1.40678125e+04,1.37368274e+03
2.17184782e+00,1.46594707e+04,2.05164512e+04,1.33920693e+04,1.31420715e+03
2.25333428e+00,1.37195547e+04,1.92005625e+04,1.25203311e+04,1.24075635e+03
2.33691788e+00,1.26464834e+04,1.76987266e+04,1.15455195e+04,1.16278027e+03
2.42265272e+00,1.16086855e+04,1.62465332e+04,1.06140156e+04,1.08708899e+03
2.51059437e+00,1.06930029e+04,1.49654395e+04,9.79898926e+03,1.02580957e+03
2.60079956e+00,9.91143457e+03,1.38721553e+04,9.11061426e+03,9.72508301e+02
2.69332647e+00,9.26579297e+03,1.29689785e+04,8.54054590e+03,9.29702026e+02
2.78823495e+00,8.71774219e+03,1.22022969e+04,8.05580811e+03,8.93818298e+02
2.88558602e+00,8.23566992e+03,1.15278447e+04,7.62597803e+03,8.55539368e+02
2.98544264e+00,7.76968799e+03,1.08759033e+04,7.21021533e+03,8.27363586e+02
3.08786964e+00,7.29807715e+03,1.02161406e+04,6.79098828e+03,7.86895447e+02
3.19293284e+00,6.82428711e+03,9.55338086e+03,6.37033887e+03,7.52924377e+02
3.30070019e+00,6.42226270e+03,8.99090918e+03,6.01004395e+03,7.16569641e+02
3.41124129e+00,6.12450830e+03,8.57402344e+03,5.73475684e+03,6.90420898e+02
3.52462745e+00,5.86946680e+03,8.21696289e+03,5.49834229e+03,6.67958862e+02
3.64093208e+00,5.50489160e+03,7.70692480e+03,5.17158643e+03,6.39998047e+02
3.76023054e+00,5.04092090e+03,7.05811768e+03,4.76183301e+03,6.02096802e+02
3.88259912e+00,4.70894434e+03,6.59364062e+03,4.46302637e+03,5.74914917e+02
4.00811720e+00,4.58170020e+03,6.41536328e+03,4.34037939e+03,5.54289124e+02
4.13686609e+00,4.57398779e+03,6.40426367e+03,4.32591260e+03,5.55873901e+02
4.26892853e+00,4.54102002e+03,6.35809229e+03,4.29849268e+03,5.54378967e+02
4.40439081e+00,4.41906152e+03,6.18745215e+03,4.19365527e+03,5.47884583e+02
4.54333878e+00,4.18142090e+03,5.85493604e+03,3.98133838e+03,5.29010803e+02
4.68586397e+00,3.86510938e+03,5.41236230e+03,3.69654346e+03,4.97510651e+02
4.83205652e+00,3.53081445e+03,4.94467480e+03,3.39563135e+03,4.70824219e+02
4.98201227e+00,3.24367529e+03,4.54307227e+03,3.14045654e+03,4.44203003e+02
5.13582754e+00,3.15588940e+03,4.42004102e+03,3.05506494e+03,4.36494507e+02
5.29360199e+00,3.21417700e+03,4.50099316e+03,3.09332397e+03,4.33564087e+02
5.45543718e+00,3.23772754e+03,4.53397949e+03,3.12251416e+03,4.49079132e+02
5.62143755e+00,3.18175000e+03,4.45622900e+03,3.09685547e+03,4.53877472e+02
5.79171038e+00,2.99654321e+03,4.19764844e+03,2.95274219e+03,4.49207947e+02
5.96636629e+00,2.82117139e+03,3.95221899e+03,2.79813721e+03,4.29872314e+02
6.14551687e+00,2.78055835e+03,3.89470728e+03,2.75361108e+03,4.31345215e+02
6.32927942e+00,2.79528101e+03,3.91555225e+03,2.79152637e+03,4.46817352e+02
6.51777077e+00,2.82774414e+03,3.96186792e+03,2.86565015e+03,4.75011078e+02
6.71111441e+00,2.70597363e+03,3.79190308e+03,2.78904321e+03,4.75051971e+02
6.90943432e+00,2.46130347e+03,3.45009595e+03,2.61230933e+03,4.62589935e+02
7.11285782e+00,2.34248730e+03,3.28477222e+03,2.56690723e+03,4.62926727e+02
7.32151794e+00,2.35009448e+03,3.29675708e+03,2.65302954e+03,4.65474457e+02
7.53554821e+00,2.40245386e+03,3.37221875e+03,2.80203564e+03,4.79945648e+02
7.75508738e+00,2.48156592e+03,3.48513794e+03,2.97296460e+03,4.88463165e+02
7.98027754e+00,2.52863086e+03,3.55222607e+03,3.10379785e+03,4.88689362e+02
8.21126270e+00,2.49252856e+03,3.50262158e+03,3.19116821e+03,4.78949066e+02
8.44819450e+00,2.43480151e+03,3.42293799e+03,3.26366992e+03,4.59788177e+02
8.69122219e+00,2.42956030e+03,3.41671973e+03,3.41430396e+03,4.51625580e+02
8.94050789e+00,2.50978320e+03,3.53060474e+03,3.74411597e+03,4.59281372e+02
9.19620800e+00,2.66666602e+03,3.75205981e+03,4.20540576e+03,4.61762390e+02
9.45849037e+00,2.70366821e+03,3.80445435e+03,4.56506934e+03,4.51018616e+02
9.72752285e+00,2.63232031e+03,3.70876562e+03,4.76035986e+03,4.34327057e+02
1.00034800e+01,2.65333496e+03,3.74651392e+03,4.86523682e+03,4.30286346e+02
1.02865391e+01,2.82990112e+03,4.00297290e+03,4.94126758e+03,4.25742035e+02
1.05768833e+01,3.02537329e+03,4.28732764e+03,4.95735059e+03,4.06452576e+02
1.08747025e+01,3.13230762e+03,4.43848389e+03,4.87638574e+03,3.74349457e+02
1.11801853e+01,3.20947192e+03,4.55446924e+03,4.85119629e+03,3.38566498e+02
1.14935322e+01,3.56740015e+03,5.08031641e+03,4.95894971e+03,3.11935822e+02
1.18149433e+01,4.13282617e+03,5.90236035e+03,4.96243506e+03,2.87409180e+02
1.21446266e+01,4.79812207e+03,6.86360596e+03,4.85776270e+03,2.61684601e+02
1.24827967e+01,5.56305029e+03,7.95048340e+03,4.57290723e+03,2.39581024e+02
1.28296700e+01,6.37552783e+03,9.06597266e+03,4.08473193e+03,2.20177429e+02
1.31854706e+01,7.00739453e+03,9.87343262e+03,3.58989380e+03,1.99528015e+02
1.35504293e+01,7.04433057e+03,9.83547852e+03,3.13252490e+03,1.75253479e+02
1.39247818e+01,6.82097510e+03,9.46621289e+03,2.70012964e+03,1.45391724e+02
1.43087692e+01,6.35882520e+03,8.77960645e+03,2.30456982e+03,1.17825722e+02
1.47026405e+01,5.69279102e+03,7.79795020e+03,1.97548743e+03,9.90524902e+01
1.51066484e+01,4.71955029e+03,6.40446631e+03,1.67046301e+03,8.92722015e+01
1.55210552e+01,3.62647461e+03,4.92134717e+03,1.49907056e+03,8.74451523e+01
1.59461288e+01,2.92022925e+03,3.99249609e+03,1.45463623e+03,8.90151215e+01
1.63821430e+01,2.48611353e+03,3.42045142e+03,1.41919165e+03,8.64475174e+01
1.68293781e+01,1.99919434e+03,2.76257080e+03,1.24871179e+03,6.88474503e+01
1.72881241e+01,1.41711145e+03,1.96271118e+03,8.97470886e+02,3.97145424e+01
1.77586803e+01,9.18014160e+02,1.27207617e+03,5.61558289e+02,1.95350971e+01
1.82413464e+01,5.92554810e+02,8.20917603e+02,3.48933960e+02,1.01602812e+01
1.87364349e+01,3.51114075e+02,4.85907990e+02,1.89201431e+02,3.29895687e+00
1.92442665e+01,1.37229523e+02,1.88684998e+02,4.96947899e+01,1.18585370e-01
1.97651691e+01,3.41726532e+01,4.60457115e+01,2.44250989e+00,3.29554197e-04
2.02994785e+01,1.42489777e+01,1.89163589e+01,3.41847986e-01,2.94945312e-05
2.08475418e+01,7.31429386e+00,9.64491272e+00,1.28048196e-01,9.34286618e-07
2.14097099e+01,3.00695229e+00,3.93482757e+00,3.60784270e-02,4.25816495e-07
2.19863453e+01,9.04463947e-01,1.17259765e+00,8.12520832e-03,1.76455003e-07
2.25778236e+01,2.01699376e-01,2.59040892e-01,1.41699170e-03,6.30967705e-08
2.31845264e+01,3.81711759e-02,4.88637313e-02,1.60679701e-04,1.65423213e-08
2.38068466e+01,5.30423224e-03,6.68505067e-03,1.08368849e-05,3.14307047e-09
2.44451809e+01,4.36361646e-04,5.26869320e-04,2.39817098e-07,4.62364119e-10
2.50999470e+01,2.35306434e-05,2.66776333e-05,2.87440507e-08,4.08758756e-11
2.57715645e+01,1.33399340e-06,1.52357404e-06,3.11870663e-09,4.14671292e-12
2.64604683e+01,1.65314077e-07,2.02171663e-07,3.78363924e-10,8.73298124e-13
2.71671047e+01,2.79909305e-08,3.49314320e-08,3.14036470e-11,9.35587328e-14
2.78919277e+01,3.81066068e-09,4.77857443e-09,3.01948527e-12,5.17705224e-15
2.86354065e+01,4.21270435e-10,5.33952604e-10,3.37640208e-13,3.96901401e-16
2.93980217e+01,2.09380117e-11,2.64193407e-11,4.12385715e-14,2.11480585e-17
3.01802654e+01,5.77736779e-14,6.89135028e-14,1.27226498e-15,8.04768102e-19
3.09826431e+01,3.61002816e-15,4.30837337e-15,3.09505111e-17,2.23878985e-20
3.18056717e+01,1.77622637e-16,2.11464038e-16,1.03197306e-18,3.30571670e-22
3.26498833e+01,3.76055332e-18,4.49832108e-18,3.08058927e-20,4.48678918e-24
3.35158234e+01,3.62048068e-21,3.87826134e-21,4.31442481e-23,5.19449576e-27
3.44040565e+01,8.92997487e-23,9.40546614e-23,2.98825367e-25,2.70124771e-28
3.53151436e+01,3.36997040e-24,3.18406488e-24,3.30845090e-26,8.67853674e-30
3.62496834e+01,3.36638903e-26,3.84474812e-26,1.68300361e-28,1.02735561e-31
3.72082787e+01,2.41735553e-28,2.95803484e-28,5.36061309e-30,2.74789115e-34
3.81915474e+01,9.51509639e-31,1.15834173e-30,4.77262197e-32,3.17878238e-36
3.92001228e+01,6.52628704e-32,7.55703807e-32,9.41774391e-34,6.12409468e-38
4.02346535e+01,1.48140654e-34,1.87406780e-34,1.38497892e-36,3.92363570e-40
4.12958107e+01,1.53584335e-35,1.62207602e-35,5.05739826e-37,9.80908925e-42
4.23842850e+01,2.46992867e-38,6.16781519e-38,4.10580450e-40,0.00000000e+00
4.35007744e+01,2.58819826e-39,2.42424634e-39,8.68805048e-41,0.00000000e+00
4.46459999e+01,2.80259693e-41,2.80259693e-41,0.00000000e+00,0.00000000e+00
4.58207016e+01,0.00000000e+00,0.00000000e+00,0.00000000e+00,0.00000000e+00
4.70256386e+01,0.00000000e+00,0.00000000e+00,0.00000000e+00,0.00000000e+00
4.82615852e+01,0.00000000e+00,0.00000000e+00,0.00000000e+00,0.00000000e+00
4.95293465e+01,0.00000000e+00,0.00000000e+00,0.00000000e+00,0.00000000e+00
5.08297386e+01,0.00000000e+00,0.00000000e+00,0.00000000e+00,0.00000000e+00
5.21635971e+01,0.00000000e+00,0.00000000e+00,0.00000000e+00,0.00000000e+00
5.35317917e+01,0.00000000e+00,0.00000000e+00,0.00000000e+00,0.00000000e+00
5.49351997e+01,0.00000000e+00,0.00000000e+00,0.00000000e+00,0.00000000e+00
5.63747253e+01,0.00000000e+00,0.00000000e+00,0.00000000e+00,0.00000000e+00
5.78513031e+01,0.00000000e+00,0.00000000e+00,0.00000000e+00,0.00000000e+00
5.93278885e+01,0.00000000e+00,0.00000000e+00,0.00000000e+00,0.00000000e+00
6.08044662e+01,0.00000000e+00,0.00000000e+00,0.00000000e+00,0.00000000e+00
6.22810478e+01,0.00000000e+00,0.00000000e+00,0.00000000e+00,0.00000000e+00
6.37576256e+01,0.00000000e+00,0.00000000e+00,0.00000000e+00,0.00000000e+00
6.52341995e+01,0.00000000e+00,0.00000000e+00,0.00000000e+00,0.00000000e+00
6.67107849e+01,0.00000000e+00,0.00000000e+00,0.00000000e+00,0.00000000e+00
6.81873703e+01,0.00000000e+00,0.00000000e+00,0.00000000e+00,0.00000000e+00
6.96639481e+01,0.00000000e+00,0.00000000e+00,0.00000000e+00,0.00000000e+00
7.11405258e+01,0.00000000e+00,0.00000000e+00,0.00000000e+00,0.00000000e+00
7.26171036e+01,0.00000000e+00,0.00000000e+00,0.00000000e+00,0.00000000e+00
7.40936813e+01,0.00000000e+00,0.00000000e+00,0.00000000e+00,0.00000000e+00
7.55702591e+01,0.00000000e+00,0.00000000e+00,0.00000000e+00,0.00000000e+00
7.70468445e+01,0.00000000e+00,0.00000000e+00,0.00000000e+00,0.00000000e+00
7.85234222e+01,0.00000000e+00,0.00000000e+00,0.00000000e+00,0.00000000e+00
8.00000000e+01,0.00000000e+00,0.00000000e+00,0.00000000e+00,0.00000000e+00
