Height (km), 7_8 um ash conc (g/kg), 15_6 um ash conc (g/kg), 125 um ash conc (g/kg), 1 mm ash conc (g/kg)
0.00000000e+00,0.00000000e+00,0.00000000e+00,0.00000000e+00,0.00000000e+00
3.99999991e-02,2.14522734e-04,3.39269289e-04,5.60454186e-03,3.03175330e-01
7.99999982e-02,4.78933507e-04,7.58078299e-04,8.29452462e-03,4.37437057e-01
1.19999997e-01,3.56210698e-03,5.34875039e-03,1.93515439e-02,5.07342815e-01
1.59999996e-01,1.32735772e-02,1.92715414e-02,3.51071246e-02,5.81259668e-01
2.00000003e-01,1.87000316e-02,2.64239889e-02,3.85194086e-02,6.08335078e-01
2.39999995e-01,3.25426944e-02,4.54589054e-02,5.04264086e-02,6.62011147e-01
2.80000001e-01,3.91980074e-02,5.41144684e-02,5.61919957e-02,6.92958355e-01
3.19999993e-01,4.94573563e-02,6.78645894e-02,6.38160706e-02,7.40674317e-01
3.60000014e-01,5.37628941e-02,7.31537268e-02,7.04499334e-02,7.76109993e-01
4.00000006e-01,6.26164228e-02,8.45278054e-02,7.66601264e-02,8.21196377e-01
4.39999998e-01,6.30481243e-02,8.46472085e-02,8.14172328e-02,8.63427460e-01
4.79999989e-01,7.02584982e-02,9.31513458e-02,8.35081339e-02,9.15411949e-01
5.19999981e-01,6.85132518e-02,9.08046961e-02,8.29721764e-02,9.66076493e-01
5.60000002e-01,7.29060620e-02,9.57702994e-02,8.13183263e-02,1.02635050e+00
6.00000024e-01,6.86832219e-02,9.08680260e-02,7.91305453e-02,1.08659852e+00
6.41029537e-01,7.25138709e-02,9.62575972e-02,7.80716687e-02,1.15894437e+00
6.83115125e-01,6.72053024e-02,8.99084136e-02,7.65892714e-02,1.23261714e+00
7.26283848e-01,6.98819831e-02,9.40399542e-02,7.62852654e-02,1.31542552e+00
7.70563781e-01,6.58844188e-02,8.89702886e-02,7.60046989e-02,1.40571177e+00
8.15983355e-01,6.84915781e-02,9.26367491e-02,7.63587132e-02,1.50501919e+00
8.62571895e-01,6.39586970e-02,8.68050903e-02,7.60942325e-02,1.60631335e+00
9.10359621e-01,6.50219619e-02,8.84028301e-02,7.68059045e-02,1.72054899e+00
9.59377348e-01,6.39113039e-02,8.72264206e-02,7.65715316e-02,1.83690453e+00
1.00965667e+00,6.37976304e-02,8.74380395e-02,7.67539740e-02,1.96995652e+00
1.06123006e+00,6.54680282e-02,9.00400877e-02,7.63512477e-02,2.11377978e+00
1.11413085e+00,6.79530427e-02,9.37769115e-02,7.49752447e-02,2.27537870e+00
1.16839325e+00,7.08909929e-02,9.81246233e-02,7.20946789e-02,2.45756006e+00
1.22405231e+00,7.42521584e-02,1.02946937e-01,6.70220926e-02,2.67129707e+00
1.28114390e+00,7.91068897e-02,1.09715283e-01,6.10577539e-02,2.93213224e+00
1.33970511e+00,8.50400776e-02,1.17855631e-01,5.62936068e-02,3.22807646e+00
1.39977336e+00,2.01934043e+04,2.82877129e+04,2.00496016e+04,2.12259595e+03
1.46138775e+00,2.58271914e+04,3.61592148e+04,2.43133945e+04,2.02866956e+03
1.52458799e+00,1.54863379e+04,2.16790781e+04,1.46133223e+04,1.33074829e+03
1.58941495e+00,1.44791455e+04,2.02754648e+04,1.39730176e+04,1.47483655e+03
1.65591037e+00,1.42306387e+04,1.99304590e+04,1.38847900e+04,1.57364893e+03
1.72411728e+00,1.42394189e+04,1.99447324e+04,1.39955850e+04,1.66415088e+03
1.79407966e+00,1.44587764e+04,2.02535117e+04,1.42897168e+04,1.76200098e+03
1.86584306e+00,1.48871738e+04,2.08548359e+04,1.47767168e+04,1.87315283e+03
1.93945324e+00,1.55100957e+04,2.17284453e+04,1.54461309e+04,1.99723254e+03
2.01495814e+00,1.62152275e+04,2.27167578e+04,1.61746816e+04,2.10841455e+03
2.09240627e+00,1.66586836e+04,2.33377773e+04,1.66070371e+04,2.15615820e+03
2.17184782e+00,1.64840547e+04,2.30924805e+04,1.64028711e+04,2.10871143e+03
2.25333428e+00,1.56682510e+04,2.19488984e+04,1.55529043e+04,1.97179016e+03
2.33691788e+00,1.44341699e+04,2.02194062e+04,1.42820967e+04,1.78336768e+03
2.42265272e+00,1.31858242e+04,1.84705059e+04,1.30260078e+04,1.63073047e+03
2.51059437e+00,1.25865742e+04,1.76318594e+04,1.24643535e+04,1.60483093e+03
2.60079956e+00,1.28205176e+04,1.79606094e+04,1.27410078e+04,1.69075354e+03
2.69332647e+00,1.33644326e+04,1.87234141e+04,1.33220547e+04,1.81632910e+03
2.78823495e+00,1.42190430e+04,1.99216797e+04,1.42293076e+04,2.00173340e+03
2.88558602e+00,1.53858057e+04,2.15571836e+04,1.54508867e+04,2.23094946e+03
2.98544264e+00,1.61929863e+04,2.26884492e+04,1.62920566e+04,2.39074023e+03
3.08786964e+00,1.64656543e+04,2.30706836e+04,1.65864453e+04,2.47388525e+03
3.19293284e+00,1.65823984e+04,2.32349414e+04,1.67457656e+04,2.55891846e+03
3.30070019e+00,1.66781816e+04,2.33694766e+04,1.68598496e+04,2.60217090e+03
3.41124129e+00,1.65395430e+04,2.31748320e+04,1.66977949e+04,2.58238281e+03
3.52462745e+00,1.68829336e+04,2.36561367e+04,1.70542891e+04,2.67555981e+03
3.64093208e+00,1.82703047e+04,2.56008125e+04,1.84883008e+04,2.93508643e+03
3.76023054e+00,2.01109531e+04,2.81795664e+04,2.03221523e+04,3.19631250e+03
3.88259912e+00,2.07974336e+04,2.91395000e+04,2.09220117e+04,3.24205908e+03
4.00811720e+00,2.05412969e+04,2.87793633e+04,2.06039375e+04,3.18943066e+03
4.13686609e+00,2.00743125e+04,2.81238125e+04,2.00626309e+04,3.09376318e+03
4.26892853e+00,1.86504316e+04,2.61275840e+04,1.85601758e+04,2.87561768e+03
4.40439081e+00,1.65974824e+04,2.32512871e+04,1.64900898e+04,2.63076270e+03
4.54333878e+00,1.54230859e+04,2.16065645e+04,1.53346953e+04,2.53020020e+03
4.68586397e+00,1.45019160e+04,2.03160254e+04,1.44164629e+04,2.44994849e+03
4.83205652e+00,1.36332236e+04,1.90999766e+04,1.35977617e+04,2.41468359e+03
4.98201227e+00,1.41517129e+04,1.98278730e+04,1.41831182e+04,2.57463062e+03
5.13582754e+00,1.56782598e+04,2.19675156e+04,1.57512266e+04,2.84132764e+03
5.29360199e+00,1.64402227e+04,2.30347383e+04,1.65061797e+04,2.96724658e+03
5.45543718e+00,1.60359668e+04,2.24680137e+04,1.60982344e+04,2.95450415e+03
5.62143755e+00,1.58158682e+04,2.21599766e+04,1.59041279e+04,2.99664404e+03
5.79171038e+00,1.58732617e+04,2.22406680e+04,1.59840801e+04,3.06794092e+03
5.96636629e+00,1.58187256e+04,2.21641836e+04,1.59339219e+04,3.11880981e+03
6.14551687e+00,1.53886182e+04,2.15616816e+04,1.55124336e+04,3.12204443e+03
6.32927942e+00,1.53106279e+04,2.14530020e+04,1.54615371e+04,3.18933643e+03
6.51777077e+00,1.60767070e+04,2.25260117e+04,1.62146230e+04,3.32534131e+03
6.71111441e+00,1.63122520e+04,2.28550312e+04,1.64071934e+04,3.38098608e+03
6.90943432e+00,1.61224844e+04,2.25893281e+04,1.62218945e+04,3.41672388e+03
7.11285782e+00,1.68497969e+04,2.36082109e+04,1.69367148e+04,3.54533862e+03
7.32151794e+00,1.76600703e+04,2.47421738e+04,1.76830391e+04,3.62181299e+03
7.53554821e+00,1.77423984e+04,2.48562031e+04,1.77003926e+04,3.60039819e+03
7.75508738e+00,1.75427871e+04,2.45754121e+04,1.74456172e+04,3.53641431e+03
7.98027754e+00,1.71873027e+04,2.40763320e+04,1.70428125e+04,3.46572241e+03
8.21126270e+00,1.64050918e+04,2.29799297e+04,1.62405293e+04,3.36859106e+03
8.44819450e+00,1.52563359e+04,2.13707852e+04,1.51076875e+04,3.25328003e+03
8.69122219e+00,1.42077949e+04,1.99024062e+04,1.40918594e+04,3.18400635e+03
8.94050789e+00,1.34240449e+04,1.88049980e+04,1.33422168e+04,3.17354199e+03
9.19620800e+00,1.29002031e+04,1.80717246e+04,1.28533857e+04,3.21952539e+03
9.45849037e+00,1.26727266e+04,1.77537930e+04,1.26667910e+04,3.31953662e+03
9.72752285e+00,1.28225156e+04,1.79643164e+04,1.28573096e+04,3.44653125e+03
1.00034800e+01,1.31106816e+04,1.83680918e+04,1.31582363e+04,3.53344580e+03
1.02865391e+01,1.30893223e+04,1.83379219e+04,1.31479141e+04,3.52966846e+03
1.05768833e+01,1.37786621e+04,1.93034551e+04,1.38746270e+04,3.59512744e+03
1.08747025e+01,1.48222051e+04,2.07647246e+04,1.49472061e+04,3.67306201e+03
1.11801853e+01,1.44047344e+04,2.01797812e+04,1.45775176e+04,3.58272119e+03
1.14935322e+01,1.45023887e+04,2.03173184e+04,1.47724775e+04,3.58000366e+03
1.18149433e+01,1.46471484e+04,2.05210527e+04,1.50223809e+04,3.56905640e+03
1.21446266e+01,1.35293613e+04,1.89563223e+04,1.41331768e+04,3.44997974e+03
1.24827967e+01,1.31461328e+04,1.84216523e+04,1.41406416e+04,3.46400781e+03
1.28296700e+01,1.28779082e+04,1.80501484e+04,1.44924336e+04,3.61618286e+03
1.31854706e+01,1.27485811e+04,1.78747812e+04,1.52513145e+04,3.94747778e+03
1.35504293e+01,1.35386455e+04,1.89888066e+04,1.72001172e+04,4.37625977e+03
1.39247818e+01,1.38789160e+04,1.94787578e+04,1.89158516e+04,4.60736621e+03
1.43087692e+01,1.53269004e+04,2.15296836e+04,2.17053594e+04,4.88053613e+03
1.47026405e+01,1.92327461e+04,2.70218164e+04,2.61845488e+04,5.28039307e+03
1.51066484e+01,2.10254766e+04,2.95641172e+04,2.83253906e+04,5.30633057e+03
1.55210552e+01,2.10557031e+04,2.96212285e+04,2.84168984e+04,5.20509521e+03
1.59461288e+01,2.34574414e+04,3.30080977e+04,3.12480000e+04,5.38775195e+03
1.63821430e+01,2.35374336e+04,3.31572812e+04,3.15372559e+04,5.18399902e+03
1.68293781e+01,2.22111289e+04,3.12963047e+04,2.95431172e+04,4.81344238e+03
1.72881241e+01,2.53204688e+04,3.56098438e+04,3.21331602e+04,4.97697803e+03
1.77586803e+01,3.05269023e+04,4.28865195e+04,3.66214375e+04,5.19020605e+03
1.82413464e+01,3.35654961e+04,4.71352266e+04,3.86570625e+04,5.10414795e+03
1.87364349e+01,3.56988125e+04,5.01013672e+04,3.93926523e+04,4.96073535e+03
1.92442665e+01,3.70889766e+04,5.20312812e+04,4.01818359e+04,4.94779590e+03
1.97651691e+01,4.23946953e+04,5.94496953e+04,4.33713750e+04,5.12920752e+03
2.02994785e+01,4.60277852e+04,6.44901758e+04,4.44240312e+04,4.97653613e+03
2.08475418e+01,4.41324062e+04,6.17891016e+04,4.07650938e+04,4.57907520e+03
2.14097099e+01,4.43418008e+04,6.20333594e+04,3.91955000e+04,4.75019482e+03
2.19863453e+01,4.64082969e+04,6.48731797e+04,3.90191172e+04,4.79275293e+03
2.25778236e+01,4.69020508e+04,6.55140938e+04,3.82161406e+04,4.79080127e+03
2.31845264e+01,4.58035078e+04,6.39409531e+04,3.69537852e+04,4.51504102e+03
2.38068466e+01,3.79459492e+04,5.29535078e+04,3.10450938e+04,4.11762842e+03
2.44451809e+01,3.13411211e+04,4.37673750e+04,2.71860508e+04,4.08422803e+03
2.50999470e+01,3.14816699e+04,4.40289453e+04,2.94149648e+04,4.69273926e+03
2.57715645e+01,3.61977344e+04,5.06483906e+04,3.42702969e+04,4.84004980e+03
2.64604683e+01,3.18018535e+04,4.44812383e+04,2.90390020e+04,3.09777979e+03
2.71671047e+01,1.67931113e+04,2.34469238e+04,1.37357441e+04,8.92011902e+02
2.78919277e+01,5.23281836e+03,7.28463916e+03,3.56821899e+03,8.89628296e+01
2.86354065e+01,1.80448828e+03,2.50597266e+03,8.95959351e+02,2.58717132e+00
2.93980217e+01,1.93947009e+03,2.68524268e+03,7.11284912e+02,1.60516635e-01
3.01802654e+01,1.53880176e+03,2.12926953e+03,6.41775146e+02,7.02232197e-02
3.09826431e+01,1.54536548e+03,2.14740381e+03,8.61099121e+02,1.36614721e-02
3.18056717e+01,1.71994812e+03,2.38758911e+03,8.11265381e+02,8.86486005e-03
3.26498833e+01,1.72153760e+03,2.38369727e+03,6.43531128e+02,1.03177782e-03
3.35158234e+01,1.16058264e+03,1.59987939e+03,3.06217712e+02,5.24725881e-04
3.44040565e+01,6.98868530e+02,9.63631104e+02,1.81281906e+02,3.33130389e-04
3.53151436e+01,3.87457855e+02,5.31077576e+02,4.35089073e+01,3.75840209e-05
3.62496834e+01,1.37190491e+02,1.86313309e+02,8.03521442e+00,5.70972479e-05
3.72082787e+01,4.93242035e+01,6.67566299e+01,3.80302882e+00,3.18957245e-05
3.81915474e+01,3.08964043e+01,4.20709724e+01,3.84953880e+00,3.87229884e-05
3.92001228e+01,1.25029373e+01,1.70083694e+01,1.16641176e+00,2.55847717e-05
4.02346535e+01,3.28168273e+00,4.41957045e+00,8.80898088e-02,1.08408622e-05
4.12958107e+01,2.10158408e-01,2.77477264e-01,2.13100994e-03,9.32209730e-07
4.23842850e+01,1.19712770e-01,1.58547461e-01,1.37195387e-03,6.82019987e-08
4.35007744e+01,1.02063529e-02,1.35735199e-02,9.61898331e-05,4.54596405e-09
4.46459999e+01,1.34187471e-03,1.72787742e-03,7.26093594e-06,3.31143613e-10
4.58207016e+01,2.68637697e-04,3.45212960e-04,1.30538479e-06,6.35796138e-11
4.70256386e+01,1.22348711e-05,1.53070141e-05,6.35470769e-08,2.50177179e-12
4.82615852e+01,1.43817658e-07,1.92171498e-07,4.37768310e-09,2.20700160e-14
4.95293465e+01,1.09180165e-09,1.37564848e-09,1.45935028e-10,3.65168212e-16
5.08297386e+01,1.07053559e-11,1.34088469e-11,8.40486968e-13,4.39771938e-18
5.21635971e+01,1.53418429e-13,2.14693402e-13,8.32660408e-15,2.06584636e-19
5.35317917e+01,1.33746301e-15,9.91405266e-16,1.15009988e-16,6.12853794e-22
5.49351997e+01,5.71807326e-17,1.05672786e-16,3.39834974e-18,1.95437260e-23
5.63747253e+01,6.85282069e-19,7.25623616e-19,1.07583072e-19,7.55833518e-26
5.78513031e+01,8.70200273e-20,1.16488188e-19,4.03683526e-21,3.86082124e-27
5.93278885e+01,4.15233308e-22,5.44070323e-22,7.50646022e-23,3.00880241e-29
6.08044662e+01,4.55135666e-24,5.64812812e-24,1.17707720e-24,2.28359408e-31
6.22810478e+01,5.76940634e-26,7.05709604e-26,1.37519271e-26,4.01471324e-33
6.37576256e+01,7.92129449e-28,1.00649224e-27,2.02680149e-28,6.66072293e-35
6.52341995e+01,1.53366842e-29,1.88533450e-29,5.75631383e-30,2.85137324e-36
6.67107849e+01,5.91528553e-31,7.69522330e-31,1.56308940e-31,8.58925894e-38
6.81873703e+01,1.94180705e-32,2.43676746e-32,7.40096460e-33,4.11981749e-39
6.96639481e+01,8.05669043e-34,1.03476894e-33,2.07292345e-34,9.66895940e-41
7.11405258e+01,2.66407313e-35,3.38093211e-35,1.05586563e-35,0.00000000e+00
7.26171036e+01,1.17210209e-36,1.45336650e-36,3.02666433e-37,0.00000000e+00
7.40936813e+01,4.57846247e-38,5.36445078e-38,1.42652184e-38,0.00000000e+00
7.55702591e+01,1.67735426e-39,1.88334514e-39,4.24593435e-40,0.00000000e+00
7.70468445e+01,8.40779079e-42,0.00000000e+00,0.00000000e+00,0.00000000e+00
7.85234222e+01,0.00000000e+00,0.00000000e+00,0.00000000e+00,0.00000000e+00
8.00000000e+01,0.00000000e+00,0.00000000e+00,0.00000000e+00,0.00000000e+00
