Height (km), 7_8 um ash conc (g/kg), 15_6 um ash conc (g/kg), 125 um ash conc (g/kg), 1 mm ash conc (g/kg)
0.00000000e+00,0.00000000e+00,0.00000000e+00,0.00000000e+00,0.00000000e+00
3.99999991e-02,9.23777325e-23,1.28970175e-22,3.11585921e-23,1.12149581e-01
7.99999982e-02,1.95989121e-20,2.66807769e-20,8.96466521e-21,1.97751924e-01
1.19999997e-01,6.45815845e-18,8.60860843e-18,4.97157365e-19,3.03956330e-01
1.59999996e-01,9.53747452e-17,1.49092926e-16,1.32023055e-15,4.95503068e-01
2.00000003e-01,1.57468829e-14,2.08859622e-14,3.68693350e-14,5.36718309e-01
2.39999995e-01,3.75219089e-13,4.83500176e-13,8.35020529e-13,9.79870558e-01
2.80000001e-01,4.66067593e-12,5.89229707e-12,1.27066231e-11,1.06349850e+00
3.19999993e-01,3.13728730e-11,3.99815320e-11,1.54938506e-10,1.89351869e+00
3.60000014e-01,1.53028853e-10,1.91648628e-10,2.37348674e-09,2.02538824e+00
4.00000006e-01,6.03787409e-10,7.65132735e-10,1.36923318e-05,2.98158097e+00
4.39999998e-01,2.20516405e-09,2.79615731e-09,4.49851213e-05,3.05921984e+00
4.79999989e-01,5.91689897e-09,7.67822872e-09,6.10630203e-04,4.31069803e+00
5.19999981e-01,1.58613513e-08,2.06800816e-08,1.31376926e-03,4.43904114e+00
5.60000002e-01,4.02542675e-08,5.27359099e-08,4.77561820e-03,5.33512497e+00
6.00000024e-01,1.20381799e-07,1.60903909e-07,8.95710196e-03,5.65406322e+00
6.41029537e-01,3.13705414e-07,4.31520704e-07,2.22166441e-02,6.29645634e+00
6.83115125e-01,7.75045123e-07,1.09930068e-06,3.29177901e-02,6.49262285e+00
7.26283848e-01,1.80330403e-06,2.60337788e-06,4.78086397e-02,6.75343084e+00
7.70563781e-01,3.95564985e-06,5.75446893e-06,6.82172477e-02,7.11569309e+00
8.15983355e-01,8.19920660e-06,1.19006327e-05,8.30283388e-02,7.84189510e+00
8.62571895e-01,1.62580000e-05,2.33981937e-05,8.04021806e-02,7.74369049e+00
9.10359621e-01,3.04601890e-05,4.43406316e-05,6.65918961e-02,8.35270023e+00
9.59377348e-01,6.98798758e-05,1.13876325e-04,4.02307883e-02,8.25717163e+00
1.00965667e+00,2.00694485e-04,3.54397198e-04,2.83494145e-02,8.30163574e+00
1.06123006e+00,4.84945718e-04,8.27675220e-04,2.55252812e-02,9.01817799e+00
1.11413085e+00,7.94576888e-04,1.28885964e-03,2.48534121e-02,8.86627960e+00
1.16839325e+00,1.05217227e-03,1.64123857e-03,2.47264653e-02,9.39990997e+00
1.22405231e+00,1.26357004e-03,1.91363168e-03,2.54425760e-02,9.58646202e+00
1.28114390e+00,1.44764129e-03,2.14845873e-03,2.68238410e-02,1.00228882e+01
1.33970511e+00,1.60895032e-03,2.35827104e-03,2.85626221e-02,1.05144529e+01
1.39977336e+00,2.01990312e+04,2.82950801e+04,2.00207988e+04,2.07420361e+03
1.46138775e+00,2.55024883e+04,3.57022344e+04,2.38886895e+04,1.93810852e+03
1.52458799e+00,1.45914414e+04,2.04252871e+04,1.37117812e+04,1.23962292e+03
1.58941495e+00,1.34276016e+04,1.88031211e+04,1.29699062e+04,1.41614233e+03
1.65591037e+00,1.40234492e+04,1.96426406e+04,1.38054355e+04,1.70679565e+03
1.72411728e+00,1.58411348e+04,2.21929453e+04,1.58176279e+04,2.11326855e+03
1.79407966e+00,1.81562969e+04,2.54387109e+04,1.82548438e+04,2.48344971e+03
1.86584306e+00,1.98077930e+04,2.77517109e+04,1.98725156e+04,2.60807178e+03
1.93945324e+00,1.97874961e+04,2.77203770e+04,1.97003828e+04,2.43934912e+03
2.01495814e+00,1.82722930e+04,2.55949336e+04,1.80399102e+04,2.11557129e+03
2.09240627e+00,1.61761953e+04,2.26566426e+04,1.58437637e+04,1.77522424e+03
2.17184782e+00,1.40699912e+04,1.97050918e+04,1.36865020e+04,1.49042017e+03
2.25333428e+00,1.22126016e+04,1.71031621e+04,1.18362510e+04,1.29227283e+03
2.33691788e+00,1.08637891e+04,1.52145254e+04,1.05371992e+04,1.18411292e+03
2.42265272e+00,1.01370000e+04,1.41977852e+04,9.88057910e+03,1.17699561e+03
2.51059437e+00,9.98841699e+03,1.39911924e+04,9.80385645e+03,1.23133911e+03
2.60079956e+00,1.02796934e+04,1.44007324e+04,1.01643262e+04,1.36265967e+03
2.69332647e+00,1.09087773e+04,1.52836924e+04,1.08747656e+04,1.53006201e+03
2.78823495e+00,1.21133281e+04,1.69729531e+04,1.21701582e+04,1.80770435e+03
2.88558602e+00,1.36505684e+04,1.91282422e+04,1.38055391e+04,2.12230811e+03
2.98544264e+00,1.53923135e+04,2.15702266e+04,1.56660488e+04,2.51069360e+03
3.08786964e+00,1.73707227e+04,2.43438320e+04,1.77745938e+04,2.91119824e+03
3.19293284e+00,1.91661602e+04,2.68601855e+04,1.96555625e+04,3.24430762e+03
3.30070019e+00,2.02233945e+04,2.83411953e+04,2.07347188e+04,3.37179663e+03
3.41124129e+00,2.08998477e+04,2.92883164e+04,2.13984062e+04,3.41745361e+03
3.52462745e+00,2.11680430e+04,2.96625547e+04,2.15888516e+04,3.32584546e+03
3.64093208e+00,2.07501797e+04,2.90752500e+04,2.10590176e+04,3.13807324e+03
3.76023054e+00,2.02696211e+04,2.84004824e+04,2.04766406e+04,2.95797314e+03
3.88259912e+00,2.02275352e+04,2.83400703e+04,2.03343867e+04,2.85324658e+03
4.00811720e+00,2.01675117e+04,2.82545508e+04,2.01782832e+04,2.77045801e+03
4.13686609e+00,1.98812930e+04,2.78519590e+04,1.97932871e+04,2.65919971e+03
4.26892853e+00,1.92790918e+04,2.70068555e+04,1.91110996e+04,2.54235864e+03
4.40439081e+00,1.82043223e+04,2.55002148e+04,1.79827402e+04,2.38153613e+03
4.54333878e+00,1.68946562e+04,2.36648027e+04,1.66335430e+04,2.21328516e+03
4.68586397e+00,1.53590811e+04,2.15133711e+04,1.50852207e+04,2.03856677e+03
4.83205652e+00,1.38083311e+04,1.93412695e+04,1.35550605e+04,1.89201050e+03
4.98201227e+00,1.25624746e+04,1.75967832e+04,1.23544902e+04,1.79448022e+03
5.13582754e+00,1.18832021e+04,1.66460859e+04,1.17235254e+04,1.77268652e+03
5.29360199e+00,1.16868584e+04,1.63720420e+04,1.15826484e+04,1.81942432e+03
5.45543718e+00,1.19509229e+04,1.67431797e+04,1.19104316e+04,1.93238330e+03
5.62143755e+00,1.26109229e+04,1.76687324e+04,1.26201748e+04,2.08120850e+03
5.79171038e+00,1.33383379e+04,1.86885527e+04,1.33913721e+04,2.23603687e+03
5.96636629e+00,1.39820947e+04,1.95912305e+04,1.40862588e+04,2.38502734e+03
6.14551687e+00,1.45930586e+04,2.04476953e+04,1.47360254e+04,2.50760669e+03
6.32927942e+00,1.50748232e+04,2.11228965e+04,1.52442061e+04,2.60503125e+03
6.51777077e+00,1.55493330e+04,2.17880039e+04,1.57487520e+04,2.70768848e+03
6.71111441e+00,1.61728340e+04,2.26617773e+04,1.63988516e+04,2.82508740e+03
6.90943432e+00,1.68383652e+04,2.35941016e+04,1.70746387e+04,2.94059863e+03
7.11285782e+00,1.73591855e+04,2.43234336e+04,1.75882441e+04,3.00392041e+03
7.32151794e+00,1.78354062e+04,2.49901152e+04,1.80385059e+04,3.06167310e+03
7.53554821e+00,1.83976523e+04,2.57766719e+04,1.85338672e+04,3.07211792e+03
7.75508738e+00,1.86369531e+04,2.61099570e+04,1.86627207e+04,3.03367871e+03
7.98027754e+00,1.82687539e+04,2.55923125e+04,1.81932617e+04,2.92867847e+03
8.21126270e+00,1.77811074e+04,2.49081582e+04,1.76417422e+04,2.85090356e+03
8.44819450e+00,1.74616758e+04,2.44597305e+04,1.72619902e+04,2.80226074e+03
8.69122219e+00,1.67561152e+04,2.34704102e+04,1.65076602e+04,2.72132812e+03
8.94050789e+00,1.55584102e+04,2.17927383e+04,1.53263047e+04,2.63795801e+03
9.19620800e+00,1.47290430e+04,2.06316172e+04,1.45412207e+04,2.61283521e+03
9.45849037e+00,1.40134121e+04,1.96298711e+04,1.38715283e+04,2.58774365e+03
9.72752285e+00,1.34468379e+04,1.88371621e+04,1.33635547e+04,2.58048071e+03
1.00034800e+01,1.32420615e+04,1.85510977e+04,1.32054912e+04,2.60497998e+03
1.02865391e+01,1.28905586e+04,1.80601797e+04,1.29299551e+04,2.62628076e+03
1.05768833e+01,1.34824512e+04,1.88902969e+04,1.35704570e+04,2.75137305e+03
1.08747025e+01,1.36750439e+04,1.91603359e+04,1.37854561e+04,2.80274561e+03
1.11801853e+01,1.40066035e+04,1.96261367e+04,1.41860146e+04,2.92111035e+03
1.14935322e+01,1.55542500e+04,2.17940117e+04,1.57319248e+04,3.13374316e+03
1.18149433e+01,1.56958223e+04,2.19915234e+04,1.58594814e+04,3.14594849e+03
1.21446266e+01,1.60983223e+04,2.25561387e+04,1.63433193e+04,3.23373291e+03
1.24827967e+01,1.87214531e+04,2.62320684e+04,1.90945703e+04,3.56914307e+03
1.28296700e+01,2.13699316e+04,2.99422930e+04,2.18369375e+04,3.83593604e+03
1.31854706e+01,2.22435000e+04,3.11645859e+04,2.28280801e+04,3.88291040e+03
1.35504293e+01,2.11853984e+04,2.96825234e+04,2.20561953e+04,3.79028711e+03
1.39247818e+01,1.95409082e+04,2.73835508e+04,2.09364102e+04,3.73325098e+03
1.43087692e+01,1.72785781e+04,2.42217246e+04,1.93068086e+04,3.68639209e+03
1.47026405e+01,1.54375010e+04,2.16518398e+04,1.82098555e+04,3.74598291e+03
1.51066484e+01,1.51700547e+04,2.12888281e+04,1.87242598e+04,3.94678613e+03
1.55210552e+01,1.62710645e+04,2.28477207e+04,2.07671836e+04,4.20259473e+03
1.59461288e+01,1.80838047e+04,2.54153398e+04,2.33478340e+04,4.34893994e+03
1.63821430e+01,2.02442676e+04,2.84636055e+04,2.59618008e+04,4.46133447e+03
1.68293781e+01,2.47389688e+04,3.47708516e+04,3.12146211e+04,4.79648975e+03
1.72881241e+01,3.01988398e+04,4.24186758e+04,3.71316641e+04,5.01858008e+03
1.77586803e+01,3.33598047e+04,4.68576641e+04,3.99078984e+04,4.92454004e+03
1.82413464e+01,3.78281094e+04,5.31104570e+04,4.35325273e+04,5.04611230e+03
1.87364349e+01,4.32181094e+04,6.06536406e+04,4.75065547e+04,5.07551270e+03
1.92442665e+01,4.54313828e+04,6.37243789e+04,4.66258438e+04,4.77387012e+03
1.97651691e+01,4.79064062e+04,6.71357578e+04,4.56046133e+04,4.72611963e+03
2.02994785e+01,4.99953086e+04,6.99998047e+04,4.52497266e+04,4.73959180e+03
2.08475418e+01,4.94895352e+04,6.92063672e+04,4.30108281e+04,4.58233008e+03
2.14097099e+01,4.81553125e+04,6.72855469e+04,4.09313203e+04,4.58419434e+03
2.19863453e+01,4.36601016e+04,6.09926836e+04,3.70578906e+04,4.21875488e+03
2.25778236e+01,4.25847578e+04,5.94955234e+04,3.68453398e+04,4.22415137e+03
2.31845264e+01,4.04026719e+04,5.64713906e+04,3.60027656e+04,3.97211475e+03
2.38068466e+01,3.62255156e+04,5.06731211e+04,3.33873633e+04,3.92378906e+03
2.44451809e+01,4.37496641e+04,6.12253086e+04,4.10895781e+04,4.92543652e+03
2.50999470e+01,4.61649023e+04,6.46117422e+04,4.36083906e+04,4.96222900e+03
2.57715645e+01,4.34711094e+04,6.08530469e+04,4.15202383e+04,4.94178564e+03
2.64604683e+01,4.37181484e+04,6.12076484e+04,4.21062031e+04,5.16246240e+03
2.71671047e+01,4.04457109e+04,5.66151875e+04,3.84072773e+04,4.46547852e+03
2.78919277e+01,2.99203867e+04,4.18932500e+04,2.90624043e+04,3.31471558e+03
2.86354065e+01,3.36901172e+04,4.71527344e+04,3.14271875e+04,2.62680469e+03
2.93980217e+01,3.43985273e+04,4.81442031e+04,3.22740801e+04,3.11745142e+03
3.01802654e+01,3.63182031e+04,5.08433789e+04,3.44834219e+04,2.58426245e+03
3.09826431e+01,3.22358281e+04,4.51051328e+04,2.92953828e+04,1.64790466e+03
3.18056717e+01,2.55191641e+04,3.57072500e+04,2.32979199e+04,1.29358887e+03
3.26498833e+01,2.16958086e+04,3.03497539e+04,1.93002070e+04,5.74605347e+02
3.35158234e+01,1.01953223e+04,1.42384170e+04,7.88333984e+03,8.56459999e+00
3.44040565e+01,1.30869946e+03,1.81932935e+03,6.68953064e+02,4.37820762e-01
3.53151436e+01,7.32004499e+00,1.00202503e+01,1.66643214e+00,5.19252792e-02
3.62496834e+01,6.27429008e+00,8.56029129e+00,4.88630652e-01,3.30173361e-06
3.72082787e+01,9.79598224e-01,1.32940292e+00,5.85953780e-02,1.88874751e-07
3.81915474e+01,2.15021044e-01,2.88775563e-01,8.79727490e-03,1.90133804e-07
3.92001228e+01,5.41699529e-02,7.16703385e-02,1.21092820e-03,8.00804543e-08
4.02346535e+01,6.74009090e-04,8.64665722e-04,2.99183193e-06,1.81971083e-09
4.12958107e+01,1.78545470e-05,2.36122323e-05,3.73908023e-07,1.81516364e-11
4.23842850e+01,1.24413839e-06,1.63981440e-06,1.46708716e-08,1.13241892e-12
4.35007744e+01,1.30247839e-08,1.77769586e-08,3.32772615e-10,1.52172095e-14
4.46459999e+01,1.33590072e-09,1.68216985e-09,1.19749766e-11,2.84273744e-15
4.58207016e+01,1.53329311e-11,2.02144725e-11,3.40855626e-13,2.75528858e-18
4.70256386e+01,4.72216070e-13,6.26625433e-13,9.41726233e-15,9.60428449e-19
4.82615852e+01,8.55248489e-15,1.05506653e-14,2.93842347e-16,8.44647307e-20
4.95293465e+01,1.22318797e-16,1.70899035e-16,7.58341453e-19,2.36717821e-22
5.08297386e+01,7.75206528e-19,7.21611687e-19,6.86654259e-19,3.58293618e-23
5.21635971e+01,8.77054640e-19,9.64194292e-19,5.10879651e-22,2.01164227e-25
5.35317917e+01,3.69690991e-20,5.67260237e-20,2.03987402e-22,1.06390319e-26
5.49351997e+01,2.71858230e-22,3.19979906e-22,2.66416688e-24,1.23249104e-28
5.63747253e+01,1.70396275e-23,2.49247829e-23,7.01184008e-26,5.27513152e-30
5.78513031e+01,9.21660585e-26,1.18023600e-25,2.79778129e-27,4.41350551e-32
5.93278885e+01,7.50602923e-27,1.05395330e-26,3.22321499e-29,1.37981569e-32
6.08044662e+01,5.79816076e-29,6.28248098e-29,1.97689411e-30,1.12628740e-34
6.22810478e+01,3.86292797e-30,5.48240258e-30,4.12712511e-32,1.53988942e-35
6.37576256e+01,5.76191243e-32,4.63915281e-32,2.59525900e-33,2.17241888e-37
6.52341995e+01,2.74884064e-33,4.01170728e-33,7.19384176e-35,2.38220739e-38
6.67107849e+01,4.27563312e-35,3.17970131e-35,3.01422968e-36,4.07777853e-40
6.81873703e+01,2.78318610e-36,3.65202612e-36,1.17756715e-37,1.96181785e-41
6.96639481e+01,4.05451698e-38,3.16595362e-38,4.15064605e-39,0.00000000e+00
7.11405258e+01,3.83395260e-39,4.43651094e-39,1.54142831e-40,0.00000000e+00
7.26171036e+01,1.27518160e-40,7.56701171e-41,2.80259693e-42,0.00000000e+00
7.40936813e+01,1.40129846e-42,5.60519386e-42,0.00000000e+00,0.00000000e+00
7.55702591e+01,0.00000000e+00,0.00000000e+00,0.00000000e+00,0.00000000e+00
7.70468445e+01,0.00000000e+00,0.00000000e+00,0.00000000e+00,0.00000000e+00
7.85234222e+01,0.00000000e+00,0.00000000e+00,0.00000000e+00,0.00000000e+00
8.00000000e+01,0.00000000e+00,0.00000000e+00,0.00000000e+00,0.00000000e+00
