Height (km), 7_8 um ash conc (g/kg), 15_6 um ash conc (g/kg), 125 um ash conc (g/kg), 1 mm ash conc (g/kg)
0.00000000e+00,0.00000000e+00,0.00000000e+00,0.00000000e+00,0.00000000e+00
3.99999991e-02,5.27060701e-36,9.33304274e-36,6.46269843e-02,5.18306541e+01
7.99999982e-02,6.29753282e-34,7.90466503e-34,1.54748753e-01,5.42419090e+01
1.19999997e-01,2.38043807e-32,3.05327046e-32,2.39605427e-01,5.48227654e+01
1.59999996e-01,6.58972823e-31,9.38509706e-31,3.98346961e-01,5.71518707e+01
2.00000003e-01,1.28333695e-29,2.87942987e-29,4.05888349e-01,5.79099388e+01
2.39999995e-01,1.29640941e-28,3.47768709e-28,5.28936744e-01,6.01486969e+01
2.80000001e-01,2.27006840e-27,6.18498034e-27,6.54226422e-01,6.00682297e+01
3.19999993e-01,8.10502873e-26,2.40588648e-25,5.96326292e-01,6.13347664e+01
3.60000014e-01,7.69672258e-25,2.60560796e-24,8.44171703e-01,6.09680710e+01
4.00000006e-01,9.38087829e-24,3.05406395e-23,7.24460065e-01,6.23382378e+01
4.39999998e-01,5.15116266e-21,1.45939896e-20,9.40168023e-01,6.21402893e+01
4.79999989e-01,2.91234784e-20,8.44813001e-20,7.98628867e-01,6.45887299e+01
5.19999981e-01,8.66852246e-19,1.08981137e-17,1.06489706e+00,6.63406830e+01
5.60000002e-01,1.98669907e-17,1.11303835e-16,7.64469862e-01,7.03146210e+01
6.00000024e-01,1.53197216e-15,4.80660069e-15,1.21154714e+00,7.29765167e+01
6.41029537e-01,7.82431184e-15,3.02574026e-14,8.06889653e-01,7.82933807e+01
6.83115125e-01,4.45361758e-14,1.68991042e-13,1.24458826e+00,7.80780487e+01
7.26283848e-01,2.23582112e-13,9.00573561e-13,9.34332788e-01,8.99460297e+01
7.70563781e-01,1.27145917e-12,4.77897453e-12,1.17784333e+00,8.92331238e+01
8.15983355e-01,6.56266014e-12,2.20889418e-11,1.02273321e+00,1.12151421e+02
8.62571895e-01,2.89635278e-11,8.77013254e-11,1.15609252e+00,9.94387665e+01
9.10359621e-01,1.30967223e-10,4.08083012e-10,1.09617102e+00,1.20498505e+02
9.59377348e-01,5.87345950e-10,2.06097472e-09,1.22812605e+00,1.24139984e+02
1.00965667e+00,2.57451438e-09,8.97386254e-09,1.14580178e+00,1.32255371e+02
1.06123006e+00,1.09968017e-08,3.49924463e-08,1.28457046e+00,1.39874863e+02
1.11413085e+00,5.12095326e-08,1.45816102e-07,1.23514676e+00,1.49101105e+02
1.16839325e+00,2.86223639e-07,7.71405325e-07,1.31861210e+00,1.68787216e+02
1.22405231e+00,1.17190177e-06,3.29453292e-06,1.27218938e+00,1.65024368e+02
1.28114390e+00,6.10149527e-06,1.82484564e-05,1.29308844e+00,1.76239258e+02
1.33970511e+00,2.48240631e-05,7.60674156e-05,1.28351247e+00,1.82105713e+02
1.39977336e+00,2.07189082e+04,2.90076758e+04,1.94643828e+04,1.38064075e+03
1.46138775e+00,2.61613320e+04,3.65838359e+04,2.20422637e+04,1.46239270e+03
1.52458799e+00,1.59323594e+04,2.22752930e+04,1.35952480e+04,1.08927124e+03
1.58941495e+00,1.54094414e+04,2.15569219e+04,1.36872109e+04,1.24556067e+03
1.65591037e+00,1.48642852e+04,2.07970781e+04,1.33174463e+04,1.27730164e+03
1.72411728e+00,1.37688828e+04,1.92649062e+04,1.23498242e+04,1.19997583e+03
1.79407966e+00,1.24672715e+04,1.74445234e+04,1.12175645e+04,1.14931738e+03
1.86584306e+00,1.14522168e+04,1.60262480e+04,1.03961328e+04,1.13598242e+03
1.93945324e+00,1.10316387e+04,1.54409092e+04,1.01626504e+04,1.21098914e+03
2.01495814e+00,1.12547754e+04,1.57573457e+04,1.05670430e+04,1.35448376e+03
2.09240627e+00,1.21628945e+04,1.70335918e+04,1.16680811e+04,1.62145312e+03
2.17184782e+00,1.38665977e+04,1.94242969e+04,1.35657617e+04,1.96887854e+03
2.25333428e+00,1.60646270e+04,2.25067910e+04,1.59342354e+04,2.36174658e+03
2.33691788e+00,1.82518477e+04,2.55730664e+04,1.82468203e+04,2.70793604e+03
2.42265272e+00,2.01735273e+04,2.82658770e+04,2.02194414e+04,2.92539600e+03
2.51059437e+00,2.15513867e+04,3.01944453e+04,2.15095703e+04,2.96505151e+03
2.60079956e+00,2.18748438e+04,3.06434551e+04,2.16031562e+04,2.78944751e+03
2.69332647e+00,2.12627344e+04,2.97809531e+04,2.07098691e+04,2.48845337e+03
2.78823495e+00,2.01068516e+04,2.81569609e+04,1.92872637e+04,2.17668359e+03
2.88558602e+00,1.86237070e+04,2.60755566e+04,1.75969785e+04,1.88276599e+03
2.98544264e+00,1.70326602e+04,2.38444180e+04,1.58827188e+04,1.65513831e+03
3.08786964e+00,1.55299746e+04,2.17383867e+04,1.43366641e+04,1.48039185e+03
3.19293284e+00,1.42617852e+04,1.99621836e+04,1.30993271e+04,1.37991248e+03
3.30070019e+00,1.33088633e+04,1.86285332e+04,1.22221650e+04,1.33760767e+03
3.41124129e+00,1.25478193e+04,1.75638984e+04,1.15472363e+04,1.30257458e+03
3.52462745e+00,1.18861172e+04,1.66385781e+04,1.09810088e+04,1.29961060e+03
3.64093208e+00,1.13544688e+04,1.58955234e+04,1.05464131e+04,1.28296228e+03
3.76023054e+00,1.09385264e+04,1.53146211e+04,1.02285996e+04,1.29875366e+03
3.88259912e+00,1.07231055e+04,1.50147461e+04,1.01122461e+04,1.32755261e+03
4.00811720e+00,1.07670664e+04,1.50781074e+04,1.02471992e+04,1.39648511e+03
4.13686609e+00,1.10696660e+04,1.55037539e+04,1.06405332e+04,1.48933130e+03
4.26892853e+00,1.17709150e+04,1.64878301e+04,1.14284814e+04,1.63640027e+03
4.40439081e+00,1.27045312e+04,1.77971484e+04,1.24374395e+04,1.80342102e+03
4.54333878e+00,1.38364014e+04,1.93843926e+04,1.36518789e+04,2.00314343e+03
4.68586397e+00,1.52355635e+04,2.13456855e+04,1.51228301e+04,2.24798975e+03
4.83205652e+00,1.63087236e+04,2.28505508e+04,1.62984238e+04,2.44155737e+03
4.98201227e+00,1.77260703e+04,2.48368496e+04,1.77584043e+04,2.64067773e+03
5.13582754e+00,1.87606035e+04,2.62845996e+04,1.87607812e+04,2.73096289e+03
5.29360199e+00,2.01064746e+04,2.81716211e+04,2.01662070e+04,2.86288550e+03
5.45543718e+00,2.35732617e+04,3.30237852e+04,2.33060000e+04,3.01525781e+03
5.62143755e+00,2.26809727e+04,3.17634336e+04,2.19468105e+04,2.66154395e+03
5.79171038e+00,2.23775664e+04,3.13384531e+04,2.16053398e+04,2.58528125e+03
5.96636629e+00,2.79592031e+04,3.91500391e+04,2.65848477e+04,2.94016064e+03
6.14551687e+00,3.01444043e+04,4.21955508e+04,2.78899121e+04,2.75864917e+03
6.32927942e+00,1.94264316e+04,2.71805176e+04,1.74409785e+04,1.59659680e+03
6.51777077e+00,1.03756143e+04,1.45159326e+04,9.33331738e+03,1.01546008e+03
6.71111441e+00,1.14810830e+04,1.60916973e+04,1.15631045e+04,1.67651868e+03
6.90943432e+00,1.94184727e+04,2.72081406e+04,1.91994980e+04,2.43786182e+03
7.11285782e+00,1.93932480e+04,2.71556758e+04,1.87004512e+04,2.41040430e+03
7.32151794e+00,1.97180859e+04,2.76363770e+04,2.00971465e+04,3.05414453e+03
7.53554821e+00,2.56779336e+04,3.59943477e+04,2.62614453e+04,3.74319165e+03
7.75508738e+00,2.19755020e+04,3.07694961e+04,2.13041777e+04,2.47617065e+03
7.98027754e+00,9.81652148e+03,1.37317119e+04,9.31921973e+03,9.65275330e+02
8.21126270e+00,3.67875098e+03,5.14763330e+03,3.84894873e+03,4.65999176e+02
8.44819450e+00,2.55404028e+03,3.58008325e+03,3.09066504e+03,4.45940552e+02
8.69122219e+00,3.97964185e+03,5.57889697e+03,4.61015625e+03,5.96032166e+02
8.94050789e+00,6.62445947e+03,9.28042676e+03,7.12299219e+03,7.86807434e+02
9.19620800e+00,7.68283789e+03,1.07592461e+04,8.14750586e+03,8.48697754e+02
9.45849037e+00,7.07287695e+03,9.90882910e+03,7.94451172e+03,8.63896362e+02
9.72752285e+00,7.02418164e+03,9.84671973e+03,8.40365430e+03,9.07707886e+02
1.00034800e+01,7.52371484e+03,1.05508398e+04,9.29649414e+03,9.57101501e+02
1.02865391e+01,7.95449561e+03,1.11611230e+04,1.01481514e+04,1.01099371e+03
1.05768833e+01,9.43099023e+03,1.32397305e+04,1.20210625e+04,1.20767346e+03
1.08747025e+01,1.19021650e+04,1.67104473e+04,1.47221045e+04,1.44918652e+03
1.11801853e+01,1.12003115e+04,1.57251904e+04,1.38200146e+04,1.18623401e+03
1.14935322e+01,6.47914209e+03,9.11782812e+03,9.24022266e+03,6.51010315e+02
1.18149433e+01,4.06364600e+03,5.75428711e+03,7.03551123e+03,4.45946106e+02
1.21446266e+01,3.92655420e+03,5.58606641e+03,6.78006738e+03,4.14263672e+02
1.24827967e+01,4.34289307e+03,6.19429395e+03,6.74513525e+03,4.00151459e+02
1.28296700e+01,4.98321143e+03,7.10757129e+03,6.58458789e+03,3.94716858e+02
1.31854706e+01,5.75845703e+03,8.19695898e+03,6.35539648e+03,4.07024994e+02
1.35504293e+01,6.71551953e+03,9.52961328e+03,6.28921680e+03,4.30799133e+02
1.39247818e+01,7.77838477e+03,1.09939395e+04,6.20786133e+03,4.55063385e+02
1.43087692e+01,8.65838770e+03,1.21909121e+04,6.00546973e+03,4.72445312e+02
1.47026405e+01,9.29240234e+03,1.30478926e+04,5.72537256e+03,4.56168457e+02
1.51066484e+01,9.68645605e+03,1.35817334e+04,5.52709961e+03,4.36198578e+02
1.55210552e+01,1.02790762e+04,1.43889062e+04,5.65347510e+03,4.63247192e+02
1.59461288e+01,1.07430664e+04,1.49487959e+04,5.95499463e+03,5.03263306e+02
1.63821430e+01,1.02680195e+04,1.41956953e+04,5.69755908e+03,4.52103180e+02
1.68293781e+01,8.68024512e+03,1.19268096e+04,4.49304736e+03,3.09022858e+02
1.72881241e+01,6.59844922e+03,9.03943164e+03,3.32139111e+03,2.11996979e+02
1.77586803e+01,5.49489453e+03,7.55465576e+03,3.07766089e+03,1.84778854e+02
1.82413464e+01,4.72651709e+03,6.51316553e+03,2.72128271e+03,1.39894958e+02
1.87364349e+01,3.42528296e+03,4.71772754e+03,1.88553247e+03,9.68524704e+01
1.92442665e+01,2.49270215e+03,3.43346265e+03,1.47693994e+03,8.75760345e+01
1.97651691e+01,2.14424683e+03,2.96415625e+03,1.50389734e+03,8.43527069e+01
2.02994785e+01,2.06932202e+03,2.87245532e+03,1.50229663e+03,7.81016006e+01
2.08475418e+01,1.72551819e+03,2.39965869e+03,1.30787219e+03,7.14614716e+01
2.14097099e+01,1.55563953e+03,2.16832031e+03,1.24738440e+03,6.63342819e+01
2.19863453e+01,1.40023743e+03,1.95318787e+03,1.13354529e+03,5.98107986e+01
2.25778236e+01,1.23397729e+03,1.72127930e+03,9.49018188e+02,2.54235039e+01
2.31845264e+01,6.79140991e+02,9.43636230e+02,3.66346527e+02,6.28944218e-01
2.38068466e+01,1.38890381e+02,1.90635376e+02,3.37208138e+01,2.71242345e-03
2.44451809e+01,2.40889359e+01,3.25121460e+01,3.67926812e+00,3.09081603e-04
2.50999470e+01,9.97078323e+00,1.32028646e+01,1.23584151e+00,7.16170007e-06
2.57715645e+01,4.22082424e+00,5.51816607e+00,3.55089605e-01,2.78949483e-06
2.64604683e+01,6.32506609e-01,8.13792944e-01,2.46329210e-03,1.57942759e-06
2.71671047e+01,2.87937880e-01,3.74000072e-01,1.97116565e-03,1.05947151e-06
2.78919277e+01,8.34587589e-02,1.06920674e-01,3.61481907e-05,4.61237704e-07
2.86354065e+01,1.09060984e-02,1.35393552e-02,1.00127454e-06,8.70446897e-08
2.93980217e+01,3.47914943e-03,4.34624963e-03,9.70243718e-07,3.59340504e-08
3.01802654e+01,8.55490332e-04,1.05024758e-03,1.44418800e-06,1.89844620e-08
3.09826431e+01,2.69773533e-04,3.21072555e-04,6.46569504e-07,1.10143352e-08
3.18056717e+01,4.10822831e-05,4.64535988e-05,9.45352525e-08,2.01448769e-09
3.26498833e+01,1.27929497e-05,1.43747975e-05,3.13804627e-08,6.46962595e-10
3.35158234e+01,2.40394866e-06,2.64741402e-06,9.06891451e-09,1.26445410e-10
3.44040565e+01,5.02491595e-08,5.16323695e-08,1.50010060e-09,1.32147618e-11
3.53151436e+01,8.20966051e-09,9.34513089e-09,3.42931711e-10,2.17401357e-12
3.62496834e+01,4.18842669e-11,5.02063946e-11,6.30935245e-13,1.76773457e-15
3.72082787e+01,9.93825335e-12,1.15852015e-11,3.57235617e-13,2.68033835e-15
3.81915474e+01,8.88476087e-13,1.12382250e-12,4.69400350e-14,2.58717902e-16
3.92001228e+01,1.41594720e-14,1.58549084e-14,2.78851664e-16,4.73874299e-19
4.02346535e+01,6.39919469e-16,8.06352708e-16,1.56662714e-17,1.31686604e-20
4.12958107e+01,3.34531837e-18,4.29894078e-18,7.45122357e-20,3.02439951e-21
4.23842850e+01,4.02597787e-20,3.86204812e-20,1.35825803e-20,2.22105302e-23
4.35007744e+01,1.34049651e-20,1.53596777e-20,6.55171622e-24,2.91676167e-25
4.46459999e+01,5.08623551e-24,4.16439080e-24,7.59450199e-25,3.82987232e-27
4.58207016e+01,1.18624623e-24,1.17586236e-24,1.34435380e-26,8.67567282e-29
4.70256386e+01,2.54483023e-27,3.33591443e-27,1.72453906e-28,6.58294892e-31
4.82615852e+01,4.09575581e-28,2.66560428e-28,8.09512893e-30,2.51142252e-32
4.95293465e+01,2.30756688e-30,3.31912547e-30,4.50280076e-32,3.03042375e-34
5.08297386e+01,1.33445363e-31,4.36095885e-32,1.75492068e-33,4.02772047e-36
5.21635971e+01,9.04731625e-34,1.19906356e-33,1.97640334e-35,1.34104263e-37
5.35317917e+01,3.57862553e-35,1.38719038e-35,5.35210545e-37,1.08880891e-39
5.49351997e+01,2.01932714e-37,1.00297366e-36,1.53680403e-38,7.14662217e-41
5.63747253e+01,2.01744940e-38,1.35029120e-38,3.82554481e-40,0.00000000e+00
5.78513031e+01,5.75933669e-40,4.28797330e-40,5.60519386e-42,0.00000000e+00
5.93278885e+01,2.24207754e-41,7.00649232e-42,0.00000000e+00,0.00000000e+00
6.08044662e+01,0.00000000e+00,0.00000000e+00,0.00000000e+00,0.00000000e+00
6.22810478e+01,0.00000000e+00,0.00000000e+00,0.00000000e+00,0.00000000e+00
6.37576256e+01,0.00000000e+00,0.00000000e+00,0.00000000e+00,0.00000000e+00
6.52341995e+01,0.00000000e+00,0.00000000e+00,0.00000000e+00,0.00000000e+00
6.67107849e+01,0.00000000e+00,0.00000000e+00,0.00000000e+00,0.00000000e+00
6.81873703e+01,0.00000000e+00,0.00000000e+00,0.00000000e+00,0.00000000e+00
6.96639481e+01,0.00000000e+00,0.00000000e+00,0.00000000e+00,0.00000000e+00
7.11405258e+01,0.00000000e+00,0.00000000e+00,0.00000000e+00,0.00000000e+00
7.26171036e+01,0.00000000e+00,0.00000000e+00,0.00000000e+00,0.00000000e+00
7.40936813e+01,0.00000000e+00,0.00000000e+00,0.00000000e+00,0.00000000e+00
7.55702591e+01,0.00000000e+00,0.00000000e+00,0.00000000e+00,0.00000000e+00
7.70468445e+01,0.00000000e+00,0.00000000e+00,0.00000000e+00,0.00000000e+00
7.85234222e+01,0.00000000e+00,0.00000000e+00,0.00000000e+00,0.00000000e+00
8.00000000e+01,0.00000000e+00,0.00000000e+00,0.00000000e+00,0.00000000e+00
