Height (km), 7_8 um ash conc (g/kg), 15_6 um ash conc (g/kg), 125 um ash conc (g/kg), 1 mm ash conc (g/kg)
0.00000000e+00,0.00000000e+00,0.00000000e+00,0.00000000e+00,0.00000000e+00
3.99999991e-02,2.59372923e-16,5.56365862e-16,2.58037498e-11,1.51159614e-01
7.99999982e-02,1.60971421e-12,3.43632458e-12,2.29834455e-07,5.99714577e-01
1.19999997e-01,1.47712273e-10,3.17672277e-10,2.93782086e-05,1.41982460e+00
1.59999996e-01,2.97712788e-09,6.46287601e-09,1.81536816e-04,2.54959297e+00
2.00000003e-01,2.32900845e-08,5.09766522e-08,7.09439511e-04,4.19121408e+00
2.39999995e-01,1.19117530e-07,2.63541324e-07,1.95375667e-03,5.95014620e+00
2.80000001e-01,3.87153733e-07,8.70512508e-07,4.05988935e-03,8.57798004e+00
3.19999993e-01,1.35205278e-06,3.08680978e-06,8.39840621e-03,1.08702688e+01
3.60000014e-01,4.02778278e-06,8.97687278e-06,1.47904186e-02,1.41803770e+01
4.00000006e-01,1.01049991e-05,2.18125842e-05,2.12092660e-02,1.70913811e+01
4.39999998e-01,2.49657824e-05,5.18767447e-05,3.10129039e-02,2.03902721e+01
4.79999989e-01,5.41974769e-05,1.07798158e-04,3.82827707e-02,2.35699959e+01
5.19999981e-01,1.03852399e-04,1.98039910e-04,4.55526635e-02,2.72865391e+01
5.60000002e-01,1.68827944e-04,3.10678937e-04,4.98947464e-02,3.13397408e+01
6.00000024e-01,2.89022399e-04,5.13188541e-04,5.71789630e-02,3.53475685e+01
6.41029537e-01,4.21079807e-04,7.15258124e-04,6.50305897e-02,4.14660950e+01
6.83115125e-01,5.39241533e-04,8.73993326e-04,7.19288141e-02,4.48818512e+01
7.26283848e-01,6.52840885e-04,1.01844559e-03,7.82176629e-02,5.11198273e+01
7.70563781e-01,7.26413855e-04,1.09571952e-03,8.32898468e-02,5.61732712e+01
8.15983355e-01,8.52227502e-04,1.26602419e-03,8.51434246e-02,6.46394806e+01
8.62571895e-01,9.39780613e-04,1.36147230e-03,8.53604078e-02,6.97454224e+01
9.10359621e-01,1.09004427e-03,1.57120451e-03,8.46360847e-02,7.77844391e+01
9.59377348e-01,1.16674672e-03,1.65539002e-03,8.28012899e-02,8.43485718e+01
1.00965667e+00,1.33993721e-03,1.88999774e-03,8.24083686e-02,9.13758698e+01
1.06123006e+00,1.70496479e-03,2.39334628e-03,8.21922496e-02,9.90887985e+01
1.11413085e+00,2.07160390e-03,2.83905677e-03,8.21684152e-02,1.05207573e+02
1.16839325e+00,2.22022738e-03,2.95772403e-03,8.18022415e-02,1.12654045e+02
1.22405231e+00,2.16828031e-03,2.82718893e-03,8.07224214e-02,1.21092392e+02
1.28114390e+00,2.12602527e-03,2.73044803e-03,7.91024268e-02,1.30934570e+02
1.33970511e+00,1.92855019e-03,2.42112018e-03,7.76457861e-02,1.43864761e+02
1.39977336e+00,2.07485547e+04,2.90497812e+04,1.95234277e+04,1.37101782e+03
1.46138775e+00,2.66536367e+04,3.72720703e+04,2.24311387e+04,1.55422534e+03
1.52458799e+00,1.60645742e+04,2.24591797e+04,1.37019277e+04,1.24253650e+03
1.58941495e+00,1.50929785e+04,2.11153789e+04,1.35076973e+04,1.48633337e+03
1.65591037e+00,1.49178594e+04,2.08771523e+04,1.36581504e+04,1.61662488e+03
1.72411728e+00,1.49310938e+04,2.08997832e+04,1.38585605e+04,1.72121826e+03
1.79407966e+00,1.50165742e+04,2.10221562e+04,1.40649746e+04,1.80794507e+03
1.86584306e+00,1.51343770e+04,2.11890625e+04,1.42681318e+04,1.88342297e+03
1.93945324e+00,1.52539395e+04,2.13579199e+04,1.44491396e+04,1.95379309e+03
2.01495814e+00,1.53734043e+04,2.15262695e+04,1.46132979e+04,2.01304102e+03
2.09240627e+00,1.54749131e+04,2.16691797e+04,1.47467656e+04,2.07075537e+03
2.17184782e+00,1.55457861e+04,2.17689922e+04,1.48417744e+04,2.12421021e+03
2.25333428e+00,1.55893311e+04,2.18304277e+04,1.49047891e+04,2.17841357e+03
2.33691788e+00,1.56043555e+04,2.18517930e+04,1.49352939e+04,2.23733447e+03
2.42265272e+00,1.55872969e+04,2.18281641e+04,1.49320898e+04,2.30031323e+03
2.51059437e+00,1.55383828e+04,2.17598926e+04,1.48960918e+04,2.36916455e+03
2.60079956e+00,1.54719102e+04,2.16670430e+04,1.48440332e+04,2.52069727e+03
2.69332647e+00,1.54133291e+04,2.15852734e+04,1.48010137e+04,2.47348511e+03
2.78823495e+00,1.53845479e+04,2.15452871e+04,1.47889160e+04,2.47789819e+03
2.88558602e+00,1.54126680e+04,2.15850332e+04,1.48343438e+04,2.52660425e+03
2.98544264e+00,1.55041484e+04,2.17135273e+04,1.49416406e+04,2.56003955e+03
3.08786964e+00,1.56397188e+04,2.19037461e+04,1.50905684e+04,2.62206689e+03
3.19293284e+00,1.58081816e+04,2.21399609e+04,1.52692441e+04,2.65593750e+03
3.30070019e+00,1.59901016e+04,2.23949297e+04,1.54573184e+04,2.69083105e+03
3.41124129e+00,1.61596328e+04,2.26324531e+04,1.56284180e+04,2.72968384e+03
3.52462745e+00,1.63001797e+04,2.28292715e+04,1.57656465e+04,2.77293799e+03
3.64093208e+00,1.64010117e+04,2.29703555e+04,1.58594707e+04,2.79327148e+03
3.76023054e+00,1.64480137e+04,2.30359805e+04,1.58966719e+04,2.78908301e+03
3.88259912e+00,1.64267227e+04,2.30058867e+04,1.58634492e+04,2.78266357e+03
4.00811720e+00,1.63414678e+04,2.28861680e+04,1.57661260e+04,2.78237939e+03
4.13686609e+00,1.62149238e+04,2.27086641e+04,1.56294648e+04,2.78853345e+03
4.26892853e+00,1.60605732e+04,2.24922812e+04,1.54680977e+04,2.74201562e+03
4.40439081e+00,1.59144805e+04,2.22875000e+04,1.53169170e+04,2.74399658e+03
4.54333878e+00,1.57897246e+04,2.21126719e+04,1.51897412e+04,2.72990430e+03
4.68586397e+00,1.56911152e+04,2.19745254e+04,1.50911191e+04,2.77685596e+03
4.83205652e+00,1.56453516e+04,2.19104512e+04,1.50474727e+04,2.72120312e+03
4.98201227e+00,1.56495039e+04,2.19163125e+04,1.50543320e+04,2.77435791e+03
5.13582754e+00,1.56732988e+04,2.19496953e+04,1.50812520e+04,2.75653564e+03
5.29360199e+00,1.57337451e+04,2.20344219e+04,1.51452676e+04,2.79655371e+03
5.45543718e+00,1.58241914e+04,2.21611719e+04,1.52388574e+04,2.80452979e+03
5.62143755e+00,1.59232783e+04,2.22999941e+04,1.53402422e+04,2.83751587e+03
5.79171038e+00,1.60196621e+04,2.24350273e+04,1.54393809e+04,2.86637769e+03
5.96636629e+00,1.61262666e+04,2.25843516e+04,1.55470410e+04,2.91175830e+03
6.14551687e+00,1.62282227e+04,2.27271426e+04,1.56492637e+04,2.94204297e+03
6.32927942e+00,1.63495742e+04,2.28971211e+04,1.57704131e+04,2.99534546e+03
6.51777077e+00,1.64737969e+04,2.30709727e+04,1.58876816e+04,3.03579102e+03
6.71111441e+00,1.65505469e+04,2.31783438e+04,1.59597822e+04,3.09072803e+03
6.90943432e+00,1.66448125e+04,2.33102344e+04,1.60470391e+04,3.13936670e+03
7.11285782e+00,1.66840547e+04,2.33648887e+04,1.60718291e+04,3.19665649e+03
7.32151794e+00,1.66443906e+04,2.33091895e+04,1.60289453e+04,3.23001367e+03
7.53554821e+00,1.66714316e+04,2.33469023e+04,1.60506924e+04,3.29445947e+03
7.75508738e+00,1.66664219e+04,2.33395508e+04,1.60371299e+04,3.29992700e+03
7.98027754e+00,1.66137383e+04,2.32658066e+04,1.59970615e+04,3.34045996e+03
8.21126270e+00,1.66945898e+04,2.33789023e+04,1.60727168e+04,3.32426074e+03
8.44819450e+00,1.66372070e+04,2.32983633e+04,1.60111172e+04,3.33919580e+03
8.69122219e+00,1.67577539e+04,2.34675586e+04,1.61376533e+04,3.33386743e+03
8.94050789e+00,1.70266289e+04,2.38439766e+04,1.63792246e+04,3.36919434e+03
9.19620800e+00,1.69714648e+04,2.37667812e+04,1.63232207e+04,3.37564600e+03
9.45849037e+00,1.72571094e+04,2.41673496e+04,1.66171680e+04,3.43813721e+03
9.72752285e+00,1.73970938e+04,2.43633906e+04,1.67462695e+04,3.49079248e+03
1.00034800e+01,1.71346875e+04,2.39965059e+04,1.65383027e+04,3.49871362e+03
1.02865391e+01,1.77799980e+04,2.49003926e+04,1.72290977e+04,3.66096777e+03
1.05768833e+01,1.85725000e+04,2.60090469e+04,1.80499531e+04,3.77208350e+03
1.08747025e+01,1.81568203e+04,2.54276680e+04,1.78331172e+04,3.84106152e+03
1.11801853e+01,1.90722656e+04,2.67085742e+04,1.88910156e+04,3.93501245e+03
1.14935322e+01,1.93452539e+04,2.70885488e+04,1.93961016e+04,3.97782568e+03
1.18149433e+01,1.83644180e+04,2.57173086e+04,1.89403242e+04,3.92132886e+03
1.21446266e+01,2.06605098e+04,2.89330859e+04,2.15368242e+04,4.21973193e+03
1.24827967e+01,2.18667227e+04,3.06182285e+04,2.29684727e+04,4.24916797e+03
1.28296700e+01,2.05634922e+04,2.87954023e+04,2.23183418e+04,4.23454883e+03
1.31854706e+01,2.26381445e+04,3.16989863e+04,2.47883164e+04,4.48692383e+03
1.35504293e+01,2.12958555e+04,2.98173340e+04,2.43340371e+04,4.43672900e+03
1.39247818e+01,1.71760898e+04,2.40503711e+04,2.16565078e+04,4.07535449e+03
1.43087692e+01,1.39604873e+04,1.95514551e+04,1.98664434e+04,3.89617676e+03
1.47026405e+01,1.31677852e+04,1.84467266e+04,2.08433887e+04,3.93381836e+03
1.51066484e+01,1.45051523e+04,2.03274434e+04,2.41617031e+04,4.14139990e+03
1.55210552e+01,1.62293867e+04,2.27576816e+04,2.79105430e+04,4.21327930e+03
1.59461288e+01,1.57097246e+04,2.20545840e+04,2.89441543e+04,4.12203223e+03
1.63821430e+01,1.75367500e+04,2.46297031e+04,3.19479043e+04,4.40394043e+03
1.68293781e+01,2.10598672e+04,2.95791582e+04,3.60971094e+04,4.68479688e+03
1.72881241e+01,1.91624316e+04,2.69630371e+04,3.50869570e+04,4.51127051e+03
1.77586803e+01,2.25205078e+04,3.17144863e+04,3.90389258e+04,4.96914795e+03
1.82413464e+01,2.72461719e+04,3.84160625e+04,4.40641719e+04,5.41581689e+03
1.87364349e+01,2.71420742e+04,3.84145273e+04,4.40812422e+04,5.31300000e+03
1.92442665e+01,3.42585898e+04,4.84476836e+04,4.89303359e+04,5.77798389e+03
1.97651691e+01,4.09082891e+04,5.77303125e+04,5.37971719e+04,6.14654297e+03
2.02994785e+01,4.26582188e+04,6.01402969e+04,5.30925664e+04,5.92698584e+03
2.08475418e+01,4.19405859e+04,5.90934492e+04,4.92571680e+04,5.38743115e+03
2.14097099e+01,5.07062969e+04,7.12786719e+04,5.33103750e+04,5.77005713e+03
2.19863453e+01,5.98071445e+04,8.39080547e+04,5.77677539e+04,6.35101025e+03
2.25778236e+01,6.54382344e+04,9.17038906e+04,5.93930859e+04,6.37128027e+03
2.31845264e+01,6.07848984e+04,8.50752031e+04,5.17601250e+04,5.84491650e+03
2.38068466e+01,5.74071875e+04,8.02187656e+04,4.79613398e+04,5.79056055e+03
2.44451809e+01,6.14302344e+04,8.57748750e+04,5.09346328e+04,6.11676367e+03
2.50999470e+01,6.72928594e+04,9.39148750e+04,5.41096836e+04,6.09840039e+03
2.57715645e+01,6.55475312e+04,9.14277812e+04,5.22046797e+04,5.77761426e+03
2.64604683e+01,6.21101250e+04,8.65544844e+04,5.04041641e+04,5.42938867e+03
2.71671047e+01,5.62271328e+04,7.83642500e+04,4.60048594e+04,4.62587891e+03
2.78919277e+01,5.02412500e+04,7.00648984e+04,4.22353984e+04,4.48190527e+03
2.86354065e+01,4.78155938e+04,6.67855000e+04,4.32110156e+04,5.08827686e+03
2.93980217e+01,4.51187070e+04,6.30744922e+04,4.21947773e+04,5.18618115e+03
3.01802654e+01,4.66110273e+04,6.51801133e+04,4.37125430e+04,4.72279004e+03
3.09826431e+01,4.17514922e+04,5.83429219e+04,3.65416016e+04,2.39575928e+03
3.18056717e+01,3.11844062e+04,4.35387812e+04,2.62733594e+04,1.06554248e+03
3.26498833e+01,2.45164414e+04,3.41852656e+04,1.83451055e+04,1.33611145e+02
3.35158234e+01,1.07351436e+04,1.48812471e+04,5.23632080e+03,1.02185833e+00
3.44040565e+01,1.17865125e+03,1.60871289e+03,2.40174286e+02,5.38986444e-01
3.53151436e+01,8.83895813e+02,1.21385193e+03,1.50996948e+02,1.59710795e-02
3.62496834e+01,7.30221497e+02,1.00034741e+03,7.22805023e+01,1.85505516e-04
3.72082787e+01,6.51917847e+02,8.88911804e+02,6.49955902e+01,1.23603421e-03
3.81915474e+01,4.82800354e+02,6.57138794e+02,3.39295998e+01,3.91193171e-05
3.92001228e+01,4.82068787e+02,6.54313599e+02,3.88347855e+01,3.12117045e-05
4.02346535e+01,3.33929474e+02,4.51841492e+02,2.72005920e+01,2.99953444e-05
4.12958107e+01,2.10682190e+02,2.83781281e+02,8.85373306e+00,1.48649451e-05
4.23842850e+01,1.03366310e+02,1.37199554e+02,1.42645001e+00,3.41333089e-06
4.35007744e+01,2.24567413e+01,2.92903271e+01,2.03025907e-01,8.54187306e-07
4.46459999e+01,8.62880707e+00,1.12951641e+01,4.79367971e-02,2.89291222e-07
4.58207016e+01,3.84888172e+00,4.99075794e+00,1.51143307e-02,1.17175496e-07
4.70256386e+01,5.65512776e-01,7.10638940e-01,6.09360322e-05,1.56045523e-08
4.82615852e+01,1.85138851e-01,2.29336113e-01,1.13950737e-05,3.83379462e-09
4.95293465e+01,3.08788903e-02,3.77511941e-02,1.82515623e-06,5.68685432e-10
5.08297386e+01,1.80366013e-04,2.08481390e-04,8.88924205e-08,1.42347792e-11
5.21635971e+01,2.91073945e-07,4.36018411e-07,7.58279772e-10,3.67950333e-14
5.35317917e+01,6.18791773e-08,7.39650972e-08,3.03657516e-11,1.36405423e-14
5.49351997e+01,3.22670779e-11,4.08075691e-11,2.04527313e-13,1.15054578e-17
5.63747253e+01,6.49840641e-12,7.31631596e-12,8.81949594e-15,3.97753354e-18
5.78513031e+01,3.30917964e-13,7.53647578e-13,8.90475017e-17,6.40181598e-19
5.93278885e+01,2.92031189e-15,2.07064404e-15,3.76236782e-17,1.43947289e-21
6.08044662e+01,4.99514493e-16,8.73728143e-16,2.60690085e-18,5.78071314e-22
6.22810478e+01,3.66343603e-17,4.75156664e-17,2.33398154e-20,9.12912931e-25
6.37576256e+01,3.57362332e-18,4.20276242e-18,3.37332150e-21,5.23433665e-25
6.52341995e+01,4.22697339e-20,5.44258929e-20,2.59404460e-23,1.27247376e-27
6.67107849e+01,5.33299416e-21,6.08938217e-21,5.77325960e-24,8.52247015e-28
6.81873703e+01,7.23824309e-23,9.26506342e-23,7.36150267e-26,3.87853251e-30
6.96639481e+01,4.89783344e-24,5.46453376e-24,8.92675694e-27,1.19323463e-30
7.11405258e+01,3.19850729e-25,3.84646408e-25,4.47617752e-28,4.10747084e-32
7.26171036e+01,4.30427716e-26,4.79141757e-26,7.04736165e-29,8.97948747e-33
7.40936813e+01,1.85105191e-27,2.32094511e-27,3.34025804e-30,3.40433679e-34
7.55702591e+01,1.43637480e-28,1.69233523e-28,3.00352278e-31,3.41806551e-35
7.70468445e+01,5.15500804e-30,6.63492721e-30,1.32881187e-32,1.32487160e-36
7.85234222e+01,2.05240232e-31,2.55834920e-31,5.55124911e-34,5.30601664e-38
8.00000000e+01,1.53762331e-32,1.95790280e-32,4.48844438e-35,3.54668641e-39
