Height (km), 7_8 um ash conc (g/kg), 15_6 um ash conc (g/kg), 125 um ash conc (g/kg), 1 mm ash conc (g/kg)
0.00000000e+00,0.00000000e+00,0.00000000e+00,0.00000000e+00,0.00000000e+00
3.99999991e-02,4.14023641e-03,6.29353430e-03,1.83849871e-01,2.04839058e+01
7.99999982e-02,4.87684365e-03,7.55540933e-03,2.09255248e-01,2.12433052e+01
1.19999997e-01,5.95080853e-03,9.32720676e-03,2.34910637e-01,2.06833725e+01
1.59999996e-01,7.52567826e-03,1.18537042e-02,2.62932360e-01,2.08108368e+01
2.00000003e-01,9.76193510e-03,1.53857917e-02,3.00322771e-01,2.01890659e+01
2.39999995e-01,1.25759458e-02,1.97781548e-02,3.44448328e-01,1.99472828e+01
2.80000001e-01,1.62226260e-02,2.54088677e-02,3.98266613e-01,1.93029213e+01
3.19999993e-01,2.02302057e-02,3.15376073e-02,4.56148714e-01,1.88621159e+01
3.60000014e-01,2.45194416e-02,3.80710065e-02,5.22031426e-01,1.82325096e+01
4.00000006e-01,2.92191878e-02,4.52215858e-02,5.90410113e-01,1.77297134e+01
4.39999998e-01,3.42922732e-02,5.29349819e-02,6.56997919e-01,1.71782074e+01
4.79999989e-01,4.04341370e-02,6.22734502e-02,7.19253182e-01,1.67352524e+01
5.19999981e-01,4.65232283e-02,7.14787766e-02,7.60651290e-01,1.63145447e+01
5.60000002e-01,5.46874776e-02,8.37443545e-02,7.91640878e-01,1.59972916e+01
6.00000024e-01,6.11940958e-02,9.34697837e-02,7.91022778e-01,1.57360191e+01
6.41029537e-01,7.07095489e-02,1.07470140e-01,7.79496789e-01,1.55676336e+01
6.83115125e-01,7.69811273e-02,1.16635390e-01,7.38773108e-01,1.54686117e+01
7.26283848e-01,8.37481469e-02,1.26347318e-01,6.92419291e-01,1.54614258e+01
7.70563781e-01,9.02020559e-02,1.35439754e-01,6.38571858e-01,1.55269909e+01
8.15983355e-01,9.67009068e-02,1.44451708e-01,5.88005364e-01,1.56752663e+01
8.62571895e-01,9.79883969e-02,1.45766497e-01,5.34956217e-01,1.58872080e+01
9.10359621e-01,1.01156905e-01,1.49735183e-01,4.91079658e-01,1.61582565e+01
9.59377348e-01,9.96485054e-02,1.46975949e-01,4.53338087e-01,1.64658165e+01
1.00965667e+00,9.93722826e-02,1.46004066e-01,4.24409211e-01,1.68015747e+01
1.06123006e+00,9.84020382e-02,1.44121677e-01,4.02788997e-01,1.71472874e+01
1.11413085e+00,9.73482728e-02,1.42263383e-01,3.88055384e-01,1.74960060e+01
1.16839325e+00,9.71257687e-02,1.41709119e-01,3.80029023e-01,1.78352451e+01
1.22405231e+00,9.77204591e-02,1.42309636e-01,3.76235038e-01,1.81622658e+01
1.28114390e+00,9.92402732e-02,1.44145846e-01,3.73194695e-01,1.84711208e+01
1.33970511e+00,1.00881524e-01,1.46202847e-01,3.66541535e-01,1.87622986e+01
1.39977336e+00,2.02085176e+04,2.83091328e+04,2.00809863e+04,2.16969434e+03
1.46138775e+00,2.62130664e+04,3.66998359e+04,2.47207852e+04,2.12173560e+03
1.52458799e+00,1.63309902e+04,2.28622461e+04,1.54438809e+04,1.45363867e+03
1.58941495e+00,1.54871621e+04,2.16878184e+04,1.49881865e+04,1.63637622e+03
1.65591037e+00,1.53298926e+04,2.14706758e+04,1.49940820e+04,1.74526685e+03
1.72411728e+00,1.53311504e+04,2.14743125e+04,1.50901602e+04,1.82593860e+03
1.79407966e+00,1.54023359e+04,2.15752422e+04,1.52232070e+04,1.89188550e+03
1.86584306e+00,1.54918164e+04,2.17014805e+04,1.53582949e+04,1.94845972e+03
1.93945324e+00,1.56398643e+04,2.19096172e+04,1.55427812e+04,2.00504272e+03
2.01495814e+00,1.58534727e+04,2.22094492e+04,1.57855039e+04,2.06486987e+03
2.09240627e+00,1.61201660e+04,2.25835430e+04,1.60762676e+04,2.12709668e+03
2.17184782e+00,1.63500723e+04,2.29059219e+04,1.63212402e+04,2.17415527e+03
2.25333428e+00,1.64337832e+04,2.30232754e+04,1.64089805e+04,2.19199341e+03
2.33691788e+00,1.63308555e+04,2.28790391e+04,1.63030967e+04,2.18080518e+03
2.42265272e+00,1.60705352e+04,2.25143848e+04,1.60429609e+04,2.15253955e+03
2.51059437e+00,1.58841367e+04,2.22535430e+04,1.58676152e+04,2.14389453e+03
2.60079956e+00,1.60326143e+04,2.24620059e+04,1.60335430e+04,2.18718945e+03
2.69332647e+00,1.65443594e+04,2.31795547e+04,1.65742559e+04,2.28940649e+03
2.78823495e+00,1.73443359e+04,2.43007031e+04,1.73962637e+04,2.41816504e+03
2.88558602e+00,1.80546973e+04,2.52957500e+04,1.81047168e+04,2.51360400e+03
2.98544264e+00,1.83018047e+04,2.56418223e+04,1.83541797e+04,2.55336963e+03
3.08786964e+00,1.79124160e+04,2.50961934e+04,1.79558984e+04,2.49181030e+03
3.19293284e+00,1.69098750e+04,2.36914961e+04,1.69365977e+04,2.34062646e+03
3.30070019e+00,1.70478633e+04,2.38852129e+04,1.70881289e+04,2.37447754e+03
3.41124129e+00,1.81825664e+04,2.54752344e+04,1.82328105e+04,2.53418066e+03
3.52462745e+00,1.88590820e+04,2.64222109e+04,1.88709004e+04,2.58558545e+03
3.64093208e+00,1.92800898e+04,2.70109297e+04,1.92493457e+04,2.61197070e+03
3.76023054e+00,1.86433613e+04,2.61185703e+04,1.86028945e+04,2.53538623e+03
3.88259912e+00,1.77577852e+04,2.48798828e+04,1.77942539e+04,2.49189697e+03
4.00811720e+00,1.81233633e+04,2.53917793e+04,1.81221328e+04,2.48521436e+03
4.13686609e+00,1.56687344e+04,2.19523281e+04,1.56514814e+04,2.16765771e+03
4.26892853e+00,1.66917734e+04,2.33902363e+04,1.68714141e+04,2.47698633e+03
4.40439081e+00,2.19089355e+04,3.06983203e+04,2.20260898e+04,3.08284619e+03
4.54333878e+00,2.20422305e+04,3.08813086e+04,2.20188613e+04,3.00907300e+03
4.68586397e+00,2.15633613e+04,3.02106523e+04,2.15583340e+04,3.00563135e+03
4.83205652e+00,2.17356250e+04,3.04514609e+04,2.17048535e+04,3.02510547e+03
4.98201227e+00,1.92419824e+04,2.69568203e+04,1.91670645e+04,2.63437207e+03
5.13582754e+00,1.58947988e+04,2.22664941e+04,1.57821973e+04,2.14821045e+03
5.29360199e+00,1.41858965e+04,1.98728613e+04,1.41005947e+04,1.96328589e+03
5.45543718e+00,1.46938145e+04,2.05855020e+04,1.46606416e+04,2.09378589e+03
5.62143755e+00,1.62327812e+04,2.27411230e+04,1.61822402e+04,2.31243066e+03
5.79171038e+00,1.72001328e+04,2.40958047e+04,1.71229355e+04,2.47213965e+03
5.96636629e+00,1.68309727e+04,2.35781758e+04,1.67397402e+04,2.48101758e+03
6.14551687e+00,1.48287559e+04,2.07737031e+04,1.47652725e+04,2.29809717e+03
6.32927942e+00,1.30551680e+04,1.82901562e+04,1.30305684e+04,2.12218579e+03
6.51777077e+00,1.29455957e+04,1.81354961e+04,1.28660127e+04,2.08960156e+03
6.71111441e+00,1.28667598e+04,1.80247852e+04,1.27863867e+04,2.12873096e+03
6.90943432e+00,1.41884775e+04,1.98785508e+04,1.41928027e+04,2.39788867e+03
7.11285782e+00,1.70876016e+04,2.39382891e+04,1.70096113e+04,2.70502759e+03
7.32151794e+00,1.69242402e+04,2.37073418e+04,1.67742539e+04,2.65733398e+03
7.53554821e+00,1.60371191e+04,2.24648223e+04,1.59083086e+04,2.60425537e+03
7.75508738e+00,1.48113340e+04,2.07470547e+04,1.46704453e+04,2.45260742e+03
7.98027754e+00,1.16125039e+04,1.62664990e+04,1.15104297e+04,2.04140955e+03
8.21126270e+00,8.51202539e+03,1.19232822e+04,8.42784375e+03,1.63422437e+03
8.44819450e+00,6.51905615e+03,9.13129395e+03,6.44388965e+03,1.41076428e+03
8.69122219e+00,6.13623193e+03,8.59561914e+03,6.09179590e+03,1.43208618e+03
8.94050789e+00,7.09993994e+03,9.94550586e+03,7.05062012e+03,1.60429846e+03
9.19620800e+00,8.35741992e+03,1.17062393e+04,8.27613574e+03,1.80183887e+03
9.45849037e+00,1.02222695e+04,1.43186504e+04,1.01415586e+04,2.10424536e+03
9.72752285e+00,1.33665107e+04,1.87234199e+04,1.32791348e+04,2.53378711e+03
1.00034800e+01,1.49982930e+04,2.10083320e+04,1.48608047e+04,2.72728516e+03
1.02865391e+01,1.59418965e+04,2.23305820e+04,1.58198223e+04,2.91292822e+03
1.05768833e+01,1.74951543e+04,2.45076797e+04,1.74170977e+04,3.21818115e+03
1.08747025e+01,1.54916895e+04,2.17016641e+04,1.54495605e+04,3.06145264e+03
1.11801853e+01,1.16021113e+04,1.62541768e+04,1.16321182e+04,2.70998486e+03
1.14935322e+01,9.80743652e+03,1.37412646e+04,9.89989062e+03,2.59388428e+03
1.18149433e+01,1.07379375e+04,1.50430928e+04,1.07855713e+04,2.72267285e+03
1.21446266e+01,1.06516621e+04,1.49215566e+04,1.06954648e+04,2.77495752e+03
1.24827967e+01,9.17093652e+03,1.28497617e+04,9.32525000e+03,2.77576709e+03
1.28296700e+01,1.01640107e+04,1.42428799e+04,1.03964219e+04,3.05635205e+03
1.31854706e+01,1.21414668e+04,1.70097949e+04,1.22596807e+04,3.28262915e+03
1.35504293e+01,1.14885332e+04,1.60909307e+04,1.14956973e+04,3.18393799e+03
1.39247818e+01,9.62949023e+03,1.34867832e+04,9.73443652e+03,3.05182471e+03
1.43087692e+01,6.72756836e+03,9.42598438e+03,7.15320703e+03,2.92227710e+03
1.47026405e+01,4.91508008e+03,6.89401221e+03,5.91072656e+03,2.96604224e+03
1.51066484e+01,6.23575000e+03,8.75508203e+03,8.24936914e+03,3.15881812e+03
1.55210552e+01,9.34008691e+03,1.31231885e+04,1.28519727e+04,3.23555762e+03
1.59461288e+01,1.17236445e+04,1.64746953e+04,1.60524463e+04,3.25853223e+03
1.63821430e+01,1.40951152e+04,1.98104375e+04,1.90771875e+04,3.33180029e+03
1.68293781e+01,1.67114062e+04,2.34864023e+04,2.20529414e+04,3.36815625e+03
1.72881241e+01,1.88169258e+04,2.64429219e+04,2.42071465e+04,3.29778906e+03
1.77586803e+01,2.11445195e+04,2.97102402e+04,2.63994727e+04,3.27685229e+03
1.82413464e+01,2.43120977e+04,3.41535469e+04,2.87322812e+04,3.32940332e+03
1.87364349e+01,2.75340645e+04,3.86532422e+04,3.06628965e+04,3.50968384e+03
1.92442665e+01,3.01778574e+04,4.23408633e+04,3.21002129e+04,3.60853345e+03
1.97651691e+01,3.22929727e+04,4.52714141e+04,3.27091426e+04,3.63422559e+03
2.02994785e+01,3.57814062e+04,5.01443984e+04,3.39262539e+04,3.80848267e+03
2.08475418e+01,4.04800078e+04,5.66761953e+04,3.51657539e+04,4.02145068e+03
2.14097099e+01,4.00220703e+04,5.59535117e+04,3.16410586e+04,3.74156177e+03
2.19863453e+01,3.55270781e+04,4.95734023e+04,2.69010586e+04,3.62287695e+03
2.25778236e+01,3.33145352e+04,4.64484414e+04,2.64764004e+04,3.64100024e+03
2.31845264e+01,3.00647852e+04,4.19460000e+04,2.51704727e+04,3.34970264e+03
2.38068466e+01,2.89740566e+04,4.04654375e+04,2.53501230e+04,3.48060059e+03
2.44451809e+01,2.70007500e+04,3.77284414e+04,2.40198789e+04,2.94849219e+03
2.50999470e+01,2.25486562e+04,3.15046680e+04,1.95650195e+04,1.80794995e+03
2.57715645e+01,1.64559434e+04,2.29827949e+04,1.38615605e+04,1.17790100e+03
2.64604683e+01,1.28143877e+04,1.79054688e+04,1.11657266e+04,1.13067957e+03
2.71671047e+01,9.26223828e+03,1.29394902e+04,7.86786816e+03,5.96339600e+02
2.78919277e+01,5.19288721e+03,7.24455518e+03,3.96221533e+03,9.93090439e+01
2.86354065e+01,1.40060718e+03,1.94651782e+03,8.41347595e+02,8.36752033e+00
2.93980217e+01,5.73238770e+02,7.93585510e+02,2.76019135e+02,6.21189737e+00
3.01802654e+01,5.01214996e+02,6.95012024e+02,2.32393021e+02,1.14936471e+00
3.09826431e+01,3.82748840e+02,5.29216492e+02,1.25264267e+02,3.78288813e-02
3.18056717e+01,2.14966904e+02,2.96013214e+02,4.71247635e+01,3.94037925e-03
3.26498833e+01,1.23112717e+02,1.68527451e+02,1.52782173e+01,7.81847257e-03
3.35158234e+01,6.28822594e+01,8.56571121e+01,6.42686415e+00,9.13680624e-03
3.44040565e+01,2.21417675e+01,3.00602131e+01,1.97622812e+00,1.38209364e-03
3.53151436e+01,6.83499813e+00,9.22756481e+00,5.35983622e-01,1.50963035e-03
3.62496834e+01,2.21730709e+00,2.99011421e+00,2.93961406e-01,4.06296086e-03
3.72082787e+01,8.35926294e-01,1.13608360e+00,1.62333563e-01,1.50929007e-03
3.81915474e+01,3.07619393e-01,4.16579604e-01,3.76583487e-02,7.28202067e-05
3.92001228e+01,1.19776160e-01,1.60250768e-01,4.79187444e-03,7.79684228e-07
4.02346535e+01,4.19143774e-02,5.57686463e-02,7.22118246e-04,1.97105635e-07
4.12958107e+01,1.49690881e-02,1.98401716e-02,1.81139068e-04,5.41793987e-08
4.23842850e+01,3.40346340e-03,4.48434940e-03,4.97653382e-05,2.18232437e-08
4.35007744e+01,1.03637867e-04,1.36882649e-04,2.56823637e-06,2.28896413e-09
4.46459999e+01,4.32528832e-05,5.74025617e-05,1.05284585e-06,4.22271607e-10
4.58207016e+01,1.84140663e-05,2.42771039e-05,4.57784324e-07,9.44869530e-11
4.70256386e+01,2.28901555e-08,3.07399866e-08,1.63171676e-09,3.15160739e-13
4.82615852e+01,1.23192166e-07,1.61941671e-07,3.63596264e-09,1.07284635e-12
4.95293465e+01,2.00301962e-08,2.64144084e-08,6.30931862e-10,1.47498563e-13
5.08297386e+01,3.15130561e-10,4.14115131e-10,1.04445680e-11,2.57731458e-15
5.21635971e+01,2.82740151e-11,3.73355548e-11,9.13601876e-13,1.51258207e-16
5.35317917e+01,1.38173788e-13,1.80333667e-13,5.69381307e-15,2.01295395e-18
5.49351997e+01,6.48423711e-15,8.37944707e-15,3.11522783e-16,1.30666710e-19
5.63747253e+01,2.57025266e-17,4.46645436e-17,1.41191407e-18,2.45236711e-22
5.78513031e+01,1.09855314e-18,1.28279914e-18,3.83698325e-19,1.52128213e-23
5.93278885e+01,2.29245972e-19,2.59376957e-19,2.09789467e-22,1.96670086e-25
6.08044662e+01,5.52082373e-22,6.47909965e-22,1.33132660e-22,4.86720053e-27
6.22810478e+01,8.88949053e-23,9.44082857e-23,7.14475365e-25,7.03834228e-29
6.37576256e+01,3.98108640e-25,8.83869735e-25,4.55434268e-26,5.40568211e-30
6.52341995e+01,3.22454784e-26,3.33137809e-26,4.71722836e-28,3.70259532e-32
6.67107849e+01,3.25535364e-28,4.70120270e-28,2.99774426e-29,4.47059493e-33
6.81873703e+01,3.14703633e-29,4.17173850e-29,6.13414236e-31,9.18121240e-35
6.96639481e+01,9.03333931e-31,1.12135240e-30,6.98079016e-32,7.97445782e-36
7.11405258e+01,1.01255038e-31,1.31999728e-31,4.43547998e-33,4.23777857e-37
7.26171036e+01,7.78093359e-33,1.02485975e-32,3.76234002e-34,3.79625767e-38
7.40936813e+01,5.72157824e-34,7.54830473e-34,2.91291948e-35,3.01279170e-39
7.55702591e+01,3.70148133e-35,4.86924600e-35,1.92049923e-36,1.86372696e-40
7.70468445e+01,1.91764444e-36,2.51654819e-36,1.00195643e-37,0.00000000e+00
7.85234222e+01,6.99486154e-38,9.15986767e-38,3.64197471e-39,0.00000000e+00
8.00000000e+01,1.96742304e-39,2.61202034e-39,6.44597294e-41,0.00000000e+00
