Height (km), 7_8 um ash conc (g/kg), 15_6 um ash conc (g/kg), 125 um ash conc (g/kg), 1 mm ash conc (g/kg)
0.00000000e+00,0.00000000e+00,0.00000000e+00,0.00000000e+00,0.00000000e+00
3.99999991e-02,5.77280074e-02,8.21561590e-02,4.86179292e-02,1.56195152e+00
7.99999982e-02,7.13798255e-02,1.01074964e-01,5.50677031e-02,1.76344097e+00
1.19999997e-01,8.35041031e-02,1.17685676e-01,5.95603287e-02,1.86893654e+00
1.59999996e-01,9.48147774e-02,1.32960424e-01,6.20615259e-02,2.02668619e+00
2.00000003e-01,9.57874358e-02,1.33710459e-01,6.19647875e-02,2.15217614e+00
2.39999995e-01,1.02966510e-01,1.42978385e-01,6.30176961e-02,2.31680608e+00
2.80000001e-01,1.02747813e-01,1.41839862e-01,6.24509752e-02,2.46298695e+00
3.19999993e-01,1.03988573e-01,1.42879337e-01,6.31649196e-02,2.64083982e+00
3.60000014e-01,9.95159745e-02,1.36076361e-01,6.32446706e-02,2.81712270e+00
4.00000006e-01,9.79909673e-02,1.33722916e-01,6.46860898e-02,3.02400970e+00
4.39999998e-01,9.03339386e-02,1.23014480e-01,6.49131089e-02,3.24413347e+00
4.79999989e-01,8.89370814e-02,1.21093862e-01,6.65262267e-02,3.49196720e+00
5.19999981e-01,8.07766020e-02,1.10020064e-01,6.79501444e-02,3.77278399e+00
5.60000002e-01,8.14415589e-02,1.11199103e-01,7.12478086e-02,4.08221579e+00
6.00000024e-01,7.43944570e-02,1.01792321e-01,7.25592226e-02,4.43676233e+00
6.41029537e-01,7.91863501e-02,1.08835503e-01,7.77063966e-02,4.83501434e+00
6.83115125e-01,7.28549734e-02,1.00253686e-01,7.72668719e-02,5.29540348e+00
7.26283848e-01,7.23393261e-02,9.97013897e-02,8.08310881e-02,5.81805801e+00
7.70563781e-01,7.10877925e-02,9.81192514e-02,8.34568888e-02,6.43118048e+00
8.15983355e-01,7.53628537e-02,1.04291812e-01,9.02366489e-02,7.11501837e+00
8.62571895e-01,7.16297626e-02,9.92828980e-02,9.20199975e-02,7.91269350e+00
9.10359621e-01,7.67910406e-02,1.06527761e-01,9.92067829e-02,8.80464649e+00
9.59377348e-01,7.39080161e-02,1.02750257e-01,1.02220379e-01,9.81285191e+00
1.00965667e+00,7.79136792e-02,1.08596563e-01,1.10546798e-01,1.09698076e+01
1.06123006e+00,8.52344483e-02,1.18976511e-01,1.21212527e-01,1.22571383e+01
1.11413085e+00,9.03889388e-02,1.26439914e-01,1.32443741e-01,1.37077017e+01
1.16839325e+00,9.83054712e-02,1.37770772e-01,1.46173775e-01,1.53182335e+01
1.22405231e+00,1.06644854e-01,1.49641052e-01,1.61022872e-01,1.76591988e+01
1.28114390e+00,1.23385981e-01,1.73420995e-01,1.87947169e-01,1.95726891e+01
1.33970511e+00,1.44513428e-01,2.03399733e-01,2.20773011e-01,2.18085518e+01
1.39977336e+00,1.98535059e+04,2.78102988e+04,1.96279414e+04,2.02467285e+03
1.46138775e+00,2.34002109e+04,3.27620430e+04,2.21058281e+04,1.89982104e+03
1.52458799e+00,1.50063398e+04,2.10084727e+04,1.42026641e+04,1.33104456e+03
1.58941495e+00,1.40107080e+04,1.96200938e+04,1.35348594e+04,1.46094727e+03
1.65591037e+00,1.39080107e+04,1.94790898e+04,1.35805068e+04,1.57270654e+03
1.72411728e+00,1.41634883e+04,1.98387656e+04,1.39260762e+04,1.69142261e+03
1.79407966e+00,1.45904590e+04,2.04380938e+04,1.44117500e+04,1.80468921e+03
1.86584306e+00,1.50434277e+04,2.10733242e+04,1.48978848e+04,1.89910303e+03
1.93945324e+00,1.52944082e+04,2.14250781e+04,1.51565537e+04,1.94625745e+03
2.01495814e+00,1.51168535e+04,2.11762031e+04,1.49738047e+04,1.93288013e+03
2.09240627e+00,1.45033486e+04,2.03166328e+04,1.43555586e+04,1.86054382e+03
2.17184782e+00,1.36556016e+04,1.91291445e+04,1.35117129e+04,1.76777002e+03
2.25333428e+00,1.30159375e+04,1.82337031e+04,1.28982686e+04,1.72539294e+03
2.33691788e+00,1.31954121e+04,1.84863164e+04,1.31253018e+04,1.81432703e+03
2.42265272e+00,1.41426104e+04,1.98145371e+04,1.41259844e+04,2.00867151e+03
2.51059437e+00,1.53467305e+04,2.15019375e+04,1.53535020e+04,2.19804053e+03
2.60079956e+00,1.69710273e+04,2.37781172e+04,1.70243945e+04,2.47463916e+03
2.69332647e+00,1.88297598e+04,2.63820996e+04,1.89008867e+04,2.74246411e+03
2.78823495e+00,1.91027598e+04,2.67633535e+04,1.91293418e+04,2.76032275e+03
2.88558602e+00,1.76196602e+04,2.46862539e+04,1.76822676e+04,2.60453149e+03
2.98544264e+00,1.67698730e+04,2.34960996e+04,1.68308086e+04,2.46414990e+03
3.08786964e+00,1.47083203e+04,2.06063711e+04,1.46907988e+04,2.12543091e+03
3.19293284e+00,1.31712900e+04,1.84550684e+04,1.32433535e+04,2.00897815e+03
3.30070019e+00,1.54252256e+04,2.16147578e+04,1.55641484e+04,2.36764819e+03
3.41124129e+00,1.93049609e+04,2.70498613e+04,1.94019551e+04,2.83178979e+03
3.52462745e+00,1.94451289e+04,2.72434414e+04,1.94357910e+04,2.77609692e+03
3.64093208e+00,1.89278477e+04,2.65181836e+04,1.89045586e+04,2.71520435e+03
3.76023054e+00,1.86963945e+04,2.61928203e+04,1.86279648e+04,2.66348560e+03
3.88259912e+00,1.68039082e+04,2.35404336e+04,1.67002637e+04,2.38953052e+03
4.00811720e+00,1.38932148e+04,1.94631816e+04,1.38225508e+04,2.03481006e+03
4.13686609e+00,1.28009590e+04,1.79349844e+04,1.28060830e+04,1.93862305e+03
4.26892853e+00,1.35362197e+04,1.89645859e+04,1.35164141e+04,1.99725488e+03
4.40439081e+00,1.35244746e+04,1.89485195e+04,1.35367676e+04,2.03514929e+03
4.54333878e+00,1.43188633e+04,2.00640039e+04,1.44370469e+04,2.23343115e+03
4.68586397e+00,1.64811133e+04,2.30938945e+04,1.66098320e+04,2.51395728e+03
4.83205652e+00,1.69126445e+04,2.36967305e+04,1.69742500e+04,2.51678052e+03
4.98201227e+00,1.59594717e+04,2.23608496e+04,1.60114395e+04,2.40380322e+03
5.13582754e+00,1.54341992e+04,2.16243906e+04,1.54653721e+04,2.32544092e+03
5.29360199e+00,1.45759590e+04,2.04208047e+04,1.45589316e+04,2.16507788e+03
5.45543718e+00,1.36761885e+04,1.91588730e+04,1.36088965e+04,1.99027588e+03
5.62143755e+00,1.35228545e+04,1.89429629e+04,1.34192783e+04,1.92805359e+03
5.79171038e+00,1.38518438e+04,1.94033887e+04,1.37355000e+04,1.96554419e+03
5.96636629e+00,1.40659072e+04,1.97039434e+04,1.39767324e+04,2.02336157e+03
6.14551687e+00,1.38227236e+04,1.93639727e+04,1.37609297e+04,2.01758875e+03
6.32927942e+00,1.27663301e+04,1.78842090e+04,1.27159834e+04,1.89427869e+03
6.51777077e+00,1.15425459e+04,1.61700127e+04,1.15079043e+04,1.75867542e+03
6.71111441e+00,1.04747480e+04,1.46745996e+04,1.04621201e+04,1.63948438e+03
6.90943432e+00,9.45713086e+03,1.32492705e+04,9.45576465e+03,1.50548865e+03
7.11285782e+00,8.79224609e+03,1.23176045e+04,8.78454785e+03,1.40488306e+03
7.32151794e+00,8.73272266e+03,1.22339131e+04,8.71833398e+03,1.38913757e+03
7.53554821e+00,9.07977246e+03,1.27197061e+04,9.05718359e+03,1.43093030e+03
7.75508738e+00,9.46519336e+03,1.32595566e+04,9.44819531e+03,1.49250391e+03
7.98027754e+00,9.88437402e+03,1.38469990e+04,9.88323438e+03,1.55926855e+03
8.21126270e+00,1.00560293e+04,1.40873848e+04,1.00581992e+04,1.57890955e+03
8.44819450e+00,9.62440039e+03,1.34827109e+04,9.63882520e+03,1.52878223e+03
8.69122219e+00,8.89119922e+03,1.24555615e+04,8.91746484e+03,1.43337927e+03
8.94050789e+00,7.37601758e+03,1.03336025e+04,7.43905811e+03,1.24840735e+03
9.19620800e+00,5.99105127e+03,8.39492773e+03,6.12331006e+03,1.09076306e+03
9.45849037e+00,5.42196729e+03,7.59905078e+03,5.59924951e+03,1.04070984e+03
9.72752285e+00,6.29095508e+03,8.81692969e+03,6.48210889e+03,1.18854578e+03
1.00034800e+01,8.24001562e+03,1.15474326e+04,8.45815527e+03,1.46475366e+03
1.02865391e+01,9.93695215e+03,1.39251543e+04,1.02271836e+04,1.68594849e+03
1.05768833e+01,1.10840947e+04,1.55327949e+04,1.14450352e+04,1.79945227e+03
1.08747025e+01,1.11925312e+04,1.56865391e+04,1.16652891e+04,1.80732214e+03
1.11801853e+01,1.12302051e+04,1.57425303e+04,1.18880840e+04,1.85838062e+03
1.14935322e+01,1.17166738e+04,1.64273145e+04,1.26139326e+04,1.99552795e+03
1.18149433e+01,1.27376289e+04,1.78622559e+04,1.39910137e+04,2.19751343e+03
1.21446266e+01,1.49543945e+04,2.09719727e+04,1.66276230e+04,2.45447974e+03
1.24827967e+01,1.62721416e+04,2.28227363e+04,1.84808027e+04,2.52493750e+03
1.28296700e+01,1.62605186e+04,2.28198633e+04,1.91532637e+04,2.43110254e+03
1.31854706e+01,1.59060400e+04,2.23467578e+04,1.91901797e+04,2.25048706e+03
1.35504293e+01,1.53456689e+04,2.15837520e+04,1.81735898e+04,1.98095764e+03
1.39247818e+01,1.57773271e+04,2.21812930e+04,1.76493145e+04,1.80305835e+03
1.43087692e+01,1.59446016e+04,2.23893594e+04,1.71595410e+04,1.63677979e+03
1.47026405e+01,1.45191318e+04,2.03744395e+04,1.51619199e+04,1.33224109e+03
1.51066484e+01,1.35694736e+04,1.90315430e+04,1.34694287e+04,1.13152332e+03
1.55210552e+01,1.41300234e+04,1.98045488e+04,1.31242295e+04,1.14288208e+03
1.59461288e+01,1.49932080e+04,2.09923965e+04,1.29083730e+04,1.24244299e+03
1.63821430e+01,1.56461328e+04,2.18740234e+04,1.28017236e+04,1.41138257e+03
1.68293781e+01,1.56263281e+04,2.18161621e+04,1.26716914e+04,1.52136377e+03
1.72881241e+01,1.39575996e+04,1.94702773e+04,1.15717197e+04,1.35437952e+03
1.77586803e+01,1.24406572e+04,1.73669316e+04,1.08725469e+04,1.26673401e+03
1.82413464e+01,1.26421211e+04,1.76756035e+04,1.16233545e+04,1.36072229e+03
1.87364349e+01,1.39871396e+04,1.95655371e+04,1.28734814e+04,1.38963416e+03
1.92442665e+01,1.48601709e+04,2.07819316e+04,1.34370742e+04,1.38586096e+03
1.97651691e+01,1.49401162e+04,2.08954336e+04,1.36445381e+04,1.47142334e+03
2.02994785e+01,1.41172979e+04,1.97495898e+04,1.30648906e+04,1.51147717e+03
2.08475418e+01,1.28805088e+04,1.80203574e+04,1.19017197e+04,1.38120679e+03
2.14097099e+01,1.16636816e+04,1.63179180e+04,1.07571836e+04,1.18836902e+03
2.19863453e+01,9.20538281e+03,1.28732568e+04,8.22377441e+03,7.65940735e+02
2.25778236e+01,5.19802783e+03,7.26222852e+03,4.31934814e+03,2.97848907e+02
2.31845264e+01,1.88435034e+03,2.62632642e+03,1.32268774e+03,5.07993279e+01
2.38068466e+01,5.43534973e+02,7.53852905e+02,2.70057495e+02,1.79845309e+00
2.44451809e+01,2.65336517e+02,3.67005890e+02,1.06378639e+02,7.19181895e-02
2.50999470e+01,1.91895065e+02,2.65444885e+02,7.75168991e+01,5.38985617e-02
2.57715645e+01,1.53925476e+02,2.13014267e+02,6.35502472e+01,4.01389785e-02
2.64604683e+01,1.22765526e+02,1.70011032e+02,5.12111702e+01,1.78513862e-02
2.71671047e+01,8.92579575e+01,1.23609230e+02,3.48999214e+01,7.23368162e-03
2.78919277e+01,5.49902763e+01,7.60648270e+01,1.90630493e+01,2.39644898e-03
2.86354065e+01,3.32212868e+01,4.59076881e+01,1.07217464e+01,9.81926336e-04
2.93980217e+01,1.85843658e+01,2.56838360e+01,6.29802036e+00,3.44083383e-04
3.01802654e+01,1.23894854e+01,1.71492157e+01,4.70958710e+00,4.93510233e-05
3.09826431e+01,8.92796135e+00,1.23449421e+01,3.02087522e+00,5.82590792e-06
3.18056717e+01,2.36099982e+00,3.25150657e+00,5.97515762e-01,4.89835656e-07
3.26498833e+01,1.64206445e-01,2.25879058e-01,3.57689485e-02,1.12842024e-07
3.35158234e+01,3.59753659e-03,4.87269787e-03,3.13244876e-04,8.26588131e-09
3.44040565e+01,4.10426524e-04,5.51907870e-04,2.39651617e-05,1.79906923e-09
3.53151436e+01,5.07048098e-05,6.75983683e-05,2.31753620e-06,2.71671435e-10
3.62496834e+01,5.18122670e-06,6.86116346e-06,2.39551241e-07,2.51307048e-11
3.72082787e+01,4.69604942e-07,6.17736077e-07,2.01656132e-08,1.58151541e-12
3.81915474e+01,6.20874161e-08,8.11766867e-08,2.00320005e-09,1.65847994e-13
3.92001228e+01,1.06657874e-08,1.38992871e-08,2.73303630e-10,2.23675787e-14
4.02346535e+01,1.70068049e-09,2.22548424e-09,4.51548486e-11,6.93370625e-15
4.12958107e+01,1.47467788e-10,1.94049304e-10,4.74427572e-12,1.42255118e-15
4.23842850e+01,3.59017980e-12,4.74835102e-12,1.45425284e-13,6.53109055e-17
4.35007744e+01,1.50156139e-14,1.99864183e-14,1.11117276e-15,1.03568710e-18
4.46459999e+01,7.47358769e-16,1.00301248e-15,3.04972558e-17,4.85632309e-20
4.58207016e+01,3.02817124e-17,4.11737025e-17,1.23568210e-18,2.21070360e-21
4.70256386e+01,1.20385219e-18,1.61449288e-18,6.54773619e-20,1.22554830e-22
4.82615852e+01,4.30146552e-20,5.72448727e-20,2.62985980e-21,7.70447235e-24
4.95293465e+01,1.37628839e-21,1.86371789e-21,9.63071433e-23,3.74866160e-25
5.08297386e+01,2.94217287e-23,5.07400667e-23,3.49560873e-24,1.06979708e-26
5.21635971e+01,1.42033489e-24,4.90861756e-24,1.63880171e-25,4.98768718e-28
5.35317917e+01,5.97156735e-26,1.05817851e-25,2.05402277e-27,8.80574141e-30
5.49351997e+01,5.66219431e-29,7.30228496e-29,3.52481630e-30,8.58951355e-33
5.63747253e+01,2.29978831e-30,3.28557404e-30,9.05320257e-32,3.06272321e-34
5.78513031e+01,2.02662602e-32,2.66602560e-32,1.31820625e-33,4.33297592e-36
5.93278885e+01,5.22427112e-34,7.25074762e-34,2.40654200e-35,8.08857500e-38
6.08044662e+01,8.54932363e-36,1.19749469e-35,4.17522505e-37,1.54142831e-39
6.22810478e+01,2.10227011e-37,2.81480235e-37,6.96865726e-39,1.40129846e-42
6.37576256e+01,6.10966130e-39,8.80435825e-39,8.40779079e-41,0.00000000e+00
6.52341995e+01,1.91977890e-40,2.60641514e-40,0.00000000e+00,0.00000000e+00
6.67107849e+01,0.00000000e+00,0.00000000e+00,0.00000000e+00,0.00000000e+00
6.81873703e+01,0.00000000e+00,0.00000000e+00,0.00000000e+00,0.00000000e+00
6.96639481e+01,0.00000000e+00,0.00000000e+00,0.00000000e+00,0.00000000e+00
7.11405258e+01,0.00000000e+00,0.00000000e+00,0.00000000e+00,0.00000000e+00
7.26171036e+01,0.00000000e+00,0.00000000e+00,0.00000000e+00,0.00000000e+00
7.40936813e+01,0.00000000e+00,0.00000000e+00,0.00000000e+00,0.00000000e+00
7.55702591e+01,0.00000000e+00,0.00000000e+00,0.00000000e+00,0.00000000e+00
7.70468445e+01,0.00000000e+00,0.00000000e+00,0.00000000e+00,0.00000000e+00
7.85234222e+01,0.00000000e+00,0.00000000e+00,0.00000000e+00,0.00000000e+00
8.00000000e+01,0.00000000e+00,0.00000000e+00,0.00000000e+00,0.00000000e+00
