Height (km), 7_8 um ash conc (g/kg), 15_6 um ash conc (g/kg), 125 um ash conc (g/kg), 1 mm ash conc (g/kg)
0.00000000e+00,0.00000000e+00,0.00000000e+00,0.00000000e+00,0.00000000e+00
3.99999991e-02,1.73810149e-23,2.59934386e-23,7.43152727e-24,4.32093954e+00
7.99999982e-02,1.94167300e-21,2.89620328e-21,6.70681312e-22,6.47294855e+00
1.19999997e-01,1.09904541e-19,1.64969955e-19,4.00860901e-20,8.59401798e+00
1.59999996e-01,7.47310286e-18,1.12586486e-17,2.72421347e-18,1.30525723e+01
2.00000003e-01,6.24814912e-17,9.52309746e-17,2.91912435e-17,1.57914963e+01
2.39999995e-01,1.63613848e-15,2.46504735e-15,5.15151515e-16,2.10640488e+01
2.80000001e-01,3.12438131e-14,4.74099384e-14,8.56955515e-15,2.46720638e+01
3.19999993e-01,2.98894210e-13,4.54091869e-13,8.78150159e-14,2.85872231e+01
3.60000014e-01,2.55893830e-12,3.90807135e-12,6.59549021e-13,3.21521187e+01
4.00000006e-01,2.45368361e-11,3.73249695e-11,5.59475816e-12,3.60764732e+01
4.39999998e-01,1.16381037e-10,1.78922516e-10,3.02746300e-11,3.89544830e+01
4.79999989e-01,1.20166399e-09,1.83571502e-09,1.95702163e-10,4.27378998e+01
5.19999981e-01,4.93879160e-09,7.69589548e-09,1.00036279e-09,4.59380875e+01
5.60000002e-01,3.42126008e-08,5.32530926e-08,4.14467749e-09,5.01659889e+01
6.00000024e-01,1.02348345e-07,1.62813791e-07,1.53762461e-08,5.38927307e+01
6.41029537e-01,4.13612838e-07,6.57099747e-07,3.69497997e-08,5.89857025e+01
6.83115125e-01,9.80914820e-07,1.58651881e-06,9.09861271e-08,6.23959541e+01
7.26283848e-01,2.62027447e-06,4.23595657e-06,1.58872808e-07,6.76322708e+01
7.70563781e-01,5.67066627e-06,8.87837268e-06,2.89975873e-07,7.15426407e+01
8.15983355e-01,1.18511689e-05,1.76983631e-05,4.66957857e-07,7.68515472e+01
8.62571895e-01,2.19296289e-05,3.08268245e-05,7.60129865e-07,8.21977539e+01
9.10359621e-01,3.13975179e-05,4.17035626e-05,1.23434188e-06,8.96995392e+01
9.59377348e-01,3.78149707e-05,4.84888187e-05,2.28072668e-06,9.52602386e+01
1.00965667e+00,4.38636671e-05,5.42942107e-05,6.37702760e-06,9.92246399e+01
1.06123006e+00,4.53172870e-05,5.50579534e-05,1.81333016e-05,1.05095428e+02
1.11413085e+00,4.48979954e-05,5.49312244e-05,3.72241084e-05,1.11091675e+02
1.16839325e+00,4.57247661e-05,5.60469452e-05,8.22932416e-05,1.15537033e+02
1.22405231e+00,4.63630386e-05,5.64089278e-05,1.58506111e-04,1.18502861e+02
1.28114390e+00,4.24104110e-05,5.11542894e-05,4.01541765e-04,1.27308929e+02
1.33970511e+00,3.98439770e-05,4.81014067e-05,7.69757724e-04,1.30927765e+02
1.39977336e+00,2.07412578e+04,2.90387070e+04,1.94612383e+04,1.31051978e+03
1.46138775e+00,2.61925352e+04,3.66250234e+04,2.19467363e+04,1.40620020e+03
1.52458799e+00,1.58582871e+04,2.21688672e+04,1.33995303e+04,1.03098132e+03
1.58941495e+00,1.42010605e+04,1.98633945e+04,1.24881445e+04,1.16988782e+03
1.65591037e+00,1.30856641e+04,1.83091797e+04,1.17888291e+04,1.25062598e+03
1.72411728e+00,1.28171348e+04,1.79396758e+04,1.18463477e+04,1.41299304e+03
1.79407966e+00,1.35997266e+04,1.90421094e+04,1.29173242e+04,1.69910791e+03
1.86584306e+00,1.53351299e+04,2.14790449e+04,1.49336309e+04,2.09620728e+03
1.93945324e+00,1.76760039e+04,2.47628691e+04,1.74943125e+04,2.48130200e+03
2.01495814e+00,1.98272695e+04,2.77778164e+04,1.96852266e+04,2.69271631e+03
2.09240627e+00,2.11351816e+04,2.96077207e+04,2.08392305e+04,2.69934570e+03
2.17184782e+00,2.15466289e+04,3.01800488e+04,2.10173457e+04,2.58232910e+03
2.25333428e+00,2.12755430e+04,2.97956250e+04,2.04883574e+04,2.38596484e+03
2.33691788e+00,2.03147480e+04,2.84447109e+04,1.92618867e+04,2.11612646e+03
2.42265272e+00,1.87100195e+04,2.61926621e+04,1.74556914e+04,1.84351611e+03
2.51059437e+00,1.68746328e+04,2.36192227e+04,1.55174746e+04,1.60467603e+03
2.60079956e+00,1.50491953e+04,2.10613613e+04,1.36823955e+04,1.43627100e+03
2.69332647e+00,1.33489414e+04,1.86806348e+04,1.20694648e+04,1.31326514e+03
2.78823495e+00,1.19584980e+04,1.67352949e+04,1.08304863e+04,1.25880127e+03
2.88558602e+00,1.09443467e+04,1.53175889e+04,9.97951465e+03,1.23531384e+03
2.98544264e+00,1.02541387e+04,1.43535879e+04,9.43819629e+03,1.24374255e+03
3.08786964e+00,9.81974219e+03,1.37478594e+04,9.14552539e+03,1.28178772e+03
3.19293284e+00,9.65370898e+03,1.35180449e+04,9.11713672e+03,1.36319116e+03
3.30070019e+00,9.82246680e+03,1.37572412e+04,9.42084766e+03,1.47142310e+03
3.41124129e+00,1.04017900e+04,1.45717158e+04,1.01379551e+04,1.65108203e+03
3.52462745e+00,1.14201895e+04,1.60012920e+04,1.12918711e+04,1.89197705e+03
3.64093208e+00,1.29313105e+04,1.81210195e+04,1.29361436e+04,2.19557031e+03
3.76023054e+00,1.51315586e+04,2.12059766e+04,1.52639023e+04,2.58246240e+03
3.88259912e+00,1.79637715e+04,2.51758516e+04,1.82190820e+04,3.07362183e+03
4.00811720e+00,2.12771094e+04,2.98192930e+04,2.16734219e+04,3.62033984e+03
4.13686609e+00,2.47118496e+04,3.46317969e+04,2.52269824e+04,4.12391699e+03
4.26892853e+00,2.73757539e+04,3.83613906e+04,2.78239375e+04,4.26635742e+03
4.40439081e+00,2.83174492e+04,3.96740898e+04,2.84087422e+04,3.99443433e+03
4.54333878e+00,2.73097148e+04,3.82532891e+04,2.68637383e+04,3.41946948e+03
4.68586397e+00,2.50840820e+04,3.51270781e+04,2.41381445e+04,2.81709814e+03
4.83205652e+00,2.25069824e+04,3.15112441e+04,2.12266914e+04,2.34851172e+03
4.98201227e+00,2.00451055e+04,2.80596250e+04,1.86017656e+04,2.01738501e+03
5.13582754e+00,1.78180352e+04,2.49392109e+04,1.63501348e+04,1.78969849e+03
5.29360199e+00,1.59376348e+04,2.23060625e+04,1.45411191e+04,1.65086060e+03
5.45543718e+00,1.44920078e+04,2.02828867e+04,1.32167168e+04,1.54050903e+03
5.62143755e+00,1.34319141e+04,1.88002969e+04,1.23010615e+04,1.53844812e+03
5.79171038e+00,1.27221074e+04,1.78084844e+04,1.17351973e+04,1.48678955e+03
5.96636629e+00,1.22416680e+04,1.71379414e+04,1.13974512e+04,1.54760352e+03
6.14551687e+00,1.19760508e+04,1.67684258e+04,1.12756201e+04,1.55607202e+03
6.32927942e+00,1.19849297e+04,1.67830586e+04,1.14011504e+04,1.64098657e+03
6.51777077e+00,1.21228604e+04,1.69781797e+04,1.16422129e+04,1.70157104e+03
6.71111441e+00,1.24569355e+04,1.74482422e+04,1.20864756e+04,1.81734399e+03
6.90943432e+00,1.30566943e+04,1.82901836e+04,1.27746426e+04,1.94301929e+03
7.11285782e+00,1.38318066e+04,1.93774023e+04,1.36166250e+04,2.09613647e+03
7.32151794e+00,1.48530117e+04,2.08087109e+04,1.46735938e+04,2.27163550e+03
7.53554821e+00,1.58941406e+04,2.22677656e+04,1.57558027e+04,2.46502002e+03
7.75508738e+00,1.72952949e+04,2.42315625e+04,1.72229609e+04,2.70987451e+03
7.98027754e+00,1.91215469e+04,2.67896016e+04,1.90510156e+04,2.95018896e+03
8.21126270e+00,2.03700293e+04,2.85372969e+04,2.02545566e+04,3.06447241e+03
8.44819450e+00,2.18671309e+04,3.06316230e+04,2.16009941e+04,3.11047632e+03
8.69122219e+00,2.21899004e+04,3.10794570e+04,2.16967227e+04,2.96534546e+03
8.94050789e+00,2.13730859e+04,2.99323945e+04,2.07107461e+04,2.70460303e+03
9.19620800e+00,2.17499277e+04,3.04556309e+04,2.07969355e+04,2.56103003e+03
9.45849037e+00,2.00539570e+04,2.80776016e+04,1.89812852e+04,2.27663354e+03
9.72752285e+00,1.91127285e+04,2.67580234e+04,1.79854141e+04,2.15135156e+03
1.00034800e+01,1.87622148e+04,2.62652266e+04,1.75909297e+04,2.11149390e+03
1.02865391e+01,1.70838926e+04,2.39172266e+04,1.61563086e+04,2.05619702e+03
1.05768833e+01,1.72675820e+04,2.41744805e+04,1.63899824e+04,2.16505884e+03
1.08747025e+01,1.70395137e+04,2.38545254e+04,1.62123672e+04,2.21720312e+03
1.11801853e+01,1.52746416e+04,2.13867832e+04,1.47750098e+04,2.15085864e+03
1.14935322e+01,1.51947285e+04,2.12797383e+04,1.50039170e+04,2.27382056e+03
1.18149433e+01,1.76707422e+04,2.47478574e+04,1.75414414e+04,2.56201611e+03
1.21446266e+01,1.75228242e+04,2.45385527e+04,1.75387617e+04,2.52558301e+03
1.24827967e+01,1.81784531e+04,2.54641543e+04,1.87808887e+04,2.74968555e+03
1.28296700e+01,2.23495020e+04,3.13060098e+04,2.29329258e+04,3.09442578e+03
1.31854706e+01,2.11948477e+04,2.96838789e+04,2.15961406e+04,2.67310791e+03
1.35504293e+01,1.60367266e+04,2.24591172e+04,1.67029629e+04,2.04294995e+03
1.39247818e+01,1.29664707e+04,1.81629297e+04,1.42498428e+04,1.78885522e+03
1.43087692e+01,1.28483477e+04,1.79973672e+04,1.46204980e+04,1.84785132e+03
1.47026405e+01,1.22782871e+04,1.72025508e+04,1.45769971e+04,1.93215857e+03
1.51066484e+01,1.21138320e+04,1.69806094e+04,1.50621191e+04,2.08535205e+03
1.55210552e+01,1.36944873e+04,1.91997305e+04,1.69351582e+04,2.31218994e+03
1.59461288e+01,1.29785273e+04,1.82041641e+04,1.64488789e+04,2.30836621e+03
1.63821430e+01,1.32554824e+04,1.86041875e+04,1.71287148e+04,2.50969116e+03
1.68293781e+01,1.76476699e+04,2.47669414e+04,2.15505996e+04,2.96778906e+03
1.72881241e+01,1.72582090e+04,2.42437168e+04,2.10487090e+04,2.85338916e+03
1.77586803e+01,1.81913633e+04,2.55925918e+04,2.23134824e+04,3.14732007e+03
1.82413464e+01,2.70377695e+04,3.80100859e+04,3.08820000e+04,4.13832910e+03
1.87364349e+01,3.20813613e+04,4.51062930e+04,3.55323008e+04,4.38340234e+03
1.92442665e+01,3.69027617e+04,5.18928672e+04,3.82438438e+04,4.06424634e+03
1.97651691e+01,3.94353242e+04,5.53658359e+04,3.70812070e+04,3.72888208e+03
2.02994785e+01,4.04527812e+04,5.66868984e+04,3.67657344e+04,3.87465356e+03
2.08475418e+01,4.77490547e+04,6.68475234e+04,4.22804453e+04,4.37515039e+03
2.14097099e+01,4.35665898e+04,6.09327109e+04,3.77265234e+04,4.11736133e+03
2.19863453e+01,3.84565703e+04,5.37623359e+04,3.36391602e+04,3.93446729e+03
2.25778236e+01,4.21448477e+04,5.89331562e+04,3.71557695e+04,4.16654102e+03
2.31845264e+01,4.37300898e+04,6.11292617e+04,3.79230820e+04,3.81769824e+03
2.38068466e+01,4.20194492e+04,5.87335859e+04,3.62860703e+04,3.33451489e+03
2.44451809e+01,3.95136406e+04,5.52329727e+04,3.36131953e+04,2.93254517e+03
2.50999470e+01,3.61726758e+04,5.05568984e+04,3.00436211e+04,2.44293701e+03
2.57715645e+01,3.58775703e+04,5.01205742e+04,2.90434336e+04,2.07066284e+03
2.64604683e+01,3.61570820e+04,5.04618164e+04,2.78559668e+04,1.73556995e+03
2.71671047e+01,3.20196484e+04,4.46760039e+04,2.47447480e+04,1.68150439e+03
2.78919277e+01,2.91064336e+04,4.06070195e+04,2.24275703e+04,1.43827454e+03
2.86354065e+01,1.39578447e+04,1.94402051e+04,9.79486719e+03,5.10599640e+02
2.93980217e+01,4.36920215e+03,6.05713574e+03,2.31870117e+03,7.39799500e+01
3.01802654e+01,1.26798462e+03,1.73743518e+03,2.61743103e+02,1.40680516e+00
3.09826431e+01,7.39357422e+02,1.00751166e+03,6.30841141e+01,9.32969851e-04
3.18056717e+01,5.13498047e+02,6.95175781e+02,3.99032860e+01,5.68343210e-04
3.26498833e+01,3.99213409e+02,5.38726685e+02,4.40747375e+01,6.64021718e-05
3.35158234e+01,2.82506042e+02,3.79956757e+02,2.92607841e+01,6.28650596e-05
3.44040565e+01,1.23924210e+02,1.65217148e+02,1.19164848e+01,1.91495041e-04
3.53151436e+01,5.21677361e+01,6.89756851e+01,2.76294518e+00,4.12069458e-05
3.62496834e+01,2.23051834e+01,2.94455624e+01,1.31450260e+00,7.22944515e-06
3.72082787e+01,1.37344275e+01,1.83464336e+01,9.94489074e-01,4.04386492e-06
3.81915474e+01,4.33565760e+00,5.73466158e+00,1.23748027e-01,2.51233496e-06
3.92001228e+01,1.66965199e+00,2.19153976e+00,3.06362603e-02,1.21843959e-06
4.02346535e+01,6.60069346e-01,8.52313638e-01,1.34566706e-03,5.74543378e-07
4.12958107e+01,2.76641816e-01,3.51366431e-01,1.01989499e-04,2.49435743e-07
4.23842850e+01,1.02618702e-01,1.27784669e-01,1.34453867e-05,1.01101470e-07
4.35007744e+01,2.79937685e-02,3.39980051e-02,4.86244380e-06,3.14158868e-08
4.46459999e+01,6.07186230e-03,7.19808694e-03,1.91095955e-06,7.40594075e-09
4.58207016e+01,8.34136677e-04,9.59462894e-04,7.09491019e-07,1.22622534e-09
4.70256386e+01,5.01827853e-05,5.51214725e-05,2.06562191e-07,1.16867419e-10
4.82615852e+01,2.09156792e-06,2.34965728e-06,4.13945855e-08,7.24248396e-12
4.95293465e+01,1.97702747e-07,2.32195063e-07,5.80680259e-09,6.49620440e-13
5.08297386e+01,3.35297372e-08,4.09330596e-08,4.98358743e-10,9.35319327e-14
5.21635971e+01,4.23545998e-09,4.81786433e-09,4.19259939e-11,1.20164541e-14
5.35317917e+01,2.26440866e-10,2.76024925e-10,2.66287925e-12,5.78281516e-16
5.49351997e+01,1.01837575e-11,1.20769054e-11,1.45931837e-13,8.22268400e-18
5.63747253e+01,2.03632426e-13,2.46822555e-13,3.23447747e-15,4.19947215e-19
5.78513031e+01,1.17340973e-14,1.42426625e-14,6.05874792e-17,1.45295987e-20
5.93278885e+01,6.98518095e-17,8.50961526e-17,1.69989371e-17,1.77966253e-21
6.08044662e+01,1.12895777e-17,1.17687618e-17,8.03994223e-19,2.90118618e-23
6.22810478e+01,8.63427750e-18,1.05798452e-17,1.17235161e-20,5.59632560e-24
6.37576256e+01,8.01379880e-20,9.55500107e-20,9.87432720e-22,7.50617915e-26
6.52341995e+01,1.41573561e-20,1.71841845e-20,3.18617007e-23,1.54790749e-26
6.67107849e+01,3.60669957e-22,4.34610054e-22,3.71646730e-24,5.16056347e-28
6.81873703e+01,5.06379092e-23,6.15958056e-23,1.72339533e-25,6.62381294e-29
6.96639481e+01,2.12337848e-24,2.57679423e-24,1.59113907e-26,4.17569899e-30
7.11405258e+01,1.95255104e-25,2.37841267e-25,1.12382731e-27,3.67860730e-31
7.26171036e+01,1.22686737e-26,1.49799894e-26,8.25057434e-29,2.74818031e-32
7.40936813e+01,7.74458753e-28,9.47457673e-28,5.44943947e-30,1.81023136e-33
7.55702591e+01,3.92100529e-29,4.80520063e-29,2.95546575e-31,9.58881507e-35
7.70468445e+01,1.53373067e-30,1.88877059e-30,1.24128941e-32,3.96337141e-36
7.85234222e+01,4.09967966e-32,5.04562730e-32,3.58222766e-34,1.12129101e-37
8.00000000e+01,1.42642943e-33,1.75090086e-33,1.15607645e-35,3.62515913e-39
