Height (km), 7_8 um ash conc (g/kg), 15_6 um ash conc (g/kg), 125 um ash conc (g/kg), 1 mm ash conc (g/kg)
0.00000000e+00,0.00000000e+00,0.00000000e+00,0.00000000e+00,0.00000000e+00
3.99999991e-02,6.39693299e-03,8.19489174e-03,3.23781278e-03,7.34069824e+01
7.99999982e-02,1.14487521e-02,1.54688330e-02,7.10345432e-03,8.10590591e+01
1.19999997e-01,2.07091793e-02,2.85215564e-02,1.56246284e-02,8.58825684e+01
1.59999996e-01,2.92778015e-02,4.02862355e-02,2.78192032e-02,9.13888321e+01
2.00000003e-01,3.29489484e-02,4.46816795e-02,2.96060182e-02,9.22414322e+01
2.39999995e-01,3.86956558e-02,5.26598170e-02,4.19673175e-02,9.60831909e+01
2.80000001e-01,4.22168821e-02,5.74350059e-02,4.41492274e-02,9.79559250e+01
3.19999993e-01,4.80240770e-02,6.50273412e-02,5.67108467e-02,1.01833115e+02
3.60000014e-01,5.16711138e-02,7.04520121e-02,5.89240566e-02,1.03604782e+02
4.00000006e-01,5.77546991e-02,7.93380737e-02,7.57441819e-02,1.06422379e+02
4.39999998e-01,6.26173466e-02,8.65201950e-02,7.84337893e-02,1.08582458e+02
4.79999989e-01,7.09099919e-02,9.87469852e-02,1.03609905e-01,1.13531860e+02
5.19999981e-01,7.64790550e-02,1.07025459e-01,1.07091583e-01,1.17217133e+02
5.60000002e-01,9.01351348e-02,1.27130002e-01,1.29743546e-01,1.20592247e+02
6.00000024e-01,9.24929082e-02,1.29701316e-01,1.28763944e-01,1.22901886e+02
6.41029537e-01,9.70449075e-02,1.34926975e-01,1.57392830e-01,1.31202896e+02
6.83115125e-01,8.89212489e-02,1.23115078e-01,1.61455914e-01,1.31580002e+02
7.26283848e-01,8.85048062e-02,1.23296686e-01,1.81812987e-01,1.43731171e+02
7.70563781e-01,9.12433937e-02,1.28447235e-01,2.06930667e-01,1.43198776e+02
8.15983355e-01,1.03947327e-01,1.47349268e-01,2.70171702e-01,1.62200607e+02
8.62571895e-01,1.08327582e-01,1.53738737e-01,2.68669188e-01,1.53284637e+02
9.10359621e-01,1.19705081e-01,1.70495734e-01,2.75077164e-01,1.77825256e+02
9.59377348e-01,1.16124071e-01,1.64302737e-01,2.58185267e-01,1.58409714e+02
1.00965667e+00,1.16217189e-01,1.63954705e-01,2.67528683e-01,1.94059509e+02
1.06123006e+00,1.19219452e-01,1.68272182e-01,3.12487125e-01,1.70738770e+02
1.11413085e+00,1.29590511e-01,1.83287650e-01,3.62565994e-01,2.03571259e+02
1.16839325e+00,1.47937477e-01,2.09399059e-01,4.07869428e-01,1.79386383e+02
1.22405231e+00,1.71714962e-01,2.42897138e-01,4.64000821e-01,2.18884079e+02
1.28114390e+00,2.08142221e-01,2.94153303e-01,5.67097545e-01,1.96065460e+02
1.33970511e+00,2.55037546e-01,3.59915495e-01,6.74484611e-01,2.38141098e+02
1.39977336e+00,2.07255312e+04,2.90174062e+04,1.94908672e+04,1.42671887e+03
1.46138775e+00,2.64163496e+04,3.69404805e+04,2.22455547e+04,1.61082336e+03
1.52458799e+00,1.57926562e+04,2.20791953e+04,1.34678887e+04,1.25669556e+03
1.58941495e+00,1.48159404e+04,2.07279023e+04,1.32534521e+04,1.52229541e+03
1.65591037e+00,1.46770547e+04,2.05402832e+04,1.34379004e+04,1.63567993e+03
1.72411728e+00,1.48592266e+04,2.07995703e+04,1.38069980e+04,1.76838330e+03
1.79407966e+00,1.51532031e+04,2.12138750e+04,1.42089590e+04,1.84867114e+03
1.86584306e+00,1.54443809e+04,2.16232324e+04,1.45614111e+04,1.91896277e+03
1.93945324e+00,1.56100723e+04,2.18559805e+04,1.47511035e+04,1.95163306e+03
2.01495814e+00,1.55277910e+04,2.17407734e+04,1.46689697e+04,1.93643994e+03
2.09240627e+00,1.51823076e+04,2.12569023e+04,1.43316543e+04,1.90586060e+03
2.17184782e+00,1.46675195e+04,2.05361133e+04,1.38357344e+04,1.85812134e+03
2.25333428e+00,1.41161855e+04,1.97646172e+04,1.33264727e+04,1.87282886e+03
2.33691788e+00,1.39234785e+04,1.94964297e+04,1.32164238e+04,1.84511230e+03
2.42265272e+00,1.42641357e+04,1.99756367e+04,1.36375352e+04,2.06063745e+03
2.51059437e+00,1.49175410e+04,2.08924258e+04,1.43392402e+04,2.00993921e+03
2.60079956e+00,1.61330537e+04,2.25963066e+04,1.56001553e+04,2.35564575e+03
2.69332647e+00,1.78711836e+04,2.50322773e+04,1.73901133e+04,2.44349536e+03
2.78823495e+00,1.91246367e+04,2.67867383e+04,1.85702461e+04,2.69491992e+03
2.88558602e+00,1.87624531e+04,2.62779453e+04,1.81804414e+04,2.49786475e+03
2.98544264e+00,1.82011523e+04,2.54948672e+04,1.77671211e+04,2.55308838e+03
3.08786964e+00,1.74992051e+04,2.45087090e+04,1.68881699e+04,2.22795337e+03
3.19293284e+00,1.53719180e+04,2.15296270e+04,1.48522139e+04,2.05987622e+03
3.30070019e+00,1.63276104e+04,2.28733672e+04,1.59832520e+04,2.20982324e+03
3.41124129e+00,2.00353027e+04,2.80671562e+04,1.95488008e+04,2.62190308e+03
3.52462745e+00,2.16314961e+04,3.02966055e+04,2.08036992e+04,2.62337842e+03
3.64093208e+00,2.03504180e+04,2.84997910e+04,1.95047988e+04,2.50923291e+03
3.76023054e+00,2.11413125e+04,2.96073770e+04,2.02700801e+04,2.60101270e+03
3.88259912e+00,2.12267617e+04,2.97233105e+04,2.01962148e+04,2.56094653e+03
4.00811720e+00,1.84184004e+04,2.57883223e+04,1.74306992e+04,2.21732617e+03
4.13686609e+00,1.53462266e+04,2.14912578e+04,1.46936191e+04,1.97521704e+03
4.26892853e+00,1.54848555e+04,2.16879102e+04,1.48799746e+04,1.96041162e+03
4.40439081e+00,1.50601406e+04,2.10916055e+04,1.44321992e+04,1.92300928e+03
4.54333878e+00,1.50120352e+04,2.10335039e+04,1.47904268e+04,2.13096973e+03
4.68586397e+00,1.86773789e+04,2.61719609e+04,1.84891797e+04,2.57702222e+03
4.83205652e+00,2.17611387e+04,3.04828398e+04,2.11063848e+04,2.70393384e+03
4.98201227e+00,2.02563125e+04,2.83690547e+04,1.94518945e+04,2.50092065e+03
5.13582754e+00,1.91966699e+04,2.68848398e+04,1.84436035e+04,2.41299463e+03
5.29360199e+00,1.86318477e+04,2.60902188e+04,1.77591895e+04,2.27639355e+03
5.45543718e+00,1.68469629e+04,2.35875000e+04,1.59300107e+04,2.01177905e+03
5.62143755e+00,1.53557451e+04,2.15005605e+04,1.45561768e+04,1.86302905e+03
5.79171038e+00,1.56967266e+04,2.19784785e+04,1.48900098e+04,1.88999976e+03
5.96636629e+00,1.58174688e+04,2.21470000e+04,1.50072373e+04,1.93834265e+03
6.14551687e+00,1.52609268e+04,2.13728281e+04,1.46991738e+04,2.00973474e+03
6.32927942e+00,1.58622773e+04,2.22188945e+04,1.54003887e+04,2.11501538e+03
6.51777077e+00,1.65156289e+04,2.31314609e+04,1.59069043e+04,2.11182788e+03
6.71111441e+00,1.60095254e+04,2.24205469e+04,1.53516895e+04,2.05162964e+03
6.90943432e+00,1.57416895e+04,2.20447676e+04,1.50799004e+04,2.04077771e+03
7.11285782e+00,1.49169023e+04,2.08879199e+04,1.42287549e+04,1.92890271e+03
7.32151794e+00,1.30208496e+04,1.82334395e+04,1.24454209e+04,1.71607703e+03
7.53554821e+00,1.20909883e+04,1.69308145e+04,1.15279346e+04,1.57265771e+03
7.75508738e+00,1.13729404e+04,1.59227461e+04,1.07652129e+04,1.47570496e+03
7.98027754e+00,1.10631826e+04,1.54907324e+04,1.05597129e+04,1.50316467e+03
8.21126270e+00,1.18778350e+04,1.66336875e+04,1.14327910e+04,1.64788794e+03
8.44819450e+00,1.28740684e+04,1.80309141e+04,1.24761621e+04,1.79965405e+03
8.69122219e+00,1.37803057e+04,1.93024766e+04,1.34434521e+04,1.93432495e+03
8.94050789e+00,1.49326230e+04,2.09170781e+04,1.45841455e+04,2.05926538e+03
9.19620800e+00,1.54651309e+04,2.16607148e+04,1.50215850e+04,2.07472314e+03
9.45849037e+00,1.49029531e+04,2.08725371e+04,1.44636230e+04,1.99574536e+03
9.72752285e+00,1.48540449e+04,2.08031074e+04,1.44043320e+04,1.98949084e+03
1.00034800e+01,1.47986201e+04,2.07233672e+04,1.43189219e+04,1.96557446e+03
1.02865391e+01,1.40842529e+04,1.97211855e+04,1.36158223e+04,1.86916235e+03
1.05768833e+01,1.30356953e+04,1.82515527e+04,1.26701865e+04,1.76151367e+03
1.08747025e+01,1.16152021e+04,1.62631113e+04,1.15005244e+04,1.62223889e+03
1.11801853e+01,1.03240518e+04,1.44579092e+04,1.05079482e+04,1.53623206e+03
1.14935322e+01,9.80604492e+03,1.37359199e+04,1.02346162e+04,1.53514185e+03
1.18149433e+01,1.00052715e+04,1.40177656e+04,1.06732656e+04,1.59931409e+03
1.21446266e+01,1.01804609e+04,1.42646445e+04,1.10815254e+04,1.62535620e+03
1.24827967e+01,1.15216641e+04,1.61455693e+04,1.26261855e+04,1.80029919e+03
1.28296700e+01,1.43653125e+04,2.01263887e+04,1.54989102e+04,2.06238770e+03
1.31854706e+01,1.68545137e+04,2.36074297e+04,1.79188535e+04,2.22416919e+03
1.35504293e+01,1.73541543e+04,2.43031289e+04,1.84346855e+04,2.20735303e+03
1.39247818e+01,1.59192363e+04,2.22918418e+04,1.70795273e+04,2.05194312e+03
1.43087692e+01,1.41281328e+04,1.97891230e+04,1.55856221e+04,1.98011963e+03
1.47026405e+01,1.31606309e+04,1.84458574e+04,1.51495039e+04,2.03513062e+03
1.51066484e+01,1.28258691e+04,1.79902500e+04,1.53492480e+04,2.06213989e+03
1.55210552e+01,1.29659160e+04,1.82035781e+04,1.58610391e+04,2.09034033e+03
1.59461288e+01,1.32899238e+04,1.86782266e+04,1.63113916e+04,2.14827393e+03
1.63821430e+01,1.47343545e+04,2.07253848e+04,1.77294727e+04,2.23244897e+03
1.68293781e+01,1.68670098e+04,2.37467012e+04,1.94404609e+04,2.34566455e+03
1.72881241e+01,1.93855488e+04,2.73151309e+04,2.11575156e+04,2.51388306e+03
1.77586803e+01,2.30245527e+04,3.24351953e+04,2.30280977e+04,2.67850195e+03
1.82413464e+01,2.90261074e+04,4.07791992e+04,2.65374805e+04,2.94665063e+03
1.87364349e+01,3.30046797e+04,4.62269375e+04,2.84428184e+04,3.01230811e+03
1.92442665e+01,3.31187617e+04,4.62842891e+04,2.75211777e+04,2.97398364e+03
1.97651691e+01,3.33804883e+04,4.66072422e+04,2.81875801e+04,3.22563916e+03
2.02994785e+01,3.63290312e+04,5.07378789e+04,3.11557617e+04,3.48018774e+03
2.08475418e+01,3.77580781e+04,5.27323398e+04,3.19915039e+04,3.45515186e+03
2.14097099e+01,3.80439453e+04,5.31169609e+04,3.23273770e+04,3.36459155e+03
2.19863453e+01,3.80155664e+04,5.30610273e+04,3.16311797e+04,2.99884277e+03
2.25778236e+01,3.06664043e+04,4.27795781e+04,2.51287734e+04,2.34905591e+03
2.31845264e+01,2.42455938e+04,3.38323906e+04,2.05081914e+04,2.17165967e+03
2.38068466e+01,2.37012715e+04,3.30962422e+04,2.07811836e+04,2.38510303e+03
2.44451809e+01,2.45486348e+04,3.43035703e+04,2.18772363e+04,2.52550098e+03
2.50999470e+01,2.70102441e+04,3.77502930e+04,2.37905859e+04,2.48467334e+03
2.57715645e+01,2.63305996e+04,3.67917930e+04,2.27745059e+04,2.33680396e+03
2.64604683e+01,2.60054766e+04,3.63503789e+04,2.30887070e+04,2.42078491e+03
2.71671047e+01,2.67110840e+04,3.73484375e+04,2.39270195e+04,2.40873804e+03
2.78919277e+01,2.45183125e+04,3.42814180e+04,2.16609531e+04,1.90569165e+03
2.86354065e+01,2.01740234e+04,2.82008477e+04,1.73773789e+04,1.34736047e+03
2.93980217e+01,1.94237109e+04,2.71618535e+04,1.69918809e+04,1.35283691e+03
3.01802654e+01,2.17810723e+04,3.04642422e+04,1.91645469e+04,1.38148096e+03
3.09826431e+01,2.03015977e+04,2.83834238e+04,1.72036836e+04,9.10518066e+02
3.18056717e+01,9.55620996e+03,1.33452070e+04,7.40100342e+03,2.10846375e+02
3.26498833e+01,1.65862317e+03,2.30967529e+03,1.03803308e+03,3.66787958e+00
3.35158234e+01,1.29198959e+02,1.78309204e+02,4.29351501e+01,2.31504309e-05
3.44040565e+01,1.95703526e+01,2.67317028e+01,2.42773223e+00,8.75799469e-06
3.53151436e+01,1.15179462e+01,1.57151594e+01,1.18468893e+00,3.76517914e-06
3.62496834e+01,3.03104401e+00,4.09639740e+00,1.46950483e-01,1.75953062e-06
3.72082787e+01,1.50824279e-01,1.98055550e-01,1.50945759e-03,2.92003449e-07
3.81915474e+01,2.78653726e-02,3.63864787e-02,1.74178756e-04,8.06591629e-08
3.92001228e+01,4.17388277e-03,5.32492716e-03,2.75132538e-06,1.30359776e-08
4.02346535e+01,4.82263917e-04,5.98155835e-04,8.30457225e-07,1.11259912e-09
4.12958107e+01,4.53618195e-05,5.53266509e-05,1.63909405e-07,8.83965748e-11
4.23842850e+01,2.60178945e-06,3.11783674e-06,2.45257201e-08,3.00558254e-12
4.35007744e+01,2.10520113e-07,2.72031627e-07,5.80253845e-09,3.43261579e-13
4.46459999e+01,4.17088977e-08,5.51369510e-08,9.41379197e-10,5.33004901e-14
4.58207016e+01,2.62136535e-09,3.51703622e-09,4.83652562e-11,6.25280696e-15
4.70256386e+01,3.96911087e-10,5.25421484e-10,2.47744837e-12,8.11745131e-16
4.82615852e+01,4.90599644e-11,6.10730355e-11,1.77597412e-13,4.66380874e-17
4.95293465e+01,5.26110796e-12,6.57645943e-12,1.07028296e-14,1.46375896e-18
5.08297386e+01,1.95409864e-13,2.55366827e-13,4.78943822e-16,4.92280515e-20
5.21635971e+01,4.23120380e-16,5.31963849e-16,1.42226047e-17,1.50957907e-21
5.35317917e+01,2.14308633e-17,2.61174536e-17,2.41594125e-19,4.82065768e-23
5.49351997e+01,5.29607971e-19,6.06410450e-19,5.37663076e-21,1.90190854e-24
5.63747253e+01,2.25335793e-20,2.58224946e-20,3.28890803e-22,6.99683631e-26
5.78513031e+01,5.86478122e-22,7.54359991e-22,1.12643342e-23,1.94675618e-27
5.93278885e+01,1.69744912e-23,1.61136894e-23,1.39046226e-25,3.32464138e-29
6.08044662e+01,2.71798401e-25,4.24697665e-25,3.24412191e-27,5.84808534e-31
6.22810478e+01,1.31842215e-26,1.13579577e-26,8.05273861e-29,1.66816696e-32
6.37576256e+01,3.02234092e-28,5.01506283e-28,4.34059771e-30,6.39872544e-34
6.52341995e+01,1.32801687e-29,1.41402454e-29,1.75982495e-31,2.40969167e-35
6.67107849e+01,3.85691992e-31,6.49949305e-31,8.29866833e-33,1.23362613e-36
6.81873703e+01,2.55308116e-32,3.23208490e-32,3.62809811e-34,4.96297877e-38
6.96639481e+01,1.18411752e-33,1.99777396e-33,1.99449651e-35,2.82361641e-39
7.11405258e+01,7.28788647e-35,9.99949422e-35,1.13978397e-36,1.00893489e-40
7.26171036e+01,3.71241119e-36,5.36616615e-36,5.83150356e-38,0.00000000e+00
7.40936813e+01,2.41372248e-37,3.64770636e-37,2.92030600e-39,0.00000000e+00
7.55702591e+01,9.37328543e-39,1.37789678e-38,7.28675201e-41,0.00000000e+00
7.70468445e+01,3.30706438e-40,5.29690820e-40,0.00000000e+00,0.00000000e+00
7.85234222e+01,0.00000000e+00,0.00000000e+00,0.00000000e+00,0.00000000e+00
8.00000000e+01,0.00000000e+00,0.00000000e+00,0.00000000e+00,0.00000000e+00
