Height (km), 7_8 um ash conc (g/kg), 15_6 um ash conc (g/kg), 125 um ash conc (g/kg), 1 mm ash conc (g/kg)
0.00000000e+00,0.00000000e+00,0.00000000e+00,0.00000000e+00,0.00000000e+00
3.99999991e-02,3.72021495e-05,9.68888708e-05,1.49888862e-02,3.95553131e+01
7.99999982e-02,7.69844482e-05,1.89293816e-04,1.92539003e-02,4.21659126e+01
1.19999997e-01,1.25705992e-04,2.95908947e-04,2.18910314e-02,4.33426514e+01
1.59999996e-01,1.78072587e-04,4.07692249e-04,2.45077051e-02,4.53300934e+01
2.00000003e-01,2.62176240e-04,5.83864399e-04,2.61469483e-02,4.63331833e+01
2.39999995e-01,3.64796811e-04,7.93294108e-04,2.83956937e-02,4.76255112e+01
2.80000001e-01,4.99468704e-04,1.06358796e-03,3.04222330e-02,4.80389557e+01
3.19999993e-01,6.74470793e-04,1.40909827e-03,3.25622335e-02,4.90413284e+01
3.60000014e-01,9.09714552e-04,1.86038273e-03,3.54479924e-02,4.92675018e+01
4.00000006e-01,1.16917701e-03,2.34649563e-03,3.99961621e-02,5.06155510e+01
4.39999998e-01,1.43814785e-03,2.84850947e-03,4.07143198e-02,5.10490913e+01
4.79999989e-01,1.75227982e-03,3.44082946e-03,4.82536182e-02,5.23600426e+01
5.19999981e-01,2.21943669e-03,4.30844678e-03,4.71367240e-02,5.29154510e+01
5.60000002e-01,2.87334528e-03,5.50919212e-03,5.44695072e-02,5.40265274e+01
6.00000024e-01,3.95141356e-03,7.43761053e-03,5.36271632e-02,5.47475281e+01
6.41029537e-01,6.10396452e-03,1.12718940e-02,5.83337136e-02,5.59041519e+01
6.83115125e-01,9.73291136e-03,1.73373912e-02,5.98325282e-02,5.69007568e+01
7.26283848e-01,2.22222358e-02,3.63745242e-02,6.42460138e-02,5.81408424e+01
7.70563781e-01,3.53862047e-02,5.58376797e-02,7.15286359e-02,5.92996292e+01
8.15983355e-01,6.25306964e-02,9.41194072e-02,7.94043243e-02,6.34572754e+01
8.62571895e-01,8.24201033e-02,1.20656982e-01,8.64523947e-02,6.84518433e+01
9.10359621e-01,1.15163855e-01,1.63746133e-01,9.19375718e-02,6.93655243e+01
9.59377348e-01,1.32703304e-01,1.85068458e-01,9.93696153e-02,6.91864090e+01
1.00965667e+00,1.50697395e-01,2.06582695e-01,1.09196156e-01,7.11457367e+01
1.06123006e+00,1.60910040e-01,2.17575237e-01,1.17149465e-01,7.32426605e+01
1.11413085e+00,1.58561513e-01,2.12946326e-01,1.28338814e-01,7.74271622e+01
1.16839325e+00,1.48576185e-01,1.99726582e-01,1.46458924e-01,8.50938721e+01
1.22405231e+00,1.38841793e-01,1.87531918e-01,1.64688975e-01,8.86714401e+01
1.28114390e+00,1.39907956e-01,1.90054193e-01,1.84999570e-01,8.50745239e+01
1.33970511e+00,1.42015308e-01,1.94104478e-01,2.11838186e-01,8.46156464e+01
1.39977336e+00,2.06676406e+04,2.89351836e+04,1.93712207e+04,1.26576294e+03
1.46138775e+00,2.54409531e+04,3.55770312e+04,2.15034082e+04,1.35194165e+03
1.52458799e+00,1.52688857e+04,2.13488906e+04,1.30660176e+04,9.93798218e+02
1.58941495e+00,1.47667520e+04,2.06605547e+04,1.32402891e+04,1.20982556e+03
1.65591037e+00,1.49621143e+04,2.09388594e+04,1.36327871e+04,1.29630518e+03
1.72411728e+00,1.46939336e+04,2.05641387e+04,1.34054492e+04,1.29323584e+03
1.79407966e+00,1.36602959e+04,1.91168477e+04,1.24249375e+04,1.20587280e+03
1.86584306e+00,1.24050654e+04,1.73604766e+04,1.12945625e+04,1.14253015e+03
1.93945324e+00,1.14796172e+04,1.60671748e+04,1.05308828e+04,1.12600537e+03
2.01495814e+00,1.13335312e+04,1.58660039e+04,1.05417285e+04,1.21456213e+03
2.09240627e+00,1.19289424e+04,1.67039707e+04,1.13096074e+04,1.40545911e+03
2.17184782e+00,1.34644961e+04,1.88589492e+04,1.30198994e+04,1.73283423e+03
2.25333428e+00,1.57412070e+04,2.20507988e+04,1.54224043e+04,2.12271118e+03
2.33691788e+00,1.74754375e+04,2.44810234e+04,1.72236914e+04,2.38668066e+03
2.42265272e+00,1.81975664e+04,2.54926309e+04,1.79643008e+04,2.46618945e+03
2.51059437e+00,1.82604668e+04,2.55802969e+04,1.80103965e+04,2.44153174e+03
2.60079956e+00,1.78513438e+04,2.50065410e+04,1.75691582e+04,2.33911523e+03
2.69332647e+00,1.71983867e+04,2.40906113e+04,1.68311270e+04,2.16666602e+03
2.78823495e+00,1.67791289e+04,2.35018965e+04,1.63180879e+04,2.04806787e+03
2.88558602e+00,1.67596562e+04,2.34742871e+04,1.62537422e+04,2.01029333e+03
2.98544264e+00,1.74963438e+04,2.45061348e+04,1.69332012e+04,2.08378662e+03
3.08786964e+00,1.86610273e+04,2.61363555e+04,1.79778906e+04,2.16443115e+03
3.19293284e+00,1.90550430e+04,2.66846270e+04,1.81833125e+04,2.14078271e+03
3.30070019e+00,1.86058828e+04,2.60530625e+04,1.76500586e+04,2.05726953e+03
3.41124129e+00,1.77609180e+04,2.48681250e+04,1.67595527e+04,1.94057422e+03
3.52462745e+00,1.65369902e+04,2.31529609e+04,1.55206914e+04,1.80125159e+03
3.64093208e+00,1.50997734e+04,2.11402695e+04,1.41366270e+04,1.66537769e+03
3.76023054e+00,1.36745898e+04,1.91456426e+04,1.28274814e+04,1.55899951e+03
3.88259912e+00,1.27010254e+04,1.77848008e+04,1.20151680e+04,1.53709473e+03
4.00811720e+00,1.23929463e+04,1.73554492e+04,1.18250391e+04,1.56033130e+03
4.13686609e+00,1.24026504e+04,1.73706445e+04,1.19235879e+04,1.62208411e+03
4.26892853e+00,1.27260986e+04,1.78258203e+04,1.23483086e+04,1.73715051e+03
4.40439081e+00,1.39217734e+04,1.95037363e+04,1.36641387e+04,1.98081921e+03
4.54333878e+00,1.57692861e+04,2.20938789e+04,1.55799805e+04,2.26760620e+03
4.68586397e+00,1.67758242e+04,2.35026387e+04,1.65357383e+04,2.37777002e+03
4.83205652e+00,1.69811406e+04,2.37891758e+04,1.67323359e+04,2.41130591e+03
4.98201227e+00,1.74279590e+04,2.44149082e+04,1.71989180e+04,2.47768481e+03
5.13582754e+00,1.77900254e+04,2.49213945e+04,1.75400215e+04,2.48663184e+03
5.29360199e+00,1.76451426e+04,2.47169141e+04,1.73294141e+04,2.38958521e+03
5.45543718e+00,1.69909375e+04,2.37987656e+04,1.66021367e+04,2.23060889e+03
5.62143755e+00,1.64415078e+04,2.30288086e+04,1.60263096e+04,2.11013452e+03
5.79171038e+00,1.63632598e+04,2.29178301e+04,1.58616602e+04,2.03030994e+03
5.96636629e+00,1.61188955e+04,2.25737148e+04,1.55328340e+04,1.96015918e+03
6.14551687e+00,1.60482920e+04,2.24745078e+04,1.54318701e+04,1.93445813e+03
6.32927942e+00,1.63521855e+04,2.28996309e+04,1.56734932e+04,1.95144019e+03
6.51777077e+00,1.65905195e+04,2.32323945e+04,1.58302939e+04,1.95045496e+03
6.71111441e+00,1.65504277e+04,2.31751445e+04,1.57313096e+04,1.94062781e+03
6.90943432e+00,1.62717490e+04,2.27838828e+04,1.54166191e+04,1.90909143e+03
7.11285782e+00,1.57763848e+04,2.20894180e+04,1.49186094e+04,1.87148840e+03
7.32151794e+00,1.51088672e+04,2.11546152e+04,1.42969893e+04,1.82870410e+03
7.53554821e+00,1.45177461e+04,2.03276230e+04,1.37797188e+04,1.79925562e+03
7.75508738e+00,1.40681748e+04,1.96992734e+04,1.34175195e+04,1.80154053e+03
7.98027754e+00,1.38027734e+04,1.93291680e+04,1.32525674e+04,1.81051428e+03
8.21126270e+00,1.38721768e+04,1.94281328e+04,1.34166494e+04,1.85872388e+03
8.44819450e+00,1.42591680e+04,1.99706484e+04,1.38321797e+04,1.89931970e+03
8.69122219e+00,1.43444795e+04,2.00895234e+04,1.39199180e+04,1.89384277e+03
8.94050789e+00,1.41784629e+04,1.98576523e+04,1.38231357e+04,1.87388074e+03
9.19620800e+00,1.52118711e+04,2.13053828e+04,1.48767061e+04,1.97114209e+03
9.45849037e+00,1.66758789e+04,2.33535996e+04,1.62578154e+04,2.07074780e+03
9.72752285e+00,1.62882061e+04,2.28096562e+04,1.59090664e+04,1.99682166e+03
1.00034800e+01,1.62374648e+04,2.27397520e+04,1.59707021e+04,2.01184204e+03
1.02865391e+01,1.69949180e+04,2.38003477e+04,1.67666738e+04,2.08213452e+03
1.05768833e+01,1.62759678e+04,2.27940859e+04,1.62248701e+04,2.00932947e+03
1.08747025e+01,1.61583691e+04,2.26293750e+04,1.62928135e+04,1.98126074e+03
1.11801853e+01,1.51282070e+04,2.11858496e+04,1.54699150e+04,1.83933606e+03
1.14935322e+01,1.27833477e+04,1.79085703e+04,1.36566074e+04,1.68281885e+03
1.18149433e+01,1.38352012e+04,1.93835840e+04,1.48509756e+04,1.78538599e+03
1.21446266e+01,1.34355518e+04,1.88298770e+04,1.47693965e+04,1.81634460e+03
1.24827967e+01,1.46678623e+04,2.05686797e+04,1.64790508e+04,2.12863208e+03
1.28296700e+01,1.98544277e+04,2.78425176e+04,2.17241387e+04,2.70118848e+03
1.31854706e+01,2.25145859e+04,3.15685898e+04,2.36926543e+04,2.69971338e+03
1.35504293e+01,1.80046953e+04,2.52605898e+04,1.91984355e+04,2.26107544e+03
1.39247818e+01,1.82611992e+04,2.56164082e+04,1.93138418e+04,2.32969849e+03
1.43087692e+01,1.87978105e+04,2.63582227e+04,1.96905059e+04,2.31910620e+03
1.47026405e+01,1.67458945e+04,2.34827344e+04,1.78058203e+04,2.01938330e+03
1.51066484e+01,1.65015293e+04,2.31497637e+04,1.76672695e+04,1.89327112e+03
1.55210552e+01,1.71637793e+04,2.41012402e+04,1.85059023e+04,1.95629517e+03
1.59461288e+01,1.78782461e+04,2.51303398e+04,1.90389512e+04,1.98654407e+03
1.63821430e+01,1.94423047e+04,2.73368906e+04,2.02587500e+04,2.09363330e+03
1.68293781e+01,2.61712695e+04,3.67399727e+04,2.55067891e+04,2.48250342e+03
1.72881241e+01,2.85109102e+04,3.99612656e+04,2.61945059e+04,2.46796216e+03
1.77586803e+01,2.81139395e+04,3.93940859e+04,2.48394570e+04,2.25217822e+03
1.82413464e+01,3.12156680e+04,4.37070000e+04,2.64143184e+04,2.52735400e+03
1.87364349e+01,3.25316855e+04,4.54886406e+04,2.66569355e+04,2.61961377e+03
1.92442665e+01,2.97357188e+04,4.15072461e+04,2.31530605e+04,2.30449121e+03
1.97651691e+01,2.42764648e+04,3.38482461e+04,1.85109414e+04,2.12142725e+03
2.02994785e+01,2.38119355e+04,3.31884414e+04,1.81628555e+04,1.59233521e+03
2.08475418e+01,2.42142285e+04,3.37320117e+04,1.78707441e+04,1.15787683e+03
2.14097099e+01,2.54662148e+04,3.54658242e+04,1.82522891e+04,9.95935791e+02
2.19863453e+01,1.94687109e+04,2.70627109e+04,1.25476572e+04,6.83801270e+02
2.25778236e+01,1.21995137e+04,1.69228418e+04,7.64934766e+03,5.96482178e+02
2.31845264e+01,8.71009668e+03,1.20901348e+04,6.12249609e+03,5.63664612e+02
2.38068466e+01,9.00953809e+03,1.25430000e+04,7.08892969e+03,6.36254272e+02
2.44451809e+01,8.85569824e+03,1.23504062e+04,7.39136865e+03,6.02644897e+02
2.50999470e+01,8.74279688e+03,1.22017822e+04,7.25919629e+03,5.18410400e+02
2.57715645e+01,7.78335645e+03,1.08651221e+04,6.16588037e+03,2.50771942e+02
2.64604683e+01,5.68034082e+03,7.92037695e+03,3.97865234e+03,9.81440659e+01
2.71671047e+01,4.76530664e+03,6.63935547e+03,3.18006909e+03,5.79283905e+01
2.78919277e+01,2.95284058e+03,4.10570801e+03,1.65606909e+03,8.69253159e+00
2.86354065e+01,9.94272461e+02,1.37461768e+03,3.53867859e+02,1.10211506e-01
2.93980217e+01,3.02011993e+02,4.13559296e+02,6.13357887e+01,2.35306583e-02
3.01802654e+01,2.27705505e+02,3.12085693e+02,5.68005066e+01,2.63169780e-02
3.09826431e+01,1.26122459e+02,1.72042969e+02,1.92422562e+01,5.97046223e-03
3.18056717e+01,4.80638657e+01,6.50863800e+01,1.09005585e+01,9.12096072e-03
3.26498833e+01,2.72884350e+01,3.71793709e+01,6.53219128e+00,3.81861697e-04
3.35158234e+01,8.37107849e+00,1.12798204e+01,7.46671021e-01,8.86831665e-04
3.44040565e+01,2.49515033e+00,3.33077097e+00,1.49345011e-01,1.14487250e-06
3.53151436e+01,5.31812906e-01,6.97395384e-01,4.93258610e-03,1.23341567e-06
3.62496834e+01,2.67345309e-01,3.48595738e-01,9.98961972e-04,2.75052173e-07
3.72082787e+01,7.49711767e-02,9.65548381e-02,8.09227640e-05,5.01853847e-08
3.81915474e+01,1.38541812e-03,1.67029665e-03,3.26934867e-07,1.04386366e-09
3.92001228e+01,5.11317448e-05,5.60960179e-05,9.98564857e-08,5.06726570e-11
4.02346535e+01,7.65202458e-07,8.25983648e-07,7.00504765e-09,8.97267666e-13
4.12958107e+01,4.27524185e-08,5.38010241e-08,1.13682996e-09,1.03914693e-13
4.23842850e+01,9.76274084e-09,1.21634214e-08,9.31592928e-11,1.98324633e-14
4.35007744e+01,3.27977645e-10,4.15894569e-10,2.58885361e-12,4.81007088e-16
4.46459999e+01,1.10849645e-11,1.47718383e-11,1.06704969e-13,1.96340087e-17
4.58207016e+01,3.03905989e-13,3.53068838e-13,3.77497936e-15,3.40694369e-19
4.70256386e+01,7.78515097e-15,8.95204050e-15,7.98936696e-17,7.23567194e-21
4.82615852e+01,8.94583458e-17,9.35889086e-17,1.51570714e-18,1.18223845e-22
4.95293465e+01,6.03839572e-18,6.73652789e-18,2.03099255e-20,1.92081300e-24
5.08297386e+01,2.19602817e-20,2.74587903e-20,5.66351592e-22,3.32136326e-26
5.21635971e+01,2.39498999e-21,2.66255666e-21,4.39466719e-24,7.21424661e-28
5.35317917e+01,6.05951790e-24,6.60261708e-24,1.38605425e-25,1.78414810e-29
5.49351997e+01,9.08870808e-25,1.02134206e-24,1.67900801e-27,3.33333852e-31
5.63747253e+01,2.38286241e-27,6.68071972e-27,5.38647578e-29,8.52640052e-33
5.78513031e+01,5.33109060e-28,6.56385044e-28,1.06053194e-30,2.01832839e-34
5.93278885e+01,5.01622146e-30,8.50422203e-30,3.87926918e-32,5.57832301e-36
6.08044662e+01,4.20287285e-31,4.29628750e-31,1.57532333e-33,1.93899081e-37
6.22810478e+01,4.14987489e-33,6.79971760e-33,3.59508589e-35,4.83167710e-39
6.37576256e+01,3.78902673e-34,3.97486114e-34,1.63241451e-36,1.94780487e-40
6.52341995e+01,7.68827976e-36,1.02481354e-35,6.12998013e-38,0.00000000e+00
6.67107849e+01,7.60403379e-37,8.90480377e-37,2.96514755e-39,0.00000000e+00
6.81873703e+01,2.36693324e-38,3.21626024e-38,1.16307773e-40,0.00000000e+00
6.96639481e+01,1.80487242e-39,2.22105807e-39,0.00000000e+00,0.00000000e+00
7.11405258e+01,7.00649232e-42,2.10194770e-41,0.00000000e+00,0.00000000e+00
7.26171036e+01,0.00000000e+00,0.00000000e+00,0.00000000e+00,0.00000000e+00
7.40936813e+01,0.00000000e+00,0.00000000e+00,0.00000000e+00,0.00000000e+00
7.55702591e+01,0.00000000e+00,0.00000000e+00,0.00000000e+00,0.00000000e+00
7.70468445e+01,0.00000000e+00,0.00000000e+00,0.00000000e+00,0.00000000e+00
7.85234222e+01,0.00000000e+00,0.00000000e+00,0.00000000e+00,0.00000000e+00
8.00000000e+01,0.00000000e+00,0.00000000e+00,0.00000000e+00,0.00000000e+00
