Height (km), 7_8 um ash conc (g/kg), 15_6 um ash conc (g/kg), 125 um ash conc (g/kg), 1 mm ash conc (g/kg)
0.00000000e+00,0.00000000e+00,0.00000000e+00,0.00000000e+00,0.00000000e+00
3.99999991e-02,1.04381904e-01,1.54176146e-01,1.05241999e-01,2.41709304e+00
7.99999982e-02,1.25652313e-01,1.84456170e-01,1.27530336e-01,2.68186378e+00
1.19999997e-01,1.45868987e-01,2.13360623e-01,1.57596156e-01,2.80100298e+00
1.59999996e-01,1.61798418e-01,2.35397637e-01,1.82175353e-01,3.03615618e+00
2.00000003e-01,1.57855690e-01,2.27916509e-01,1.70230001e-01,3.16578579e+00
2.39999995e-01,1.66405290e-01,2.39137664e-01,1.88403130e-01,3.34109259e+00
2.80000001e-01,1.64049178e-01,2.34473333e-01,1.85058683e-01,3.50723696e+00
3.19999993e-01,1.71263516e-01,2.43969530e-01,1.93949476e-01,3.67555952e+00
3.60000014e-01,1.70905054e-01,2.42354438e-01,1.86283201e-01,3.87256575e+00
4.00000006e-01,1.81172460e-01,2.56337643e-01,2.02334642e-01,4.05969572e+00
4.39999998e-01,1.79944947e-01,2.53416419e-01,1.85604870e-01,4.27460670e+00
4.79999989e-01,1.92236215e-01,2.70205736e-01,2.06300423e-01,4.48678207e+00
5.19999981e-01,1.88976228e-01,2.64447570e-01,1.86924070e-01,4.70989990e+00
5.60000002e-01,2.00594485e-01,2.80152559e-01,2.03415886e-01,4.95817661e+00
6.00000024e-01,1.94690049e-01,2.70778060e-01,1.85483322e-01,5.18384838e+00
6.41029537e-01,2.05657303e-01,2.85602093e-01,2.00759202e-01,5.45988655e+00
6.83115125e-01,1.95912212e-01,2.71159828e-01,1.86166346e-01,5.70467758e+00
7.26283848e-01,1.97086304e-01,2.72323817e-01,1.88778877e-01,6.00494242e+00
7.70563781e-01,1.94815248e-01,2.68948972e-01,1.94652617e-01,6.27574539e+00
8.15983355e-01,2.02047974e-01,2.79102892e-01,2.12780803e-01,6.61444855e+00
8.62571895e-01,1.91089571e-01,2.63744652e-01,2.06171244e-01,6.91619301e+00
9.10359621e-01,1.99593320e-01,2.76033759e-01,2.30346158e-01,7.33485413e+00
9.59377348e-01,1.91652268e-01,2.65027046e-01,2.27240264e-01,7.69099045e+00
1.00965667e+00,1.97257966e-01,2.73338735e-01,2.51562178e-01,8.08459759e+00
1.06123006e+00,2.05346271e-01,2.85217524e-01,2.76058763e-01,8.53401947e+00
1.11413085e+00,2.15412706e-01,3.00010026e-01,3.01570475e-01,8.96802616e+00
1.16839325e+00,2.26265818e-01,3.15722525e-01,3.26307416e-01,9.42555332e+00
1.22405231e+00,2.39238277e-01,3.34433436e-01,3.53397012e-01,9.89092159e+00
1.28114390e+00,2.69851834e-01,3.77942652e-01,4.03119296e-01,1.04732723e+01
1.33970511e+00,3.07624817e-01,4.31311429e-01,4.65475917e-01,1.10542603e+01
1.39977336e+00,2.00273730e+04,2.80543672e+04,1.98349160e+04,2.09957007e+03
1.46138775e+00,2.38581875e+04,3.34043281e+04,2.26023516e+04,1.95307349e+03
1.52458799e+00,1.50692422e+04,2.10970156e+04,1.42839580e+04,1.32341699e+03
1.58941495e+00,1.40637695e+04,1.96944648e+04,1.35882080e+04,1.43429614e+03
1.65591037e+00,1.38065332e+04,1.93366680e+04,1.34665059e+04,1.51578503e+03
1.72411728e+00,1.38102930e+04,1.93435508e+04,1.35549863e+04,1.59406897e+03
1.79407966e+00,1.39469727e+04,1.95361836e+04,1.37511797e+04,1.67038892e+03
1.86584306e+00,1.41552129e+04,1.98287773e+04,1.40032148e+04,1.74267725e+03
1.93945324e+00,1.43906953e+04,2.01593320e+04,1.42711357e+04,1.80926953e+03
2.01495814e+00,1.45953896e+04,2.04465625e+04,1.44988418e+04,1.86379407e+03
2.09240627e+00,1.47369766e+04,2.06452461e+04,1.46566094e+04,1.90520593e+03
2.17184782e+00,1.47998418e+04,2.07335527e+04,1.47308789e+04,1.93151074e+03
2.25333428e+00,1.48029727e+04,2.07381289e+04,1.47426348e+04,1.94731616e+03
2.33691788e+00,1.47774746e+04,2.07025977e+04,1.47258857e+04,1.96142249e+03
2.42265272e+00,1.47442227e+04,2.06562344e+04,1.47022500e+04,1.97626270e+03
2.51059437e+00,1.47304648e+04,2.06372031e+04,1.46987920e+04,1.99606641e+03
2.60079956e+00,1.48557832e+04,2.08130977e+04,1.48386045e+04,2.04112109e+03
2.69332647e+00,1.52125039e+04,2.13131406e+04,1.52084473e+04,2.10930786e+03
2.78823495e+00,1.57238242e+04,2.20295898e+04,1.57270850e+04,2.19977588e+03
2.88558602e+00,1.63149033e+04,2.28577227e+04,1.63255381e+04,2.29029248e+03
2.98544264e+00,1.66075078e+04,2.32673770e+04,1.66104551e+04,2.32592773e+03
3.08786964e+00,1.61346191e+04,2.26046074e+04,1.61293291e+04,2.26747925e+03
3.19293284e+00,1.55163320e+04,2.17387051e+04,1.55231904e+04,2.20380249e+03
3.30070019e+00,1.48437871e+04,2.07964414e+04,1.48441533e+04,2.11350269e+03
3.41124129e+00,1.40280908e+04,1.96539414e+04,1.40370820e+04,2.01699268e+03
3.52462745e+00,1.46989551e+04,2.05945605e+04,1.47358643e+04,2.14575732e+03
3.64093208e+00,1.62108516e+04,2.27127754e+04,1.62487080e+04,2.34486133e+03
3.76023054e+00,1.70084785e+04,2.38296270e+04,1.70253887e+04,2.45356445e+03
3.88259912e+00,1.79818398e+04,2.51929160e+04,1.79885781e+04,2.56820166e+03
4.00811720e+00,1.80680098e+04,2.53125586e+04,1.80334473e+04,2.55744604e+03
4.13686609e+00,1.64348965e+04,2.30250078e+04,1.64170430e+04,2.35149536e+03
4.26892853e+00,1.58048232e+04,2.21425684e+04,1.57863701e+04,2.26213110e+03
4.40439081e+00,1.33790098e+04,1.87431602e+04,1.33252471e+04,1.90287329e+03
4.54333878e+00,1.22520107e+04,1.71664922e+04,1.22883379e+04,1.84125012e+03
4.68586397e+00,1.53701885e+04,2.15355742e+04,1.54153252e+04,2.25664844e+03
4.83205652e+00,1.72133730e+04,2.41158945e+04,1.71821348e+04,2.44889941e+03
4.98201227e+00,1.66503555e+04,2.33268027e+04,1.66195000e+04,2.39730322e+03
5.13582754e+00,1.68741250e+04,2.36396895e+04,1.68240703e+04,2.43463892e+03
5.29360199e+00,1.50913555e+04,2.11423125e+04,1.50557070e+04,2.22147754e+03
5.45543718e+00,1.31520879e+04,1.84265059e+04,1.31496104e+04,1.97858545e+03
5.62143755e+00,1.20391045e+04,1.68657520e+04,1.19751191e+04,1.77803455e+03
5.79171038e+00,1.12148018e+04,1.57121504e+04,1.12020830e+04,1.72870837e+03
5.96636629e+00,1.36414248e+04,1.91120449e+04,1.36282559e+04,2.04419214e+03
6.14551687e+00,1.54907383e+04,2.17007852e+04,1.53967021e+04,2.23508325e+03
6.32927942e+00,1.52105928e+04,2.13088184e+04,1.51503428e+04,2.26175977e+03
6.51777077e+00,1.55887256e+04,2.18386934e+04,1.55322646e+04,2.33818042e+03
6.71111441e+00,1.36203486e+04,1.90802949e+04,1.35412695e+04,2.05153491e+03
6.90943432e+00,1.03804668e+04,1.45411172e+04,1.03040371e+04,1.60700024e+03
7.11285782e+00,8.51461133e+03,1.19268486e+04,8.43441797e+03,1.35170386e+03
7.32151794e+00,7.70803906e+03,1.07974893e+04,7.65385303e+03,1.26951489e+03
7.53554821e+00,7.46911768e+03,1.04634443e+04,7.43848730e+03,1.26121179e+03
7.75508738e+00,7.14113379e+03,1.00044297e+04,7.12750879e+03,1.24180347e+03
7.98027754e+00,7.10875146e+03,9.95987500e+03,7.12318213e+03,1.27179443e+03
8.21126270e+00,8.11491553e+03,1.13689277e+04,8.10828076e+03,1.40444910e+03
8.44819450e+00,9.71528613e+03,1.36094199e+04,9.66018848e+03,1.60504517e+03
8.69122219e+00,1.18353252e+04,1.65793594e+04,1.17831592e+04,1.91456567e+03
8.94050789e+00,1.42032217e+04,1.98966406e+04,1.41468027e+04,2.23958521e+03
9.19620800e+00,1.46492295e+04,2.05215879e+04,1.46055273e+04,2.33352588e+03
9.45849037e+00,1.45159492e+04,2.03370469e+04,1.45762578e+04,2.41197827e+03
9.72752285e+00,1.58319883e+04,2.21797617e+04,1.58766045e+04,2.56138599e+03
1.00034800e+01,1.38388037e+04,1.93842598e+04,1.38024023e+04,2.19306226e+03
1.02865391e+01,8.63404297e+03,1.20930000e+04,8.67825195e+03,1.52036023e+03
1.05768833e+01,5.53933057e+03,7.76075732e+03,5.78723291e+03,1.20180396e+03
1.08747025e+01,5.29362549e+03,7.42003467e+03,5.74570020e+03,1.24326379e+03
1.11801853e+01,7.05537598e+03,9.89042773e+03,7.70918604e+03,1.52136780e+03
1.14935322e+01,9.59298633e+03,1.34484746e+04,1.05514854e+04,1.88281641e+03
1.18149433e+01,1.21540889e+04,1.70403301e+04,1.33632939e+04,2.19100146e+03
1.21446266e+01,1.27257334e+04,1.78443594e+04,1.41040713e+04,2.20994409e+03
1.24827967e+01,1.05448008e+04,1.47961621e+04,1.22216611e+04,1.95335974e+03
1.28296700e+01,1.10154268e+04,1.54665996e+04,1.29752598e+04,2.04481702e+03
1.31854706e+01,1.42359658e+04,1.99866250e+04,1.63551025e+04,2.44152026e+03
1.35504293e+01,1.71012285e+04,2.40055918e+04,1.94477520e+04,2.77080688e+03
1.39247818e+01,1.98157695e+04,2.78073086e+04,2.21999375e+04,2.90680884e+03
1.43087692e+01,1.87945879e+04,2.63704668e+04,2.09734434e+04,2.50415820e+03
1.47026405e+01,1.44135820e+04,2.02430312e+04,1.67160273e+04,1.97857593e+03
1.51066484e+01,1.28765674e+04,1.80986543e+04,1.52962393e+04,1.87908655e+03
1.55210552e+01,1.49123447e+04,2.09535078e+04,1.74221914e+04,2.11178711e+03
1.59461288e+01,2.02606621e+04,2.84370020e+04,2.20011211e+04,2.25505762e+03
1.63821430e+01,2.40416719e+04,3.37009766e+04,2.37674336e+04,2.15396045e+03
1.68293781e+01,2.56199023e+04,3.58775938e+04,2.42813496e+04,2.31014917e+03
1.72881241e+01,2.60985977e+04,3.65370977e+04,2.43688574e+04,2.35673657e+03
1.77586803e+01,2.68917246e+04,3.76183555e+04,2.38912500e+04,2.33821191e+03
1.82413464e+01,2.64695332e+04,3.70061328e+04,2.32648203e+04,2.30752783e+03
1.87364349e+01,2.52660234e+04,3.53183516e+04,2.20661797e+04,2.19470435e+03
1.92442665e+01,2.34146309e+04,3.27252598e+04,2.01800781e+04,2.13765942e+03
1.97651691e+01,2.09536172e+04,2.92908984e+04,1.81654121e+04,2.06052222e+03
2.02994785e+01,1.92197188e+04,2.68625352e+04,1.66186348e+04,1.88433264e+03
2.08475418e+01,1.70066465e+04,2.37564199e+04,1.46080586e+04,1.62108118e+03
2.14097099e+01,1.42139922e+04,1.98554668e+04,1.24158301e+04,1.38858069e+03
2.19863453e+01,1.17659922e+04,1.64383301e+04,1.04714648e+04,1.16276599e+03
2.25778236e+01,1.03566162e+04,1.44806904e+04,9.55330566e+03,1.05906165e+03
2.31845264e+01,9.13775488e+03,1.27836797e+04,8.59791992e+03,9.62552979e+02
2.38068466e+01,8.51579590e+03,1.19179336e+04,8.10164941e+03,8.93175537e+02
2.44451809e+01,7.67175586e+03,1.07371445e+04,7.25435449e+03,7.65364746e+02
2.50999470e+01,6.93049609e+03,9.70025781e+03,6.53264111e+03,6.58307739e+02
2.57715645e+01,6.18791602e+03,8.66008887e+03,5.77249561e+03,5.54611450e+02
2.64604683e+01,5.27386279e+03,7.37960693e+03,4.83436523e+03,4.41420746e+02
2.71671047e+01,4.11451611e+03,5.75529590e+03,3.68791943e+03,2.97325470e+02
2.78919277e+01,1.94130200e+03,2.71316309e+03,1.64099121e+03,1.00141891e+02
2.86354065e+01,4.05769623e+02,5.64980652e+02,2.84009094e+02,8.56788254e+00
2.93980217e+01,6.03779984e+01,8.31762619e+01,2.67871475e+01,1.27065688e-01
3.01802654e+01,1.75297089e+01,2.38585320e+01,4.19342518e+00,8.88321549e-03
3.09826431e+01,7.33985806e+00,9.95715237e+00,1.52928114e+00,5.76190837e-03
3.18056717e+01,3.41244197e+00,4.64161682e+00,7.99105525e-01,1.82258151e-03
3.26498833e+01,1.04220796e+00,1.41614866e+00,2.23673433e-01,2.95890786e-05
3.35158234e+01,1.39497548e-01,1.88180834e-01,1.91517714e-02,3.10228359e-07
3.44040565e+01,1.25855645e-02,1.66835934e-02,5.90470096e-04,7.01368137e-08
3.53151436e+01,1.56151655e-03,2.02734745e-03,1.57102131e-05,1.82761024e-08
3.62496834e+01,2.76995677e-04,3.57105513e-04,2.18811351e-06,5.54167379e-09
3.72082787e+01,4.55520931e-05,5.85381058e-05,4.81625591e-07,8.73083050e-10
3.81915474e+01,6.65395964e-06,8.52084213e-06,7.60613119e-08,1.28796418e-10
3.92001228e+01,7.00585986e-07,8.94032780e-07,9.88376936e-09,1.44876949e-11
4.02346535e+01,4.53416540e-08,5.82300821e-08,8.66575756e-10,9.43211329e-13
4.12958107e+01,1.76343884e-09,2.26888397e-09,5.59998922e-11,5.31066381e-14
4.23842850e+01,5.36513993e-11,6.96237304e-11,3.55667774e-12,2.77464806e-15
4.35007744e+01,1.23660186e-12,1.63575132e-12,1.74180616e-13,1.34873691e-16
4.46459999e+01,3.30131837e-14,4.41951434e-14,6.51012837e-15,6.38558328e-18
4.58207016e+01,9.40250829e-16,1.30086145e-15,9.97009395e-17,1.84491120e-19
4.70256386e+01,1.14571835e-17,1.53274466e-17,1.37669572e-18,2.34748587e-21
4.82615852e+01,1.12839275e-19,1.88947659e-19,6.91829550e-21,4.12501875e-24
4.95293465e+01,8.12100318e-22,1.16309107e-21,3.61626738e-22,2.12031390e-26
5.08297386e+01,4.89982334e-23,7.09249126e-23,1.36580064e-23,2.62754069e-28
5.21635971e+01,9.35647212e-25,1.34545118e-24,2.28345379e-25,1.07397663e-29
5.35317917e+01,4.41809161e-26,5.89435821e-26,5.78538146e-27,5.31693680e-31
5.49351997e+01,7.26254026e-28,7.97852880e-28,4.35204586e-29,9.33193006e-33
5.63747253e+01,3.18980492e-29,4.91767945e-29,4.33072507e-30,3.53809037e-34
5.78513031e+01,5.83583621e-31,8.56712508e-31,6.77515212e-32,8.08885974e-36
5.93278885e+01,2.55408680e-32,3.82781692e-32,3.92039598e-33,3.85345867e-37
6.08044662e+01,6.13025722e-34,8.84584478e-34,7.18949851e-35,8.80996345e-39
6.22810478e+01,2.11596186e-35,2.83110008e-35,3.00934733e-36,2.43825933e-40
6.37576256e+01,6.84981325e-37,9.63879001e-37,6.41066021e-38,1.40129846e-42
6.52341995e+01,2.70408565e-38,3.61268757e-38,2.79278784e-39,0.00000000e+00
6.67107849e+01,1.19250499e-39,1.66193998e-39,6.30584309e-41,0.00000000e+00
6.81873703e+01,2.10194770e-41,3.22298647e-41,0.00000000e+00,0.00000000e+00
6.96639481e+01,0.00000000e+00,0.00000000e+00,0.00000000e+00,0.00000000e+00
7.11405258e+01,0.00000000e+00,0.00000000e+00,0.00000000e+00,0.00000000e+00
7.26171036e+01,0.00000000e+00,0.00000000e+00,0.00000000e+00,0.00000000e+00
7.40936813e+01,0.00000000e+00,0.00000000e+00,0.00000000e+00,0.00000000e+00
7.55702591e+01,0.00000000e+00,0.00000000e+00,0.00000000e+00,0.00000000e+00
7.70468445e+01,0.00000000e+00,0.00000000e+00,0.00000000e+00,0.00000000e+00
7.85234222e+01,0.00000000e+00,0.00000000e+00,0.00000000e+00,0.00000000e+00
8.00000000e+01,0.00000000e+00,0.00000000e+00,0.00000000e+00,0.00000000e+00
