Height (km), 7_8 um ash conc (g/kg), 15_6 um ash conc (g/kg), 125 um ash conc (g/kg), 1 mm ash conc (g/kg)
0.00000000e+00,0.00000000e+00,0.00000000e+00,0.00000000e+00,0.00000000e+00
3.99999991e-02,1.34077165e-02,2.21642070e-02,2.97531098e-01,3.50134201e+01
7.99999982e-02,1.83565058e-02,2.98842378e-02,3.52659494e-01,3.75118332e+01
1.19999997e-01,2.06250381e-02,3.30994502e-02,3.90077293e-01,3.82818680e+01
1.59999996e-01,2.14685015e-02,3.40079479e-02,4.19840276e-01,3.97675858e+01
2.00000003e-01,2.19338425e-02,3.43609564e-02,4.33377802e-01,4.03188095e+01
2.39999995e-01,2.15308834e-02,3.34964730e-02,4.36332107e-01,4.15083466e+01
2.80000001e-01,2.14186367e-02,3.32150497e-02,4.43115234e-01,4.19325371e+01
3.19999993e-01,2.08522398e-02,3.23182754e-02,4.46712047e-01,4.29574127e+01
3.60000014e-01,2.09716745e-02,3.25023681e-02,4.53676760e-01,4.33987656e+01
4.00000006e-01,2.06702650e-02,3.21426094e-02,4.58242774e-01,4.43078766e+01
4.39999998e-01,2.09588297e-02,3.26236449e-02,4.63015348e-01,4.47450714e+01
4.79999989e-01,2.12492496e-02,3.31912860e-02,4.67783868e-01,4.58642769e+01
5.19999981e-01,2.15191245e-02,3.36551890e-02,4.72946942e-01,4.59096413e+01
5.60000002e-01,2.27525309e-02,3.55490036e-02,4.79084671e-01,4.64786797e+01
6.00000024e-01,2.29688827e-02,3.58954966e-02,4.86573994e-01,4.67814636e+01
6.41029537e-01,2.51425877e-02,3.90084758e-02,4.92831707e-01,4.72277679e+01
6.83115125e-01,2.52760854e-02,3.92882302e-02,5.01851439e-01,4.88214302e+01
7.26283848e-01,2.69630030e-02,4.17485759e-02,5.11476040e-01,4.85213928e+01
7.70563781e-01,2.85579972e-02,4.41984385e-02,5.22683144e-01,4.88360481e+01
8.15983355e-01,3.18837166e-02,4.88014780e-02,5.36926687e-01,4.91127739e+01
8.62571895e-01,3.27729955e-02,5.02068102e-02,5.50974369e-01,4.96834068e+01
9.10359621e-01,3.63352336e-02,5.53255044e-02,5.67917585e-01,5.04053307e+01
9.59377348e-01,3.78458686e-02,5.76863736e-02,5.86364985e-01,5.10959473e+01
1.00965667e+00,4.12842259e-02,6.24971464e-02,6.06983423e-01,5.24375420e+01
1.06123006e+00,4.48004156e-02,6.75100759e-02,6.29829645e-01,5.30709877e+01
1.11413085e+00,4.82689627e-02,7.25804418e-02,6.54682875e-01,5.45758591e+01
1.16839325e+00,5.19908816e-02,7.79015571e-02,6.83653057e-01,5.56975060e+01
1.22405231e+00,5.58541007e-02,8.36669281e-02,7.16325521e-01,5.62408028e+01
1.28114390e+00,6.05848953e-02,9.05892998e-02,7.51413941e-01,5.83150826e+01
1.33970511e+00,6.45157769e-02,9.68419164e-02,7.90871739e-01,5.93940201e+01
1.39977336e+00,2.06744844e+04,2.89456094e+04,1.94284688e+04,1.29030005e+03
1.46138775e+00,2.60063477e+04,3.63665625e+04,2.18977383e+04,1.34007764e+03
1.52458799e+00,1.54944668e+04,2.16626250e+04,1.32003281e+04,9.43995911e+02
1.58941495e+00,1.44246328e+04,2.01792734e+04,1.28242744e+04,1.11038562e+03
1.65591037e+00,1.40400176e+04,1.96462539e+04,1.27107520e+04,1.18521277e+03
1.72411728e+00,1.36511172e+04,1.91046250e+04,1.24749639e+04,1.21612988e+03
1.79407966e+00,1.31745107e+04,1.84393320e+04,1.21181211e+04,1.23217139e+03
1.86584306e+00,1.27735859e+04,1.78801426e+04,1.18430957e+04,1.26190576e+03
1.93945324e+00,1.27916719e+04,1.79082227e+04,1.19905996e+04,1.35266968e+03
2.01495814e+00,1.33934258e+04,1.87538223e+04,1.27072539e+04,1.51092529e+03
2.09240627e+00,1.44340771e+04,2.02139375e+04,1.38540254e+04,1.72091211e+03
2.17184782e+00,1.56493965e+04,2.19179258e+04,1.51411416e+04,1.91306140e+03
2.25333428e+00,1.65469043e+04,2.31751973e+04,1.60343691e+04,2.01377466e+03
2.33691788e+00,1.68296562e+04,2.35703906e+04,1.62746113e+04,2.01846204e+03
2.42265272e+00,1.65726680e+04,2.32095859e+04,1.59834062e+04,1.95615637e+03
2.51059437e+00,1.58704590e+04,2.22252578e+04,1.52489092e+04,1.84259192e+03
2.60079956e+00,1.50835361e+04,2.11222266e+04,1.44190137e+04,1.70701917e+03
2.69332647e+00,1.46048027e+04,2.04516367e+04,1.39307637e+04,1.64560669e+03
2.78823495e+00,1.47982744e+04,2.07232539e+04,1.41319531e+04,1.69031128e+03
2.88558602e+00,1.54740840e+04,2.16703867e+04,1.48041699e+04,1.78757690e+03
2.98544264e+00,1.61823125e+04,2.26620000e+04,1.54686504e+04,1.86661890e+03
3.08786964e+00,1.67043086e+04,2.33919277e+04,1.59319512e+04,1.91819238e+03
3.19293284e+00,1.65248457e+04,2.31399062e+04,1.57365020e+04,1.89937866e+03
3.30070019e+00,1.57564248e+04,2.20631230e+04,1.49632598e+04,1.80929321e+03
3.41124129e+00,1.45445215e+04,2.03664219e+04,1.38153809e+04,1.71211646e+03
3.52462745e+00,1.35738320e+04,1.90096777e+04,1.29872109e+04,1.66405640e+03
3.64093208e+00,1.32026309e+04,1.84907422e+04,1.26613232e+04,1.64834326e+03
3.76023054e+00,1.32213662e+04,1.85186113e+04,1.27698379e+04,1.72445044e+03
3.88259912e+00,1.49920723e+04,2.10031621e+04,1.46938154e+04,2.06781323e+03
4.00811720e+00,1.84960312e+04,2.59121875e+04,1.81420723e+04,2.50375146e+03
4.13686609e+00,1.91245078e+04,2.67892695e+04,1.86525898e+04,2.55594141e+03
4.26892853e+00,1.97562910e+04,2.76750898e+04,1.93392910e+04,2.69000684e+03
4.40439081e+00,2.06676230e+04,2.89492793e+04,2.01374004e+04,2.76742334e+03
4.54333878e+00,1.87670352e+04,2.62853906e+04,1.82087266e+04,2.49535474e+03
4.68586397e+00,1.63698643e+04,2.29301934e+04,1.59388916e+04,2.22704370e+03
4.83205652e+00,1.67327246e+04,2.34363926e+04,1.61614678e+04,2.19283472e+03
4.98201227e+00,1.57750234e+04,2.20943496e+04,1.52358916e+04,2.13109546e+03
5.13582754e+00,1.63081348e+04,2.28461309e+04,1.59481387e+04,2.30376978e+03
5.29360199e+00,1.96709766e+04,2.75529629e+04,1.90106445e+04,2.54816602e+03
5.45543718e+00,1.98673379e+04,2.78213398e+04,1.89227891e+04,2.44658276e+03
5.62143755e+00,1.83083574e+04,2.56367363e+04,1.73849258e+04,2.30237964e+03
5.79171038e+00,1.70842090e+04,2.39193281e+04,1.61020908e+04,2.14782593e+03
5.96636629e+00,1.35838428e+04,1.90175762e+04,1.27750947e+04,1.77455371e+03
6.14551687e+00,1.09569385e+04,1.53415957e+04,1.03655254e+04,1.53038354e+03
6.32927942e+00,1.06307139e+04,1.48840635e+04,1.00359277e+04,1.50902283e+03
6.51777077e+00,1.11286074e+04,1.55852852e+04,1.06937998e+04,1.69486487e+03
6.71111441e+00,1.40552803e+04,1.96857949e+04,1.35762461e+04,2.06798584e+03
6.90943432e+00,1.57307295e+04,2.20289258e+04,1.50762930e+04,2.26193457e+03
7.11285782e+00,1.55371973e+04,2.17614746e+04,1.50552031e+04,2.41930737e+03
7.32151794e+00,1.69201934e+04,2.36979512e+04,1.63835098e+04,2.65571167e+03
7.53554821e+00,1.45017939e+04,2.03074512e+04,1.39149248e+04,2.37978467e+03
7.75508738e+00,9.96754199e+03,1.39553799e+04,9.46653027e+03,1.91977026e+03
7.98027754e+00,7.39075732e+03,1.03471533e+04,7.02921289e+03,1.75470508e+03
8.21126270e+00,7.79066797e+03,1.09118652e+04,7.62323193e+03,1.96308630e+03
8.44819450e+00,1.04592744e+04,1.46531963e+04,1.03773740e+04,2.38438843e+03
8.69122219e+00,1.29142168e+04,1.80886973e+04,1.26817461e+04,2.63008350e+03
8.94050789e+00,1.20254385e+04,1.68392812e+04,1.17966348e+04,2.54834766e+03
9.19620800e+00,1.14195391e+04,1.59915869e+04,1.15434863e+04,2.60857886e+03
9.45849037e+00,1.10577441e+04,1.54840176e+04,1.16623096e+04,2.65785596e+03
9.72752285e+00,9.28323438e+03,1.29979600e+04,1.06838262e+04,2.51529248e+03
1.00034800e+01,7.05250049e+03,9.87664453e+03,9.75234082e+03,2.31708105e+03
1.02865391e+01,5.90435547e+03,8.27336133e+03,1.01772568e+04,2.20887891e+03
1.05768833e+01,6.19239209e+03,8.67880371e+03,1.16124004e+04,2.20077881e+03
1.08747025e+01,7.24112256e+03,1.01502266e+04,1.36555156e+04,2.25372314e+03
1.11801853e+01,8.29056641e+03,1.16275195e+04,1.60935713e+04,2.31527295e+03
1.14935322e+01,9.25859766e+03,1.29907227e+04,1.86252285e+04,2.39840576e+03
1.18149433e+01,9.85134570e+03,1.38246904e+04,2.05346777e+04,2.47930566e+03
1.21446266e+01,9.50067773e+03,1.33450352e+04,2.15746211e+04,2.54192285e+03
1.24827967e+01,8.95260156e+03,1.25971641e+04,2.22589609e+04,2.59749609e+03
1.28296700e+01,8.94001953e+03,1.26091367e+04,2.26008574e+04,2.63113062e+03
1.31854706e+01,9.38386621e+03,1.32662588e+04,2.30418613e+04,2.70576831e+03
1.35504293e+01,1.13567676e+04,1.60790859e+04,2.53229062e+04,2.92417920e+03
1.39247818e+01,1.46684307e+04,2.07721055e+04,2.84223887e+04,3.16520483e+03
1.43087692e+01,1.74914688e+04,2.47781230e+04,3.11742031e+04,3.31139795e+03
1.47026405e+01,2.00380410e+04,2.83947168e+04,3.37249141e+04,3.39243604e+03
1.51066484e+01,2.29874961e+04,3.25930801e+04,3.63532734e+04,3.48634033e+03
1.55210552e+01,2.65807578e+04,3.77213438e+04,3.71810586e+04,3.41959399e+03
1.59461288e+01,3.04678652e+04,4.32124375e+04,3.65459141e+04,3.33254297e+03
1.63821430e+01,3.44409570e+04,4.86510273e+04,3.52692109e+04,3.27095312e+03
1.68293781e+01,3.63283555e+04,5.10922070e+04,3.35370352e+04,3.14971704e+03
1.72881241e+01,3.74903984e+04,5.25447930e+04,3.26581465e+04,3.10767578e+03
1.77586803e+01,3.84199453e+04,5.37223711e+04,3.21168125e+04,3.17999634e+03
1.82413464e+01,3.90963594e+04,5.45816328e+04,3.12828633e+04,3.11655371e+03
1.87364349e+01,3.89421250e+04,5.43218281e+04,3.06626289e+04,3.08626978e+03
1.92442665e+01,3.99656641e+04,5.57412734e+04,3.13059453e+04,3.25925391e+03
1.97651691e+01,4.21216016e+04,5.87045938e+04,3.31595703e+04,3.46518066e+03
2.02994785e+01,4.16918984e+04,5.80608906e+04,3.27395742e+04,3.40858057e+03
2.08475418e+01,4.11410430e+04,5.72925312e+04,3.28910000e+04,3.42575439e+03
2.14097099e+01,3.83918555e+04,5.34796758e+04,3.13242617e+04,2.97917334e+03
2.19863453e+01,3.73762812e+04,5.21023906e+04,3.06972910e+04,2.86459839e+03
2.25778236e+01,3.18424453e+04,4.43789453e+04,2.51796562e+04,1.79084009e+03
2.31845264e+01,2.64150254e+04,3.68321289e+04,2.10491309e+04,1.45685010e+03
2.38068466e+01,2.18777598e+04,3.05337695e+04,1.81302266e+04,1.00977368e+03
2.44451809e+01,1.87322559e+04,2.61276602e+04,1.41729854e+04,6.12018066e+02
2.50999470e+01,1.81549375e+04,2.53009023e+04,1.26164404e+04,6.27371643e+02
2.57715645e+01,1.38050723e+04,1.92296172e+04,1.01812090e+04,4.71428467e+02
2.64604683e+01,5.32894629e+03,7.38106641e+03,2.38896191e+03,1.69253981e+00
2.71671047e+01,6.83088318e+02,9.41070129e+02,1.83870438e+02,1.13496900e+00
2.78919277e+01,8.43134949e+02,1.15876392e+03,1.83582306e+02,9.78374854e-02
2.86354065e+01,7.47360535e+02,1.01796246e+03,8.68670959e+01,1.87135041e-02
2.93980217e+01,3.61611267e+02,4.89572815e+02,2.63270702e+01,9.95249115e-03
3.01802654e+01,1.61535492e+02,2.16754166e+02,1.21708832e+01,4.63415124e-03
3.09826431e+01,1.01634209e+02,1.37093674e+02,9.77043056e+00,1.15551392e-03
3.18056717e+01,4.44020996e+01,5.95107384e+01,1.99818349e+00,8.70943331e-05
3.26498833e+01,1.16390028e+01,1.55041437e+01,1.11972463e+00,3.26170266e-05
3.35158234e+01,9.41417885e+00,1.27368221e+01,1.21152782e+00,2.80532531e-05
3.44040565e+01,2.39476418e+00,3.20228505e+00,1.27357781e-01,3.32007767e-06
3.53151436e+01,7.44722858e-02,9.46543142e-02,5.38725406e-04,3.42205908e-07
3.62496834e+01,1.09850699e-02,1.38390828e-02,4.19537391e-05,3.72747238e-08
3.72082787e+01,2.37338524e-03,2.94076256e-03,1.63931111e-06,4.36702896e-09
3.81915474e+01,5.09678852e-04,6.16255507e-04,1.00057413e-07,1.27602184e-09
3.92001228e+01,3.40605584e-05,3.92877882e-05,2.67449973e-08,1.00263971e-10
4.02346535e+01,1.35429627e-06,1.55209943e-06,2.33968223e-09,2.66855440e-12
4.12958107e+01,1.14221780e-06,1.33137667e-06,4.19608237e-10,2.55260960e-12
4.23842850e+01,1.31738442e-09,1.49505031e-09,1.89712449e-13,4.08541196e-16
4.35007744e+01,2.80336465e-09,3.46962503e-09,2.48911568e-12,1.03245812e-14
4.46459999e+01,4.82662021e-10,5.43590728e-10,1.72035089e-13,1.06861624e-15
4.58207016e+01,5.21403829e-13,7.18430144e-13,8.93699380e-16,5.92093504e-19
4.70256386e+01,4.43736654e-13,4.99512161e-13,2.46418375e-16,7.01258339e-19
4.82615852e+01,2.95420528e-16,3.54479053e-16,4.71844139e-19,8.77022607e-21
4.95293465e+01,1.51934166e-16,1.76763097e-16,1.69990204e-19,2.04753720e-22
5.08297386e+01,2.59265598e-19,2.96961691e-19,1.95679686e-22,3.89226219e-24
5.21635971e+01,1.07857463e-19,1.26387588e-19,3.66266099e-23,3.46239587e-26
5.35317917e+01,9.73809408e-23,1.09365126e-22,4.54269096e-26,7.13107195e-28
5.49351997e+01,2.00071676e-23,2.32228770e-23,6.38376636e-27,5.28826283e-30
5.63747253e+01,2.42042525e-26,2.81033300e-26,1.57633303e-29,1.33155451e-31
5.78513031e+01,2.52982492e-27,2.91521179e-27,1.26423439e-30,7.80305915e-34
5.93278885e+01,8.67614287e-30,9.76213715e-30,7.57094034e-33,2.91135914e-35
6.08044662e+01,5.04168963e-31,6.01125524e-31,4.65125253e-34,2.92742460e-37
6.22810478e+01,4.63832071e-33,5.47506698e-33,6.73207207e-36,2.02361511e-38
6.37576256e+01,3.52208804e-34,4.18991232e-34,4.13688552e-37,3.12489558e-40
6.52341995e+01,5.20004937e-36,6.16758224e-36,9.41672568e-39,1.54142831e-41
6.67107849e+01,3.26544581e-37,3.73147575e-37,5.35296013e-40,0.00000000e+00
6.81873703e+01,5.43563674e-39,6.19934441e-39,1.40129846e-41,0.00000000e+00
6.96639481e+01,3.72745392e-40,3.47522019e-40,0.00000000e+00,0.00000000e+00
7.11405258e+01,0.00000000e+00,2.80259693e-42,0.00000000e+00,0.00000000e+00
7.26171036e+01,0.00000000e+00,0.00000000e+00,0.00000000e+00,0.00000000e+00
7.40936813e+01,0.00000000e+00,0.00000000e+00,0.00000000e+00,0.00000000e+00
7.55702591e+01,0.00000000e+00,0.00000000e+00,0.00000000e+00,0.00000000e+00
7.70468445e+01,0.00000000e+00,0.00000000e+00,0.00000000e+00,0.00000000e+00
7.85234222e+01,0.00000000e+00,0.00000000e+00,0.00000000e+00,0.00000000e+00
8.00000000e+01,0.00000000e+00,0.00000000e+00,0.00000000e+00,0.00000000e+00
