Height (km), 7_8 um ash conc (g/kg), 15_6 um ash conc (g/kg), 125 um ash conc (g/kg), 1 mm ash conc (g/kg)
0.00000000e+00,0.00000000e+00,0.00000000e+00,0.00000000e+00,0.00000000e+00
3.99999991e-02,1.09741474e-02,1.57929119e-02,2.39694715e-02,2.42469506e-03
7.99999982e-02,1.72626823e-02,2.45891083e-02,3.14550512e-02,7.55928038e-03
1.19999997e-01,2.31146850e-02,3.27510573e-02,3.76581624e-02,1.97877530e-02
1.59999996e-01,2.70881876e-02,3.83221917e-02,4.25068438e-02,4.37453017e-02
2.00000003e-01,3.26322764e-02,4.60499264e-02,4.88239191e-02,6.46782219e-02
2.39999995e-01,3.86211425e-02,5.43870255e-02,5.51376119e-02,9.81994271e-02
2.80000001e-01,4.33813147e-02,6.10307157e-02,6.09236211e-02,1.46472648e-01
3.19999993e-01,4.84533086e-02,6.80841655e-02,6.67750314e-02,1.94563121e-01
3.60000014e-01,5.36123514e-02,7.52694160e-02,7.32101128e-02,2.69414365e-01
4.00000006e-01,5.88250309e-02,8.24944675e-02,7.95007423e-02,3.58661622e-01
4.39999998e-01,6.24977946e-02,8.75755250e-02,8.45186412e-02,4.57891792e-01
4.79999989e-01,6.64807707e-02,9.30474550e-02,8.97177309e-02,5.91007113e-01
5.19999981e-01,7.07102567e-02,9.88666713e-02,9.59537625e-02,7.22833991e-01
5.60000002e-01,7.49020949e-02,1.04635462e-01,1.02914378e-01,9.24089432e-01
6.00000024e-01,7.95461312e-02,1.11058123e-01,1.11373708e-01,1.08556747e+00
6.41029537e-01,8.22810754e-02,1.14833564e-01,1.19429573e-01,1.42422938e+00
6.83115125e-01,8.45074430e-02,1.17962405e-01,1.29104555e-01,1.54086006e+00
7.26283848e-01,8.69738609e-02,1.21526323e-01,1.41686231e-01,1.88158309e+00
7.70563781e-01,8.85570645e-02,1.24020405e-01,1.56430751e-01,2.08599067e+00
8.15983355e-01,9.26190913e-02,1.30138516e-01,1.74295217e-01,2.47372532e+00
8.62571895e-01,9.92448628e-02,1.39949411e-01,1.94295198e-01,2.55411148e+00
9.10359621e-01,1.05740137e-01,1.49644643e-01,2.12681517e-01,2.98773289e+00
9.59377348e-01,1.19436815e-01,1.69502735e-01,2.37193406e-01,3.13639069e+00
1.00965667e+00,1.33757606e-01,1.90307975e-01,2.58443058e-01,3.51357603e+00
1.06123006e+00,1.53505117e-01,2.18748376e-01,2.80485451e-01,3.96015596e+00
1.11413085e+00,1.77787781e-01,2.53638148e-01,3.05178374e-01,4.48006153e+00
1.16839325e+00,2.13567346e-01,3.04676473e-01,3.40287149e-01,4.82908106e+00
1.22405231e+00,2.52466261e-01,3.60073388e-01,3.79561841e-01,5.33096027e+00
1.28114390e+00,3.10753763e-01,4.42491025e-01,4.37333345e-01,5.94596434e+00
1.33970511e+00,3.96024227e-01,5.62959492e-01,5.35785258e-01,6.87516117e+00
1.39977336e+00,1.92462227e+04,2.69597598e+04,1.90423750e+04,1.97662000e+03
1.46138775e+00,2.22736250e+04,3.11870996e+04,2.12060391e+04,1.87714185e+03
1.52458799e+00,1.66651016e+04,2.33321367e+04,1.58211406e+04,1.48675024e+03
1.58941495e+00,1.57236230e+04,2.20194023e+04,1.52007627e+04,1.62629614e+03
1.65591037e+00,1.56630781e+04,2.19374668e+04,1.52879629e+04,1.74785132e+03
1.72411728e+00,1.58229277e+04,2.21631680e+04,1.55368223e+04,1.85304895e+03
1.79407966e+00,1.60338281e+04,2.24598359e+04,1.58073691e+04,1.94493750e+03
1.86584306e+00,1.62230117e+04,2.27257070e+04,1.60379561e+04,2.00998157e+03
1.93945324e+00,1.63413770e+04,2.28921016e+04,1.61846035e+04,2.06117432e+03
2.01495814e+00,1.63617871e+04,2.29210859e+04,1.62246758e+04,2.08698901e+03
2.09240627e+00,1.63298535e+04,2.28766309e+04,1.62072256e+04,2.10641162e+03
2.17184782e+00,1.62810742e+04,2.28084766e+04,1.61688906e+04,2.11667896e+03
2.25333428e+00,1.61708359e+04,2.26540664e+04,1.60626562e+04,2.11691553e+03
2.33691788e+00,1.58153555e+04,2.21559844e+04,1.57081562e+04,2.08442847e+03
2.42265272e+00,1.51336133e+04,2.12010488e+04,1.50374434e+04,2.02140845e+03
2.51059437e+00,1.43488701e+04,2.01020703e+04,1.42725439e+04,1.95190674e+03
2.60079956e+00,1.38404512e+04,1.93903047e+04,1.37861494e+04,1.91803027e+03
2.69332647e+00,1.41605537e+04,1.98393281e+04,1.41298975e+04,2.00836096e+03
2.78823495e+00,1.52948184e+04,2.14285723e+04,1.52716611e+04,2.15915137e+03
2.88558602e+00,1.63773691e+04,2.29448496e+04,1.63455049e+04,2.35671582e+03
2.98544264e+00,1.70577168e+04,2.38976426e+04,1.70196367e+04,2.41205957e+03
3.08786964e+00,1.71095312e+04,2.39697734e+04,1.70584492e+04,2.43682104e+03
3.19293284e+00,1.61495195e+04,2.26244531e+04,1.60885215e+04,2.31191309e+03
3.30070019e+00,1.45534004e+04,2.03883828e+04,1.44997500e+04,2.11241309e+03
3.41124129e+00,1.30990244e+04,1.83511250e+04,1.30588379e+04,1.92490613e+03
3.52462745e+00,1.19766221e+04,1.67787910e+04,1.19411318e+04,1.78099805e+03
3.64093208e+00,1.13213770e+04,1.58611328e+04,1.12976367e+04,1.70524487e+03
3.76023054e+00,1.15249082e+04,1.61467422e+04,1.15164424e+04,1.75358447e+03
3.88259912e+00,1.27383281e+04,1.78470137e+04,1.27344219e+04,1.92052441e+03
4.00811720e+00,1.44238350e+04,2.02081895e+04,1.44079639e+04,2.14703711e+03
4.13686609e+00,1.54736836e+04,2.16787500e+04,1.54529160e+04,2.29117651e+03
4.26892853e+00,1.58310000e+04,2.21790176e+04,1.58043301e+04,2.34319092e+03
4.40439081e+00,1.54103076e+04,2.15891680e+04,1.53723945e+04,2.29061890e+03
4.54333878e+00,1.42397559e+04,1.99489395e+04,1.41956416e+04,2.11911938e+03
4.68586397e+00,1.27964873e+04,1.79268223e+04,1.27499492e+04,1.93030737e+03
4.83205652e+00,1.15766348e+04,1.62177080e+04,1.15239316e+04,1.73901355e+03
4.98201227e+00,1.07160430e+04,1.50119033e+04,1.06558047e+04,1.63212952e+03
5.13582754e+00,1.02892686e+04,1.44141504e+04,1.02321230e+04,1.55571289e+03
5.29360199e+00,1.03248740e+04,1.44642891e+04,1.02753945e+04,1.58167041e+03
5.45543718e+00,1.06378242e+04,1.49029297e+04,1.05947773e+04,1.62089233e+03
5.62143755e+00,1.10856201e+04,1.55305283e+04,1.10518721e+04,1.70686133e+03
5.79171038e+00,1.16527617e+04,1.63252578e+04,1.16261699e+04,1.78038525e+03
5.96636629e+00,1.20824600e+04,1.69273027e+04,1.20603652e+04,1.86235059e+03
6.14551687e+00,1.22869521e+04,1.72138594e+04,1.22724121e+04,1.89458777e+03
6.32927942e+00,1.25229014e+04,1.75443867e+04,1.25112686e+04,1.94756689e+03
6.51777077e+00,1.26860850e+04,1.77726680e+04,1.26639238e+04,1.96200183e+03
6.71111441e+00,1.23373965e+04,1.72837324e+04,1.22995830e+04,1.90526111e+03
6.90943432e+00,1.17148799e+04,1.64113086e+04,1.16661865e+04,1.81466907e+03
7.11285782e+00,1.12109609e+04,1.57052305e+04,1.11587178e+04,1.74628516e+03
7.32151794e+00,1.09214756e+04,1.52998564e+04,1.08768438e+04,1.72104578e+03
7.53554821e+00,1.08652012e+04,1.52213340e+04,1.08330059e+04,1.72841028e+03
7.75508738e+00,1.10225625e+04,1.54420996e+04,1.10023428e+04,1.76672925e+03
7.98027754e+00,1.13521504e+04,1.59041621e+04,1.13453457e+04,1.82979321e+03
8.21126270e+00,1.16960508e+04,1.63860371e+04,1.16946934e+04,1.88918188e+03
8.44819450e+00,1.18716426e+04,1.66318477e+04,1.18663604e+04,1.91611023e+03
8.69122219e+00,1.19202979e+04,1.66996387e+04,1.19071650e+04,1.92615247e+03
8.94050789e+00,1.17055293e+04,1.63985156e+04,1.16954453e+04,1.91313574e+03
9.19620800e+00,1.17116582e+04,1.64072305e+04,1.17207803e+04,1.93470642e+03
9.45849037e+00,1.21512793e+04,1.70230430e+04,1.21681826e+04,1.99673804e+03
9.72752285e+00,1.23039893e+04,1.72372734e+04,1.23340264e+04,2.02660730e+03
1.00034800e+01,1.24798818e+04,1.74845996e+04,1.25439443e+04,2.06559033e+03
1.02865391e+01,1.30898691e+04,1.83393340e+04,1.31675039e+04,2.16173730e+03
1.05768833e+01,1.29488564e+04,1.81424141e+04,1.30811816e+04,2.17706323e+03
1.08747025e+01,1.34670518e+04,1.88696309e+04,1.36833711e+04,2.30886816e+03
1.11801853e+01,1.39473730e+04,1.95424727e+04,1.41980215e+04,2.41365674e+03
1.14935322e+01,1.32109590e+04,1.85123418e+04,1.35858125e+04,2.36511987e+03
1.18149433e+01,1.41599414e+04,1.98438184e+04,1.46706611e+04,2.49935278e+03
1.21446266e+01,1.55923291e+04,2.18535078e+04,1.62779551e+04,2.73861035e+03
1.24827967e+01,1.56863213e+04,2.19879629e+04,1.65659824e+04,2.75470605e+03
1.28296700e+01,1.59111963e+04,2.23046348e+04,1.69889121e+04,2.76869092e+03
1.31854706e+01,1.98350527e+04,2.78025762e+04,2.11112188e+04,3.23591504e+03
1.35504293e+01,2.38029746e+04,3.33627539e+04,2.53351973e+04,3.67552368e+03
1.39247818e+01,2.24026797e+04,3.14070488e+04,2.44061797e+04,3.43552393e+03
1.43087692e+01,1.92933340e+04,2.70619629e+04,2.18852266e+04,3.01408057e+03
1.47026405e+01,1.82492988e+04,2.56134648e+04,2.13691367e+04,2.90538306e+03
1.51066484e+01,1.95993789e+04,2.75164629e+04,2.28497207e+04,2.97869092e+03
1.55210552e+01,1.98500273e+04,2.78740332e+04,2.29194609e+04,2.86366675e+03
1.59461288e+01,1.96465977e+04,2.75972598e+04,2.25340781e+04,2.89344678e+03
1.63821430e+01,2.29948281e+04,3.22915020e+04,2.54597754e+04,3.33986450e+03
1.68293781e+01,2.64207227e+04,3.70783359e+04,2.79354492e+04,3.54254639e+03
1.72881241e+01,2.77376406e+04,3.89003867e+04,2.83953223e+04,3.48252368e+03
1.77586803e+01,3.05126113e+04,4.27658789e+04,3.03464785e+04,3.62853638e+03
1.82413464e+01,3.40793945e+04,4.77328086e+04,3.26446367e+04,4.02911255e+03
1.87364349e+01,3.55053047e+04,4.97101797e+04,3.33359492e+04,4.14920850e+03
1.92442665e+01,3.43870391e+04,4.81274766e+04,3.16532734e+04,3.94449365e+03
1.97651691e+01,3.27383867e+04,4.57979531e+04,2.96982227e+04,3.84315137e+03
2.02994785e+01,3.41829492e+04,4.78143867e+04,3.14124180e+04,4.10892578e+03
2.08475418e+01,3.57346172e+04,4.99868516e+04,3.31721758e+04,4.25506445e+03
2.14097099e+01,3.72053438e+04,5.20627031e+04,3.52150625e+04,4.66949463e+03
2.19863453e+01,3.83247148e+04,5.36383008e+04,3.65965781e+04,4.86882227e+03
2.25778236e+01,3.55866641e+04,4.97988242e+04,3.36182930e+04,4.02389429e+03
2.31845264e+01,3.17173711e+04,4.43816250e+04,2.97391602e+04,3.01254395e+03
2.38068466e+01,3.24724707e+04,4.54386367e+04,3.01666699e+04,3.07641260e+03
2.44451809e+01,2.66100605e+04,3.72293359e+04,2.44763730e+04,2.19759961e+03
2.50999470e+01,1.61912031e+04,2.26246211e+04,1.34570986e+04,6.93832458e+02
2.57715645e+01,8.50065820e+03,1.18757266e+04,7.04892822e+03,5.71801453e+02
2.64604683e+01,6.33252832e+03,8.84574219e+03,5.20390527e+03,3.91935242e+02
2.71671047e+01,3.41120996e+03,4.75642871e+03,2.54213843e+03,9.28388519e+01
2.78919277e+01,9.05826172e+02,1.25635962e+03,4.93254791e+02,1.34803641e+00
2.86354065e+01,2.75871521e+02,3.80663544e+02,1.09897316e+02,1.25461102e-01
2.93980217e+01,1.00344559e+02,1.37599228e+02,2.35793095e+01,9.42918193e-03
3.01802654e+01,4.35806046e+01,5.94979706e+01,6.45317984e+00,6.15530135e-03
3.09826431e+01,2.63920937e+01,3.59633522e+01,3.12458301e+00,8.70076008e-03
3.18056717e+01,1.38161240e+01,1.87589645e+01,1.59346938e+00,5.33850398e-03
3.26498833e+01,6.22509336e+00,8.42279148e+00,6.72129571e-01,7.05865736e-04
3.35158234e+01,2.22253323e+00,2.98440623e+00,1.36125460e-01,5.43336182e-06
3.44040565e+01,8.83354843e-01,1.18168783e+00,2.68132966e-02,3.63106346e-06
3.53151436e+01,3.52170020e-01,4.67226952e-01,6.10660389e-03,1.29274736e-06
3.62496834e+01,9.77210104e-02,1.27600133e-01,5.88109833e-04,3.34001527e-07
3.72082787e+01,1.91964582e-02,2.47447249e-02,8.86961716e-05,7.09115113e-08
3.81915474e+01,3.62070091e-03,4.65127639e-03,1.60792806e-05,1.17029124e-08
3.92001228e+01,7.26476021e-04,9.34297801e-04,4.83638632e-06,1.86257010e-09
4.02346535e+01,5.83970432e-05,7.40125688e-05,8.79137701e-07,2.29407771e-10
4.12958107e+01,5.30014768e-06,6.66551068e-06,1.24895735e-07,2.85536334e-11
4.23842850e+01,6.12818042e-07,7.80990717e-07,1.96820409e-08,2.93747188e-12
4.35007744e+01,3.52553435e-08,4.51624302e-08,1.82811344e-09,2.08900483e-13
4.46459999e+01,1.24104904e-09,1.62385261e-09,1.15635689e-10,9.55615625e-15
4.58207016e+01,4.10894652e-11,5.47123978e-11,6.27019660e-12,2.68718529e-16
4.70256386e+01,1.85896979e-12,2.46456067e-12,3.50432086e-13,6.52537763e-18
4.82615852e+01,8.93420334e-14,1.16962687e-13,1.51834789e-14,2.07950699e-19
4.95293465e+01,3.40202525e-15,4.48495983e-15,2.32506335e-16,6.75548672e-21
5.08297386e+01,4.83108517e-17,5.52945821e-17,7.09963412e-18,9.51373320e-23
5.21635971e+01,5.10255832e-18,6.02070523e-18,5.46084284e-20,2.93851279e-24
5.35317917e+01,4.09518154e-20,4.67522967e-20,2.96958486e-21,1.68855578e-25
5.49351997e+01,1.97800735e-21,2.38105555e-21,1.31043996e-22,3.52978431e-27
5.63747253e+01,4.89902501e-23,7.28402858e-23,3.27653298e-24,5.00954890e-28
5.78513031e+01,2.26556060e-24,2.14237129e-24,2.71749073e-25,1.17969957e-29
5.93278885e+01,7.24401848e-26,7.38062639e-26,3.65675856e-27,2.80499918e-31
6.08044662e+01,2.08100390e-27,4.09794520e-27,2.37256201e-28,9.20021813e-33
6.22810478e+01,8.10294700e-29,7.44787864e-29,3.29752271e-30,2.80690671e-34
6.37576256e+01,3.06142382e-30,4.90038204e-30,1.90250928e-31,8.02201570e-36
6.52341995e+01,1.08380191e-31,1.03655151e-31,4.42941700e-33,3.40760765e-37
6.67107849e+01,3.68489745e-33,8.72896024e-33,2.24413190e-34,1.01439996e-38
6.81873703e+01,1.51387418e-34,1.62015195e-34,4.78435313e-36,3.51725915e-40
6.96639481e+01,3.95308835e-36,9.11759021e-36,2.22028724e-37,0.00000000e+00
7.11405258e+01,1.83375318e-37,1.71468485e-37,7.32458707e-39,0.00000000e+00
7.26171036e+01,8.78614137e-39,1.71715114e-38,2.99877871e-40,0.00000000e+00
7.40936813e+01,5.22684327e-40,7.14662217e-40,9.80908925e-42,0.00000000e+00
7.55702591e+01,0.00000000e+00,0.00000000e+00,0.00000000e+00,0.00000000e+00
7.70468445e+01,0.00000000e+00,0.00000000e+00,0.00000000e+00,0.00000000e+00
7.85234222e+01,0.00000000e+00,0.00000000e+00,0.00000000e+00,0.00000000e+00
8.00000000e+01,0.00000000e+00,0.00000000e+00,0.00000000e+00,0.00000000e+00
