      1.00000
     0.999445
     0.997784
     0.995021
     0.991166
     0.986231
     0.980233
     0.973191
     0.965128
     0.956071
     0.946049
     0.935094
     0.923240
     0.910527
     0.896992
     0.882679
     0.867631
     0.851894
     0.835514
     0.818541
     0.801022
     0.783010
     0.764553
     0.745704
     0.726512
     0.707029
     0.687306
     0.667391
     0.647334
     0.627184
     0.606987
     0.586788
     0.566632
     0.546561
     0.526616
     0.506836
     0.487258
     0.467916
     0.448843
     0.430070
     0.411625
     0.393534
     0.375820
     0.358505
     0.341608
     0.325147
     0.309135
     0.293585
     0.278508
     0.263912
     0.249804
     0.236186
     0.223064
     0.210437
     0.198304
     0.186663
     0.175510
     0.164841
     0.154648
     0.144924
     0.135661
     0.126849
     0.118478
     0.110536
     0.103012
    0.0958934
    0.0891676
    0.0828215
    0.0768417
    0.0712145
    0.0659260
    0.0609624
    0.0563099
    0.0519547
    0.0478831
    0.0440815
    0.0405367
    0.0372356
    0.0341652
    0.0313132
    0.0286674
    0.0262160
    0.0239475
    0.0218511
    0.0199160
    0.0181321
    0.0164897
    0.0149793
    0.0135922
    0.0123198
    0.0111541
    0.0100875
   0.00911276
   0.00822304
   0.00741193
   0.00667342
   0.00600180
   0.00539178
   0.00483837
   0.00433694
   0.00388315
   0.00347298
   0.00310268
   0.00276878
   0.00246806
   0.00219756
   0.00195453
   0.00173645
   0.00154098
   0.00136599
   0.00120953
   0.00106980
  0.000945157
  0.000834108
  0.000735288
  0.000647453
  0.000569477
  0.000500335
  0.000439098
  0.000384927
  0.000337064
  0.000294823
  0.000257589
  0.000224806
  0.000195978
  0.000170655
  0.000148439
  0.000128971
  0.000111932
  9.70353e-05
  8.40272e-05
  7.26817e-05
  6.27978e-05
  5.41973e-05
  4.67224e-05
  4.02332e-05
  3.46065e-05
  2.97333e-05
  2.55175e-05
  2.18747e-05
  1.87308e-05
  1.60205e-05
  1.36869e-05
  1.16798e-05
  9.95559e-06
  8.47611e-06
  7.20811e-06
  6.12264e-06
  5.19445e-06
  4.40172e-06
  3.72544e-06
  3.14917e-06
  2.65870e-06
  2.24175e-06
  1.88768e-06
  1.58737e-06
  1.33295e-06
  1.11766e-06
  9.35693e-07
  7.82060e-07
  6.52505e-07
  5.43378e-07
  4.51566e-07
  3.74410e-07
  3.09644e-07
  2.55342e-07
  2.09865e-07
  1.71823e-07
  1.40037e-07
  1.13509e-07
  9.13948e-08
  7.29808e-08
  5.76654e-08
  4.49420e-08
  3.43842e-08
  2.56332e-08
  1.83882e-08
  1.23969e-08
  7.44804e-09
  3.36495e-09
      0.00000
