      191.14      839.14      7.073746e+02      1.855662e-02      226.22
      191.14      839.14      7.073054e+02      1.855480e-02      221.47
      191.14      839.14      7.070282e+02      1.854754e-02      202.48
      191.14      839.14      7.066817e+02      1.855122e-02      199.18
      191.14      839.14      7.059891e+02      1.856250e-02      198.85
      191.14      839.14      7.039120e+02      1.852343e-02      198.69
      191.14      839.14      7.004595e+02      1.845560e-02      198.44
      191.14      839.14      6.936456e+02      1.812160e-02      200.07
      191.14      839.14      6.804161e+02      1.744569e-02      203.75
      191.14      839.14      6.676404e+02      1.685137e-02      206.90
      191.14      839.14      6.553312e+02      1.633482e-02      209.51
      191.14      839.14      6.432490e+02      1.582781e-02      212.12
      191.14      839.14      6.316147e+02      1.544959e-02      213.37
      191.14      839.14      6.202609e+02      1.511564e-02      214.19
      191.14      839.14      6.091112e+02      1.478768e-02      215.01
      191.14      839.14      5.981619e+02      1.446562e-02      215.83
      191.14      839.14      5.874095e+02      1.414935e-02      216.65
      191.14      839.14      5.769275e+02      1.390251e-02      216.56
      191.14      839.14      5.666346e+02      1.366187e-02      216.44
      191.14      839.14      5.565255e+02      1.342552e-02      216.32
      191.14      839.14      5.465966e+02      1.319338e-02      216.20
      191.14      839.14      5.368449e+02      1.296539e-02      216.08
      191.14      839.14      5.272672e+02      1.274146e-02      215.96
      191.14      839.14      5.178604e+02      1.252153e-02      215.84
      191.14      839.14      5.085360e+02      1.231431e-02      215.50
      191.14      839.14      4.993459e+02      1.211432e-02      215.07
      191.14      839.14      4.903220e+02      1.191795e-02      214.64
      191.14      839.14      4.814611e+02      1.172512e-02      214.22
      191.14      839.14      4.727603e+02      1.153578e-02      213.79
      191.14      839.14      4.642167e+02      1.134985e-02      213.36
      191.14      839.14      4.558276e+02      1.116729e-02      212.93
      191.14      839.14      4.475901e+02      1.098803e-02      212.50
      191.14      839.14      4.395014e+02      1.081201e-02      212.08
      191.14      839.14      4.315589e+02      1.063917e-02      211.65
      191.14      839.14      4.237599e+02      1.046945e-02      211.22
      191.14      839.14      4.161019e+02      1.030280e-02      210.79
      191.14      839.14      4.083885e+02      1.012791e-02      210.41
      191.14      839.14      4.008135e+02      9.955993e-03      210.03
      191.14      839.14      3.933790e+02      9.787265e-03      209.66
      191.14      839.14      3.860825e+02      9.621668e-03      209.28
      191.14      839.14      3.789212e+02      9.459142e-03      208.90
      191.14      839.14      3.718928e+02      9.299631e-03      208.52
      191.14      839.14      3.649947e+02      9.143078e-03      208.14
      191.14      839.14      3.582246e+02      8.989430e-03      207.77
      191.14      839.14      3.515801e+02      8.838631e-03      207.39
      191.14      839.14      3.450588e+02      8.690629e-03      207.01
      191.14      839.14      3.386584e+02      8.545373e-03      206.63
      191.14      839.14      3.323768e+02      8.402810e-03      206.25
      191.14      839.14      3.262117e+02      8.262892e-03      205.88
      191.14      839.14      3.201610e+02      8.125570e-03      205.50
      191.14      839.14      3.142225e+02      7.990794e-03      205.12
      191.14      839.14      3.083941e+02      7.858519e-03      204.74
      191.14      839.14      3.026739e+02      7.728697e-03      204.36
      191.14      839.14      2.969639e+02      7.597269e-03      203.98
      191.14      839.14      2.912527e+02      7.463736e-03      203.57
      191.14      839.14      2.856514e+02      7.332772e-03      203.17
      191.14      839.14      2.801577e+02      7.204325e-03      202.77
      191.14      839.14      2.747698e+02      7.078350e-03      202.37
      191.14      839.14      2.694854e+02      6.954797e-03      201.97
      191.14      839.14      2.643027e+02      6.833620e-03      201.57
      191.14      839.14      2.592197e+02      6.714774e-03      201.17
      191.14      839.14      2.542344e+02      6.598213e-03      200.77
      191.14      839.14      2.493450e+02      6.483894e-03      200.37
      191.14      839.14      2.445496e+02      6.371774e-03      199.96
      191.14      839.14      2.398464e+02      6.261810e-03      199.56
      191.14      839.14      2.352337e+02      6.153961e-03      199.16
      191.14      839.14      2.307097e+02      6.048185e-03      198.76
      191.14      839.14      2.262727e+02      5.944444e-03      198.36
      191.14      839.14      2.219211e+02      5.842699e-03      197.96
      191.14      839.14      2.176531e+02      5.742910e-03      197.56
      191.14      839.14      2.134672e+02      5.645040e-03      197.16
      191.14      839.14      2.093618e+02      5.549052e-03      196.75
      191.14      839.14      2.053354e+02      5.454910e-03      196.35
      191.14      839.14      2.013864e+02      5.362580e-03      195.95
      191.14      839.14      1.975134e+02      5.272024e-03      195.55
      191.14      839.14      1.936642e+02      5.180861e-03      195.15
      191.14      839.14      1.897566e+02      5.085259e-03      194.73
      191.14      839.14      1.859278e+02      4.991586e-03      194.31
      191.14      839.14      1.821763e+02      4.899803e-03      193.90
      191.14      839.14      1.785005e+02      4.809872e-03      193.48
      191.14      839.14      1.748989e+02      4.721755e-03      193.07
      191.14      839.14      1.713699e+02      4.635416e-03      192.65
      191.14      839.14      1.679121e+02      4.550820e-03      192.23
      191.14      839.14      1.645241e+02      4.467930e-03      191.82
      191.14      839.14      1.612045e+02      4.386713e-03      191.40
      191.14      839.14      1.579518e+02      4.307135e-03      190.99
      191.14      839.14      1.547648e+02      4.229161e-03      190.57
      191.14      839.14      1.516421e+02      4.152762e-03      190.16
      191.14      839.14      1.485824e+02      4.077904e-03      189.74
      191.14      839.14      1.455844e+02      4.004556e-03      189.32
      191.14      839.14      1.426469e+02      3.932688e-03      188.91
      191.14      839.14      1.397687e+02      3.862271e-03      188.49
      191.14      839.14      1.369485e+02      3.793275e-03      188.08
      191.14      839.14      1.341853e+02      3.725670e-03      187.66
      191.14      839.14      1.314778e+02      3.659429e-03      187.24
      191.14      839.14      1.288250e+02      3.594525e-03      186.83
      191.14      839.14      1.262256e+02      3.530931e-03      186.41
      191.14      839.14      1.236788e+02      3.468620e-03      186.00
      191.14      839.14      1.211833e+02      3.407566e-03      185.58
      191.14      839.14      1.187381e+02      3.347744e-03      185.17
      191.14      839.14      1.163423e+02      3.289129e-03      184.75
      191.14      839.14      1.139281e+02      3.227693e-03      184.36
      191.14      839.14      1.115041e+02      3.163918e-03      184.00
      191.14      839.14      1.091317e+02      3.101501e-03      183.64
      191.14      839.14      1.068098e+02      3.040412e-03      183.28
      191.14      839.14      1.045373e+02      2.980622e-03      182.92
      191.14      839.14      1.023131e+02      2.922105e-03      182.56
