      191.538      843.838      627.689    0.0164724      199.079
      191.538      843.838      627.689    0.0164692      199.079
      191.538      843.838      627.689    0.0164660      199.079
      191.539      843.845      627.427    0.0163464      200.442
      191.544      843.869      626.230    0.0159165      205.448
      191.547      843.885      625.050    0.0156194      208.955
      191.548      843.892      622.188    0.0152520      213.018
      191.549      843.897      611.150    0.0144829      220.324
      191.550      843.897      600.544    0.0140719      222.813
      191.549      843.896      575.102    0.0133553      224.778
      191.548      843.892      527.430    0.0123110      223.577
      191.548      843.892      484.129    0.0114287      220.579
      191.548      843.893      442.759    0.0105997      217.673
      191.548      843.892      406.502   0.00977132      215.802
      191.547      843.891      370.245   0.00900767      213.932
      191.543      843.880      339.378   0.00829345      212.027
      191.538      843.863      311.123   0.00763130      210.104
      191.532      843.847      282.868   0.00702201      208.181
      191.527      843.832      255.765   0.00645902      206.244
      191.525      843.825      235.599   0.00592814      204.213
      191.522      843.817      215.434   0.00544089      202.183
      191.519      843.810      195.269   0.00499369      200.152
      191.516      843.803      175.104   0.00458324      198.122
      191.513      843.789      159.705   0.00418954      196.410
      191.509      843.771      146.574   0.00382228      194.850
      191.505      843.754      133.444   0.00348722      193.289
      191.501      843.737      120.313   0.00318153      191.729
      191.497      843.720      107.183   0.00290264      190.168
      191.492      843.694      96.5707   0.00264185      188.745
      191.485      843.661      88.7154   0.00239818      187.471
      191.477      843.627      80.8600   0.00217698      186.198
      191.470      843.593      73.0047   0.00197619      184.924
      191.463      843.559      65.1493   0.00179392      183.651
      191.456      843.525      57.2940   0.00162846      182.377
      191.450      843.498      52.1303   0.00147440      181.029
      191.444      843.472      47.7043   0.00133397      179.661
      191.439      843.447      43.2782   0.00120691      178.292
      191.433      843.421      38.8522   0.00109195      176.924
      191.428      843.396      34.4261  0.000987942      175.556
      191.422      843.371      30.0001  0.000893840      174.187
      191.418      843.351      27.2778  0.000806021      172.713
      191.414      843.332      24.8779  0.000726374      171.219
      191.409      843.313      22.4780  0.000654597      169.724
      191.405      843.294      20.0781  0.000589913      168.230
      191.401      843.276      17.6782  0.000531621      166.735
      191.396      843.257      15.2783  0.000479089      165.241
      191.392      843.238      13.8194  0.000428993      164.222
      191.387      843.220      12.5668  0.000383597      163.308
      191.383      843.201      11.3141  0.000343005      162.394
      191.378      843.183      10.0615  0.000306708      161.480
      191.374      843.165      8.80887  0.000274252      160.566
      191.369      843.146      7.55623  0.000245231      159.652
      191.365      843.130      6.81429  0.000218645      158.747
      191.361      843.115      6.17564  0.000194827      157.845
      191.357      843.100      5.53699  0.000173604      156.943
      191.353      843.084      4.89834  0.000154692      156.040
      191.349      843.069      4.25969  0.000137841      155.138
      191.345      843.054      3.62650  0.000122821      154.230
      191.342      843.046      3.29854  0.000109207      153.015
      191.339      843.039      2.97058  9.71023e-05      151.799
      191.337      843.031      2.64262  8.63392e-05      150.583
      191.334      843.023      2.31466  7.67692e-05      149.368
      191.331      843.016      1.98670  6.82599e-05      148.152
      191.329      843.012      1.72917  6.05130e-05      147.103
      191.327      843.013      1.56053  5.34437e-05      146.265
      191.325      843.013      1.39190  4.72003e-05      145.427
      191.323      843.014      1.22326  4.16862e-05      144.588
      191.322      843.015      1.05463  3.68163e-05      143.750
      191.320      843.016     0.890804  3.25029e-05      142.952
      191.322      843.023     0.805752  2.85155e-05      142.805
      191.324      843.029     0.720700  2.50172e-05      142.658
      191.326      843.036     0.635648  2.19482e-05      142.512
      191.327      843.043     0.550596  1.92556e-05      142.365
      191.329      843.049     0.465544  1.68933e-05      142.218
      191.338      843.074     0.413673  1.47401e-05      143.233
      191.350      843.105     0.372513  1.28387e-05      144.622
      191.361      843.135     0.331353  1.11825e-05      146.012
      191.373      843.166     0.290192  9.74000e-06      147.401
      191.384      843.197     0.249032  8.48357e-06      148.791
      191.399      843.239     0.214896  7.39543e-06      150.531
      191.421      843.309     0.195970  6.45863e-06      153.032
      191.442      843.378     0.177044  5.64050e-06      155.533
      191.464      843.447     0.158118  4.92600e-06      158.033
      191.486      843.517     0.139191  4.30201e-06      160.534
      191.508      843.586     0.120265  3.75706e-06      163.034
      191.523      843.636     0.105520  3.33210e-06      163.112
      191.530      843.661    0.0960765  3.01352e-06      160.117
      191.537      843.686    0.0866330  2.72540e-06      157.123
      191.544      843.711    0.0771894  2.46483e-06      154.128
      191.551      843.736    0.0677459  2.22917e-06      151.133
      191.558      843.761    0.0583024  2.01604e-06      148.139
      191.567      843.788    0.0514449  1.80301e-06      146.030
      191.577      843.816    0.0463558  1.60020e-06      144.528
      191.586      843.844    0.0412667  1.42021e-06      143.025
      191.596      843.872    0.0361775  1.26046e-06      141.523
      191.606      843.901    0.0310884  1.11868e-06      140.021
      191.617      843.936    0.0264920  9.92124e-07      138.392
      191.634      844.001    0.0237946  8.77406e-07      136.279
      191.652      844.066    0.0210973  7.75953e-07      134.166
      191.669      844.131    0.0183999  6.86231e-07      132.052
      191.687      844.196    0.0157025  6.06883e-07      129.939
      191.704      844.261    0.0132011  5.36070e-07      127.759
      191.722      844.325    0.0117439  4.70519e-07      125.225
      191.740      844.390    0.0102867  4.12984e-07      122.692
      191.758      844.454   0.00882954  3.62485e-07      120.158
      191.775      844.519   0.00737233  3.18161e-07      117.624
      191.817      844.664   0.00625712  2.77649e-07      114.981
      191.879      844.884   0.00546025  2.40999e-07      112.235
      191.942      845.103   0.00466339  2.09186e-07      109.489
      192.005      845.323   0.00386652  1.81573e-07      106.743
      192.101      845.657   0.00318373  1.56256e-07      104.573
      192.275      846.254   0.00276175  1.31853e-07      103.718
      192.448      846.851   0.00233978  1.11261e-07      102.863
      192.621      847.447   0.00191780  9.38856e-08      102.008
      192.854      848.240   0.00156788  7.92125e-08      100.945
      193.197      849.393   0.00135006  6.68162e-08      99.4991
      193.540      850.545   0.00113225  5.63598e-08      98.0533
      193.882      851.697  0.000914432  4.75398e-08      96.6075
      194.356      853.262  0.000758691  3.93279e-08      97.2055
      194.937      855.161  0.000653411  3.20245e-08      99.4648
      195.518      857.061  0.000548131  2.60773e-08      101.724
      196.099      858.960  0.000442852  2.12345e-08      103.984
      196.798      861.189  0.000376211  1.74200e-08      107.288
      197.562      863.599  0.000330735  1.43491e-08      111.166
      198.326      866.009  0.000285259  1.18195e-08      115.043
      199.089      868.419  0.000239784  9.73587e-09      118.920
      199.901      870.958  0.000198416  8.06084e-09      122.707
      200.973      874.196  0.000179238  6.86178e-09      126.003
      202.045      877.434  0.000160061  5.84107e-09      129.299
      203.117      880.672  0.000140883  4.97220e-09      132.595
      204.188      883.909  0.000121705  4.23258e-09      135.891
      205.260      887.147  0.000102528  3.60297e-09      139.187
      206.696      891.206  9.28145e-05  3.13688e-09      141.510
      208.187      895.390  8.45264e-05  2.74035e-09      143.687
      209.678      899.573  7.62383e-05  2.39396e-09      145.864
      211.168      903.756  6.79502e-05  2.09134e-09      148.041
      212.659      907.939  5.96622e-05  1.82698e-09      150.218
      214.150      912.122  5.13741e-05  1.59604e-09      152.394
      216.050      916.984  4.67496e-05  1.41404e-09      153.744
      218.055      922.022  4.30751e-05  1.25737e-09      154.879
      220.061      927.059  3.94007e-05  1.11806e-09      156.014
      222.066      932.097  3.57263e-05  9.94187e-10      157.149
      224.072      937.134  3.20519e-05  8.84036e-10      158.284
      226.077      942.172  2.83774e-05  7.86090e-10      159.419
      228.083      947.210  2.47030e-05  6.98995e-10      160.555
      230.714      952.978  2.30321e-05  6.28881e-10      161.096
      233.351      958.754  2.13827e-05  5.65873e-10      161.630
      235.989      964.531  1.97333e-05  5.09176e-10      162.165
      238.626      970.307  1.80839e-05  4.58160e-10      162.700
      241.264      976.084  1.64345e-05  4.12255e-10      163.234
      243.902      981.860  1.47851e-05  3.70950e-10      163.769
      246.539      987.636  1.31357e-05  3.33783e-10      164.304
      249.472      993.562  1.19065e-05  3.01666e-10      164.703
      252.748      999.661  1.11671e-05  2.74042e-10      164.945
      256.024      1005.76  1.04278e-05  2.48948e-10      165.186
      259.300      1011.86  9.68851e-06  2.26152e-10      165.428
      262.576      1017.96  8.94919e-06  2.05444e-10      165.669
      265.852      1024.06  8.20988e-06  1.86631e-10      165.911
      269.128      1030.16  7.47056e-06  1.69542e-10      166.153
      272.404      1036.26  6.73124e-06  1.54017e-10      166.394
      275.751      1042.32  6.04213e-06  1.40062e-10      166.627
      279.613      1048.09  5.71446e-06  1.28346e-10      166.798
      283.475      1053.87  5.38679e-06  1.17611e-10      166.969
      287.336      1059.65  5.05912e-06  1.07773e-10      167.141
      291.198      1065.43  4.73145e-06  9.87585e-11      167.312
      295.060      1071.21  4.40378e-06  9.04979e-11      167.483
      298.922      1076.99  4.07611e-06  8.29283e-11      167.654
      302.784      1082.76  3.74844e-06  7.59918e-11      167.825
      306.646      1088.54  3.42077e-06  6.96354e-11      167.996
      310.508      1094.32  3.09311e-06  6.38107e-11      168.167
      314.531      1099.37  2.90868e-06  5.89116e-11      168.230
      318.600      1104.22  2.76519e-06  5.45048e-11      168.262
      322.669      1109.06  2.62170e-06  5.04275e-11      168.295
      326.739      1113.90  2.47821e-06  4.66554e-11      168.327
      330.808      1118.74  2.33472e-06  4.31654e-11      168.359
      334.877      1123.59  2.19123e-06  3.99364e-11      168.391
      338.947      1128.43  2.04774e-06  3.69490e-11      168.423
      343.016      1133.27  1.90425e-06  3.41850e-11      168.456
      347.085      1138.12  1.76077e-06  3.16279e-11      168.488
      351.154      1142.96  1.61728e-06  2.92620e-11      168.520
      355.071      1147.62  1.48841e-06  2.71217e-11      168.549
      358.295      1151.42  1.42553e-06  2.53426e-11      168.561
      361.520      1155.23  1.36265e-06  2.36801e-11      168.574
      364.745      1159.04  1.29977e-06  2.21267e-11      168.586
      367.970      1162.85  1.23689e-06  2.06753e-11      168.598
      371.195      1166.66  1.17401e-06  1.93190e-11      168.611
      374.420      1170.46  1.11114e-06  1.80517e-11      168.623
      377.644      1174.27  1.04826e-06  1.68675e-11      168.636
      380.869      1178.08  9.85376e-07  1.57610e-11      168.648
      384.094      1181.89  9.22496e-07  1.47271e-11      168.661
      387.319      1185.69  8.59616e-07  1.37610e-11      168.673
      390.544      1189.50  7.96737e-07  1.28583e-11      168.686
      393.665      1193.12  7.39955e-07  1.20320e-11      168.697
      396.295      1195.82  7.12147e-07  1.13353e-11      168.702
      398.925      1198.52  6.84338e-07  1.06790e-11      168.706
      401.554      1201.22  6.56530e-07  1.00606e-11      168.711
      404.184      1203.92  6.28722e-07  9.47809e-12      168.716
      406.814      1206.62  6.00914e-07  8.92929e-12      168.721
      409.444      1209.32  5.73105e-07  8.41227e-12      168.726
      412.073      1212.02  5.45297e-07  7.92518e-12      168.731
      414.703      1214.72  5.17489e-07  7.46629e-12      168.736
      417.333      1217.42  4.89680e-07  7.03397e-12      168.741
      419.962      1220.13  4.61872e-07  6.62669e-12      168.746
      422.592      1222.83  4.34064e-07  6.24300e-12      168.751
      425.222      1225.53  4.06256e-07  5.88151e-12      168.756
      427.852      1228.23  3.78447e-07  5.54096e-12      168.761
      430.129      1230.31  3.61243e-07  5.24517e-12      168.764
      432.248      1232.12  3.48782e-07  4.97581e-12      168.766
      434.367      1233.93  3.36321e-07  4.72029e-12      168.768
      436.487      1235.74  3.23860e-07  4.47789e-12      168.770
      438.606      1237.55  3.11399e-07  4.24794e-12      168.772
      440.726      1239.36  2.98939e-07  4.02980e-12      168.774
      442.845      1241.17  2.86478e-07  3.82285e-12      168.776
      444.964      1242.98  2.74017e-07  3.62654e-12      168.778
      447.084      1244.79  2.61556e-07  3.44031e-12      168.780
      449.203      1246.60  2.49095e-07  3.26364e-12      168.782
      451.322      1248.41  2.36634e-07  3.09604e-12      168.784
      453.442      1250.22  2.24174e-07  2.93705e-12      168.786
      455.561      1252.02  2.11713e-07  2.78623e-12      168.788
      457.681      1253.83  1.99252e-07  2.64314e-12      168.790
      459.800      1255.64  1.86791e-07  2.50741e-12      168.792
      461.404      1256.92  1.79394e-07  2.38917e-12      168.793
      462.835      1258.03  1.73694e-07  2.27988e-12      168.794
      464.266      1259.13  1.67994e-07  2.17559e-12      168.795
      465.697      1260.24  1.62294e-07  2.07606e-12      168.796
      467.128      1261.34  1.56594e-07  1.98109e-12      168.797
      468.559      1262.44  1.50894e-07  1.89047e-12      168.797
      469.990      1263.55  1.45194e-07  1.80398e-12      168.798
      471.421      1264.65  1.39494e-07  1.72146e-12      168.799
      472.852      1265.75  1.33794e-07  1.64271e-12      168.800
      474.283      1266.86  1.28094e-07  1.56757e-12      168.801
      475.714      1267.96  1.22394e-07  1.49586e-12      168.802
      477.145      1269.07  1.16694e-07  1.42743e-12      168.803
      478.576      1270.17  1.10994e-07  1.36213e-12      168.804
      480.007      1271.27  1.05294e-07  1.29982e-12      168.804
      481.438      1272.38  9.95942e-08  1.24036e-12      168.805
      482.869      1273.48  9.38942e-08  1.18362e-12      168.806
      484.014      1274.34  8.97902e-08  1.13179e-12      168.807
      484.902      1274.98  8.71123e-08  1.08420e-12      168.807
      485.791      1275.62  8.44344e-08  1.03861e-12      168.808
      486.679      1276.26  8.17566e-08  9.94943e-13      168.808
      487.568      1276.90  7.90787e-08  9.53111e-13      168.808
      488.456      1277.54  7.64008e-08  9.13037e-13      168.809
      489.345      1278.19  7.37229e-08  8.74647e-13      168.809
      490.233      1278.83  7.10451e-08  8.37874e-13      168.810
      491.121      1279.47  6.83672e-08  8.02645e-13      168.810
      492.010      1280.11  6.56893e-08  7.68897e-13      168.810
      492.898      1280.75  6.30114e-08  7.36568e-13      168.811
      493.787      1281.39  6.03335e-08  7.05599e-13      168.811
      494.675      1282.03  5.76557e-08  6.75932e-13      168.812
      495.564      1282.67  5.49778e-08  6.47512e-13      168.812
      496.452      1283.31  5.22999e-08  6.20288e-13      168.812
      497.340      1283.96  4.96220e-08  5.94207e-13      168.813
      498.229      1284.60  4.69442e-08  5.69223e-13      168.813
      498.979      1285.13  4.48030e-08  5.45836e-13      168.814
      499.506      1285.49  4.35281e-08  5.24255e-13      168.814
      500.033      1285.85  4.22531e-08  5.03528e-13      168.814
      500.561      1286.22  4.09782e-08  4.83620e-13      168.814
      501.088      1286.58  3.97033e-08  4.64499e-13      168.814
