      191.538      843.838      627.689    0.0164724      199.079
      191.538      843.838      627.689    0.0164692      199.079
      191.539      843.846      627.345    0.0163341      200.625
      191.541      843.855      626.817    0.0161635      202.601
      191.543      843.866      625.717    0.0159201      205.388
      191.545      843.878      622.409    0.0155234      209.638
      191.548      843.888      617.032    0.0150685      214.112
      191.549      843.893      606.807    0.0145563      217.978
      191.549      843.895      587.283    0.0138946      220.902
      191.549      843.895      559.671    0.0131299      222.414
      191.549      843.894      525.993    0.0123533      221.884
      191.548      843.893      487.184    0.0114932      220.482
      191.548      843.892      446.213    0.0106237      218.313
      191.547      843.889      408.603   0.00982017      216.003
      191.545      843.884      374.002   0.00906069      213.908
      191.542      843.875      342.023   0.00834515      212.009
      191.538      843.863      311.876   0.00768269      210.098
      191.533      843.849      284.947   0.00706678      208.154
      191.529      843.837      260.158   0.00649627      206.185
      191.525      843.826      236.987   0.00596875      204.195
      191.522      843.817      215.434   0.00548099      202.183
      191.519      843.809      196.222   0.00502710      200.216
      191.516      843.798      178.417   0.00460593      198.343
      191.512      843.785      162.019   0.00421520      196.565
      191.509      843.771      147.028   0.00385276      194.880
      191.505      843.754      133.444   0.00351664      193.289
      191.501      843.735      120.817   0.00320710      191.756
      191.496      843.713      109.245   0.00292228      190.281
      191.490      843.688      98.7284   0.00266024      188.862
      191.484      843.659      89.2667   0.00241917      187.501
      191.477      843.627      80.8600   0.00219742      186.198
      191.470      843.593      73.0047   0.00199475      184.924
      191.463      843.560      65.6877   0.00180999      183.636
      191.457      843.529      59.0565   0.00164139      182.328
      191.450      843.500      53.1112   0.00148753      181.002
      191.444      843.473      47.8518   0.00134714      179.657
      191.439      843.447      43.2782   0.00121903      178.292
      191.433      843.421      38.8522   0.00110292      176.924
      191.428      843.397      34.7669  0.000997332      175.535
      191.423      843.374      31.0868  0.000901225      174.120
      191.418      843.352      27.8120  0.000813755      172.680
      191.414      843.332      24.9424  0.000734149      171.215
      191.409      843.313      22.4780  0.000661706      169.724
      191.405      843.294      20.0781  0.000596319      168.230
      191.401      843.276      17.8664  0.000536843      166.830
      191.396      843.257      15.8842  0.000482643      165.547
      191.392      843.238      14.1314  0.000433261      164.380
      191.387      843.220      12.6080  0.000388278      163.329
      191.383      843.201      11.3141  0.000347311      162.394
      191.378      843.183      10.0615  0.000310558      161.480
      191.374      843.165      8.91101  0.000277568      160.568
      191.370      843.148      7.88331  0.000247932      159.658
      191.365      843.131      6.97840  0.000221312      158.750
      191.361      843.115      6.19630  0.000197400      157.845
      191.357      843.100      5.53699  0.000175922      156.943
      191.353      843.084      4.89943  0.000156757      156.039
      191.349      843.071      4.32401  0.000139633      155.073
      191.346      843.058      3.81073  0.000124333      154.044
      191.342      843.048      3.35958  0.000110662      152.953
      191.339      843.039      2.97058  9.84478e-05      151.799
      191.337      843.031      2.64262  8.75356e-05      150.583
      191.334      843.024      2.32874  7.77967e-05      149.401
      191.332      843.019      2.04673  6.90650e-05      148.294
      191.329      843.015      1.79659  6.12372e-05      147.263
      191.327      843.014      1.57831  5.42206e-05      146.307
      191.325      843.013      1.39190  4.79319e-05      145.427
      191.324      843.014      1.22423  4.23299e-05      144.596
      191.322      843.016      1.07327  3.73442e-05      143.904
      191.322      843.019     0.939030  3.29076e-05      143.351
      191.323      843.024     0.821506  2.89600e-05      142.935
      191.324      843.029     0.720700  2.54479e-05      142.658
      191.326      843.036     0.635648  2.23260e-05      142.512
      191.329      843.046     0.557232  1.95709e-05      142.597
      191.334      843.061     0.487595  1.71352e-05      142.990
      191.341      843.081     0.426736  1.49820e-05      143.690
      191.350      843.106     0.374655  1.30789e-05      144.697
      191.361      843.135     0.331353  1.13970e-05      146.012
      191.373      843.168     0.291597  9.92804e-06      147.472
      191.387      843.209     0.256288  8.65203e-06      149.153
      191.404      843.258     0.225427  7.54363e-06      151.058
      191.422      843.314     0.199012  6.58083e-06      153.184
      191.442      843.378     0.177044  5.74451e-06      155.533
      191.464      843.447     0.158118  5.01684e-06      158.033
      191.485      843.513     0.140028  4.39153e-06      160.049
      191.502      843.569     0.123834  3.86614e-06      160.966
      191.517      843.617     0.109537  3.42602e-06      160.784
      191.529      843.656    0.0971368  3.05858e-06      159.503
      191.537      843.686    0.0866330  2.75300e-06      157.123
      191.544      843.711    0.0771894  2.48979e-06      154.128
      191.552      843.736    0.0682631  2.24769e-06      151.311
      191.559      843.762    0.0602077  2.02265e-06      148.792
      191.568      843.789    0.0530231  1.81372e-06      146.571
      191.577      843.816    0.0467095  1.61998e-06      144.649
      191.586      843.844    0.0412667  1.44051e-06      143.025
      191.596      843.874    0.0362761  1.27834e-06      141.498
      191.608      843.911    0.0317638  1.13378e-06      139.848
      191.621      843.955    0.0277300  1.00493e-06      138.076
      191.636      844.007    0.0241744  8.90079e-07      136.182
      191.652      844.066    0.0210973  7.87719e-07      134.166
      191.669      844.131    0.0184391  6.96509e-07      132.039
      191.687      844.196    0.0160289  6.15131e-07      129.828
      191.704      844.260    0.0138668  5.42538e-07      127.533
      191.722      844.325    0.0119528  4.77788e-07      125.155
      191.740      844.390    0.0102867  4.20044e-07      122.692
      191.762      844.470   0.00889793  3.68360e-07      120.136
      191.794      844.582   0.00764120  3.22456e-07      117.538
      191.834      844.725   0.00651653  2.81696e-07      114.897
      191.884      844.899   0.00552392  2.45514e-07      112.214
      191.949      845.126   0.00468620  2.13133e-07      109.604
      192.040      845.444   0.00398713  1.83973e-07      107.351
      192.154      845.838   0.00336303  1.58026e-07      105.477
      192.290      846.307   0.00281392  1.34966e-07      103.981
      192.460      846.890   0.00235419  1.14494e-07      102.821
      192.679      847.637   0.00198745  9.66058e-08      101.807
      192.932      848.495   0.00166155  8.15071e-08      100.674
      193.219      849.464   0.00137648  6.87628e-08      99.4226
      193.566      850.627   0.00114466  5.78513e-08      98.4621
      193.982      852.012  0.000961769  4.84137e-08      98.1660
      194.447      853.545  0.000801383  4.02659e-08      98.6111
      194.959      855.228  0.000663503  3.32408e-08      99.7971
      195.542      857.127  0.000555859  2.72168e-08      101.933
      196.183      859.194  0.000470268  2.22211e-08      104.725
      196.861      861.364  0.000396638  1.81801e-08      107.841
      197.575      863.635  0.000334968  1.49118e-08      111.280
      198.335      866.035  0.000286081  1.22771e-08      115.025
      199.170      868.636  0.000246686  1.01654e-08      118.768
      200.067      871.403  0.000212551  8.46382e-09      122.394
      201.025      874.336  0.000183676  7.09435e-09      125.905
      202.045      877.434  0.000160061  5.99369e-09      129.299
      203.117      880.672  0.000140883  5.10212e-09      132.595
      204.261      884.074  0.000123598  4.35714e-09      135.696
      205.490      887.665  0.000108491  3.73699e-09      138.574
      206.802      891.445  9.55625e-05  3.22135e-09      141.228
      208.198      895.414  8.48114e-05  2.79310e-09      143.658
      209.678      899.573  7.62383e-05  2.43790e-09      145.864
      211.168      903.756  6.79502e-05  2.12973e-09      148.041
      212.741      908.075  6.03949e-05  1.86447e-09      150.052
      214.416      912.565  5.37622e-05  1.63715e-09      151.855
      216.195      917.225  4.80523e-05  1.44250e-09      153.450
      218.076      922.057  4.32652e-05  1.27594e-09      154.836
      220.061      927.059  3.94007e-05  1.13354e-09      156.014
      222.066      932.097  3.57263e-05  1.00795e-09      157.149
      224.072      937.134  3.20518e-05  8.96273e-10      158.284
      226.202      942.318  2.87781e-05  7.98437e-10      159.301
      228.459      947.650  2.59094e-05  7.12774e-10      160.197
      230.843      953.129  2.34457e-05  6.37802e-10      160.973
      233.352      958.756  2.13870e-05  5.72216e-10      161.629
      235.989      964.531  1.97333e-05  5.14868e-10      162.165
      238.626      970.307  1.80839e-05  4.63281e-10      162.700
      241.264      976.084  1.64345e-05  4.16864e-10      163.234
      243.961      981.890  1.48691e-05  3.75362e-10      163.742
      246.785      987.760  1.34858e-05  3.38538e-10      164.191
      249.737      993.696  1.22844e-05  3.05877e-10      164.581
      252.816      999.696  1.12651e-05  2.76917e-10      164.913
      256.024      1005.76  1.04278e-05  2.51249e-10      165.186
      259.300      1011.86  9.68849e-06  2.28242e-10      165.428
      262.576      1017.96  8.94918e-06  2.07342e-10      165.669
      265.852      1024.06  8.20986e-06  1.88356e-10      165.911
      269.142      1030.15  7.48058e-06  1.71138e-10      166.151
      272.549      1036.18  6.83364e-06  1.55718e-10      166.377
      276.074      1042.14  6.26902e-06  1.41914e-10      166.588
      279.716      1048.04  5.78673e-06  1.29561e-10      166.786
      283.475      1053.87  5.38677e-06  1.18509e-10      166.969
      287.336      1059.65  5.05911e-06  1.08596e-10      167.141
      291.198      1065.43  4.73144e-06  9.95126e-11      167.312
      295.060      1071.21  4.40377e-06  9.11888e-11      167.483
      298.922      1076.99  4.07610e-06  8.35612e-11      167.654
      302.784      1082.76  3.74843e-06  7.65717e-11      167.825
      306.678      1088.40  3.44941e-06  7.02544e-11      167.974
      310.614      1093.84  3.18722e-06  6.45697e-11      168.096
      314.591      1099.10  2.96188e-06  5.94568e-11      168.190
      318.609      1104.17  2.77336e-06  5.48609e-11      168.256
      322.669      1109.06  2.62169e-06  5.07318e-11      168.295
      326.739      1113.90  2.47820e-06  4.69367e-11      168.327
      330.808      1118.74  2.33471e-06  4.34256e-11      168.359
      334.877      1123.59  2.19122e-06  4.01771e-11      168.391
      338.947      1128.43  2.04773e-06  3.71716e-11      168.423
      343.016      1133.27  1.90424e-06  3.43909e-11      168.456
      347.055      1138.08  1.76368e-06  3.18280e-11      168.487
      350.924      1142.68  1.63923e-06  2.95067e-11      168.515
      354.625      1147.07  1.53091e-06  2.74057e-11      168.538
      358.157      1151.25  1.43872e-06  2.55055e-11      168.558
      361.520      1155.23  1.36264e-06  2.37881e-11      168.574
      364.745      1159.04  1.29976e-06  2.22276e-11      168.586
      367.970      1162.85  1.23688e-06  2.07694e-11      168.598
      371.195      1166.66  1.17400e-06  1.94069e-11      168.611
      374.420      1170.46  1.11112e-06  1.81337e-11      168.623
      377.644      1174.27  1.04824e-06  1.69441e-11      168.636
      380.869      1178.08  9.85361e-07  1.58325e-11      168.648
      384.094      1181.89  9.22481e-07  1.47938e-11      168.661
      387.298      1185.66  8.60821e-07  1.38267e-11      168.673
      390.383      1189.20  8.06175e-07  1.29416e-11      168.683
      393.350      1192.53  7.58544e-07  1.21320e-11      168.693
      396.197      1195.64  7.17927e-07  1.13919e-11      168.700
      398.925      1198.52  6.84324e-07  1.07158e-11      168.706
      401.554      1201.22  6.56516e-07  1.00953e-11      168.711
      404.184      1203.92  6.28707e-07  9.51069e-12      168.716
      406.814      1206.62  6.00899e-07  8.95994e-12      168.721
      409.444      1209.32  5.73091e-07  8.44107e-12      168.726
      412.073      1212.02  5.45282e-07  7.95225e-12      168.731
      414.703      1214.72  5.17474e-07  7.49173e-12      168.736
      417.333      1217.42  4.89666e-07  7.05787e-12      168.741
      419.962      1220.13  4.61858e-07  6.64914e-12      168.746
      422.592      1222.83  4.34049e-07  6.26407e-12      168.751
      425.151      1225.40  4.08362e-07  5.90631e-12      168.755
      427.608      1227.80  3.85744e-07  5.57614e-12      168.759
      429.963      1230.02  3.66195e-07  5.27159e-12      168.763
      432.216      1232.07  3.49716e-07  4.99087e-12      168.765
      434.367      1233.93  3.36307e-07  4.73227e-12      168.768
      436.487      1235.74  3.23846e-07  4.48919e-12      168.770
      438.606      1237.55  3.11385e-07  4.25860e-12      168.772
      440.726      1239.36  2.98924e-07  4.03985e-12      168.774
      442.845      1241.17  2.86463e-07  3.83233e-12      168.776
      444.964      1242.98  2.74002e-07  3.63547e-12      168.778
      447.084      1244.79  2.61542e-07  3.44872e-12      168.780
      449.203      1246.60  2.49081e-07  3.27156e-12      168.782
      451.322      1248.41  2.36620e-07  3.10350e-12      168.784
      453.442      1250.22  2.24159e-07  2.94407e-12      168.786
      455.561      1252.02  2.11698e-07  2.79282e-12      168.788
      457.578      1253.73  2.00250e-07  2.65145e-12      168.790
      459.456      1255.29  1.90154e-07  2.52001e-12      168.791
      461.197      1256.71  1.81410e-07  2.39788e-12      168.793
      462.800      1257.99  1.74019e-07  2.28447e-12      168.794
      464.266      1259.13  1.67979e-07  2.17920e-12      168.795
      465.697      1260.24  1.62279e-07  2.07946e-12      168.796
      467.128      1261.34  1.56580e-07  1.98428e-12      168.797
      468.559      1262.44  1.50880e-07  1.89346e-12      168.797
      469.990      1263.55  1.45180e-07  1.80679e-12      168.798
      471.421      1264.65  1.39480e-07  1.72408e-12      168.799
      472.852      1265.75  1.33780e-07  1.64516e-12      168.800
      474.283      1266.86  1.28080e-07  1.56985e-12      168.801
      475.714      1267.96  1.22380e-07  1.49798e-12      168.802
      477.145      1269.07  1.16680e-07  1.42941e-12      168.803
      478.576      1270.17  1.10980e-07  1.36396e-12      168.804
      480.007      1271.27  1.05280e-07  1.30152e-12      168.804
      481.381      1272.33  9.98988e-08  1.24239e-12      168.805
      482.646      1273.29  9.51225e-08  1.18680e-12      168.806
      483.803      1274.16  9.09505e-08  1.13456e-12      168.807
      484.851      1274.94  8.73830e-08  1.08548e-12      168.807
      485.791      1275.62  8.44199e-08  1.03938e-12      168.808
      486.679      1276.26  8.17420e-08  9.95626e-13      168.808
      487.568      1276.90  7.90641e-08  9.53715e-13      168.808
      488.456      1277.54  7.63863e-08  9.13568e-13      168.809
      489.345      1278.19  7.37084e-08  8.75108e-13      168.809
      490.233      1278.83  7.10305e-08  8.38265e-13      168.810
      491.121      1279.47  6.83526e-08  8.02971e-13      168.810
      492.010      1280.11  6.56747e-08  7.69162e-13      168.810
      492.898      1280.75  6.29969e-08  7.36773e-13      168.811
      493.787      1281.39  6.03190e-08  7.05747e-13      168.811
      494.675      1282.03  5.76411e-08  6.76025e-13      168.812
      495.564      1282.67  5.49632e-08  6.47553e-13      168.812
      496.452      1283.31  5.22854e-08  6.20278e-13      168.812
      497.313      1283.93  4.97148e-08  5.94259e-13      168.813
      498.101      1284.50  4.74249e-08  5.69607e-13      168.813
      498.818      1285.01  4.54155e-08  5.46255e-13      168.813
      499.462      1285.46  4.36868e-08  5.24138e-13      168.814
      500.033      1285.85  4.22386e-08  5.03193e-13      168.814
      500.561      1286.22  4.09782e-08  4.83620e-13      168.814
      501.088      1286.58  3.97033e-08  4.64499e-13      168.814
