      6.27689      197.792      0.00000
     -1233.00      197.792      0.00000    -0.812754     0.518083
     -1231.00      197.792      0.00000    -0.812754     0.518083
     -1229.00      197.792      0.00000    -0.812754     0.518083
     -1224.00      199.164      0.00000     -1.14732     0.621061
     -1204.00      204.227      0.00000     -1.99605     0.444924
     -1184.00      207.802      0.00000     -2.03180    -0.493031
     -1134.00      212.064      0.00000    -0.514670     -1.94424
     -934.000      220.230      0.00000      1.96268     -4.06661
     -734.000      223.604      0.00000      2.31170     -4.52483
     -234.000      227.804      0.00000      2.10002     -4.31134
      766.000      231.081      0.00000      1.86749     -2.65715
      1766.00      232.459      0.00000     -1.68469     -1.83260
      2766.00      234.094      0.00000     -5.38681     -1.21148
      3766.00      236.628      0.00000     -7.79034    -0.840933
      4766.00      239.604      0.00000     -10.1939    -0.470388
      5766.00      242.209      0.00000     -9.28740    0.0547784
      6766.00      244.795      0.00000     -6.77650     0.654893
      7766.00      247.853      0.00000     -4.26559      1.25501
      8766.00      251.224      0.00000     -1.82454      1.75190
      9766.00      253.430      0.00000     0.195743      1.62697
      10766.0      256.058      0.00000      2.21603      1.50204
      11766.0      259.204      0.00000      4.23631      1.37712
      12766.0      263.001      0.00000      6.25659      1.25219
      13766.0      266.233      0.00000      7.59886      1.01493
      14766.0      269.311      0.00000      8.61844     0.724210
      15766.0      272.906      0.00000      9.63802     0.433491
      16766.0      277.143      0.00000      10.6576     0.142771
      17766.0      282.193      0.00000      11.6772    -0.147948
      18766.0      286.787      0.00000      11.6545    -0.818584
      19766.0      290.391      0.00000      10.4910     -1.90507
      20766.0      294.552      0.00000      9.32751     -2.99156
      21766.0      299.402      0.00000      8.16402     -4.07804
      22766.0      305.124      0.00000      7.00052     -5.16453
      23766.0      311.975      0.00000      5.83702     -6.25102
      24766.0      316.379      0.00000      5.74792     -6.58856
      25766.0      320.376      0.00000      5.95322     -6.72087
      26766.0      325.041      0.00000      6.15853     -6.85319
      27766.0      330.542      0.00000      6.36384     -6.98550
      28766.0      337.114      0.00000      6.56914     -7.11781
      29766.0      345.100      0.00000      6.77445     -7.25013
      30766.0      349.647      0.00000      4.96392     -6.40015
      31766.0      353.943      0.00000      2.77203     -5.36434
      32766.0      359.026      0.00000     0.580148     -4.32852
      33766.0      365.102      0.00000     -1.61174     -3.29271
      34766.0      372.466      0.00000     -3.80363     -2.25690
      35766.0      381.556      0.00000     -5.99551     -1.22109
      36766.0      387.941      0.00000     -9.19109    -0.139319
      37766.0      394.191      0.00000     -12.6067     0.952526
      38766.0      401.438      0.00000     -16.0222      2.04437
      39766.0      409.951      0.00000     -19.4378      3.13622
      40766.0      420.119      0.00000     -22.8534      4.22806
      41766.0      432.525      0.00000     -26.2690      5.31991
      42766.0      440.282      0.00000     -29.8819      4.11459
      43766.0      447.666      0.00000     -33.5348      2.44467
      44766.0      456.271      0.00000     -37.1877     0.774744
      45766.0      466.443      0.00000     -40.8406    -0.895177
      46766.0      478.684      0.00000     -44.4935     -2.56510
      47766.0      493.584      0.00000     -48.1123     -4.20028
      48766.0      500.340      0.00000     -49.8305     -3.89446
      49766.0      508.301      0.00000     -51.5487     -3.58865
      50766.0      517.794      0.00000     -53.2669     -3.28283
      51766.0      529.292      0.00000     -54.9851     -2.97702
      52766.0      543.505      0.00000     -56.7033     -2.67120
      53766.0      556.927      0.00000     -57.2987     -2.77029
      54766.0      566.793      0.00000     -56.4769     -3.38044
      55766.0      578.354      0.00000     -55.6551     -3.99058
      56766.0      592.115      0.00000     -54.8333     -4.60072
      57766.0      608.828      0.00000     -54.0115     -5.21087
      58766.0      629.084      0.00000     -53.0479     -5.64003
      59766.0      642.916      0.00000     -49.7618     -3.10465
      60766.0      658.725      0.00000     -46.4757    -0.569259
      61766.0      677.073      0.00000     -43.1896      1.96613
      62766.0      698.791      0.00000     -39.9035      4.50151
      63766.0      725.168      0.00000     -36.6174      7.03690
      64766.0      750.209      0.00000     -33.5215      8.90588
      65766.0      775.751      0.00000     -30.4870      10.5598
      66766.0      804.329      0.00000     -27.4525      12.2137
      67766.0      836.833      0.00000     -24.4180      13.8675
      68766.0      874.600      0.00000     -21.3835      15.5214
      69766.0      914.984      0.00000     -21.8411      17.3492
      70766.0      949.908      0.00000     -29.8587      19.5533
      71766.0      988.004      0.00000     -37.8762      21.7574
      72766.0      1030.05      0.00000     -45.8938      23.9616
      73766.0      1077.13      0.00000     -53.9114      26.1657
      74766.0      1130.88      0.00000     -61.9290      28.3698
      75766.0      1165.57      0.00000     -73.7348      34.0330
      76766.0      1168.80      0.00000     -90.3438      44.0821
      77766.0      1174.22      0.00000     -106.953      54.1312
      78766.0      1182.44      0.00000     -123.562      64.1803
      79766.0      1194.34      0.00000     -140.171      74.2294
      80766.0      1211.28      0.00000     -156.780      84.2785
      81766.0      1228.48      0.00000     -157.740      88.0982
      82766.0      1244.99      0.00000     -147.999      87.6586
      83766.0      1265.05      0.00000     -138.258      87.2189
      84766.0      1289.78      0.00000     -128.517      86.7793
      85766.0      1320.83      0.00000     -118.777      86.3396
      86766.0      1353.82      0.00000     -107.617      84.5573
      87766.0      1366.09      0.00000     -90.9890      77.6001
      88766.0      1382.20      0.00000     -74.3610      70.6430
      89766.0      1403.39      0.00000     -57.7329      63.6859
      90766.0      1431.59      0.00000     -41.1049      56.7287
      91766.0      1464.19      0.00000     -26.8704      49.9389
      92766.0      1473.84      0.00000     -25.3884      44.0408
      93766.0      1488.18      0.00000     -23.9063      38.1426
      94766.0      1508.95      0.00000     -22.4243      32.2444
      95766.0      1538.95      0.00000     -20.9423      26.3463
      96766.0      1561.63      0.00000     -21.8392      25.2088
      97766.0      1572.51      0.00000     -24.9508      28.5030
      98766.0      1590.27      0.00000     -28.0623      31.7972
      99766.0      1618.10      0.00000     -31.1739      35.0913
      100766.      1657.21      0.00000     -31.9667      36.5078
      101766.      1698.55      0.00000     -27.4579      33.6310
      102766.      1750.20      0.00000     -22.9492      30.7542
      103766.      1816.93      0.00000     -18.4404      27.8774
      104766.      1883.74      0.00000     -14.3436      22.3437
      105766.      1923.36      0.00000     -11.0018      11.9389
      106766.      1975.27      0.00000     -7.65996      1.53416
      107766.      2045.68      0.00000     -4.31816     -8.87059
      108766.      2151.76      0.00000     -4.02448     -18.3890
      109766.      2283.42      0.00000     -6.20871     -27.1870
      110766.      2436.56      0.00000     -8.39295     -35.9849
      111766.      2621.22      0.00000     -10.5772     -44.7829
      112766.      2816.00      0.00000     -13.6964     -49.9380
      113766.      3015.65      0.00000     -17.3279     -53.0976
      114766.      3239.81      0.00000     -20.9594     -56.2572
      115766.      3497.44      0.00000     -24.5908     -59.4168
      116766.      3783.80      0.00000     -27.7564     -62.2085
      117766.      3999.71      0.00000     -28.4053     -63.0131
      118766.      4236.41      0.00000     -29.0541     -63.8176
      119766.      4499.36      0.00000     -29.7030     -64.6222
      120766.      4796.62      0.00000     -30.3519     -65.4267
      121766.      5140.66      0.00000     -31.0007     -66.2313
      122766.      5395.23      0.00000     -30.2345     -66.7114
      123766.      5650.00      0.00000     -29.2552     -67.1427
      124766.      5928.93      0.00000     -28.2759     -67.5739
      125766.      6237.75      0.00000     -27.2965     -68.0052
      126766.      6584.61      0.00000     -26.3172     -68.4365
      127766.      6981.61      0.00000     -25.3378     -68.8677
      128766.      7299.37      0.00000     -24.3097     -69.0680
      129766.      7606.86      0.00000     -23.2690     -69.2083
      130766.      7940.51      0.00000     -22.2282     -69.3486
      131766.      8305.61      0.00000     -21.1875     -69.4889
      132766.      8709.28      0.00000     -20.1468     -69.6292
      133766.      9161.42      0.00000     -19.1060     -69.7695
      134766.      9676.38      0.00000     -18.0653     -69.9099
      135766.      10096.5      0.00000     -17.2899     -69.8426
      136766.      10545.3      0.00000     -16.5173     -69.7730
      137766.      11029.2      0.00000     -15.7447     -69.7035
      138766.      11554.4      0.00000     -14.9722     -69.6340
      139766.      12129.0      0.00000     -14.1996     -69.5645
      140766.      12763.9      0.00000     -13.4271     -69.4949
      141766.      13474.0      0.00000     -12.6545     -69.4254
      142766.      14206.2      0.00000     -12.0147     -69.3406
      143766.      14914.5      0.00000     -11.5298     -69.2379
      144766.      15673.1      0.00000     -11.0449     -69.1352
      145766.      16489.3      0.00000     -10.5599     -69.0325
      146766.      17372.1      0.00000     -10.0750     -68.9298
      147766.      18333.0      0.00000     -9.59007     -68.8271
      148766.      19386.7      0.00000     -9.10513     -68.7245
      149766.      20553.1      0.00000     -8.62020     -68.6218
      150766.      21841.8      0.00000     -8.16154     -68.5215
      151766.      23121.3      0.00000     -7.89207     -68.4387
      152766.      24492.4      0.00000     -7.62260     -68.3559
      153766.      25966.1      0.00000     -7.35313     -68.2731
      154766.      27555.4      0.00000     -7.08366     -68.1904
      155766.      29276.4      0.00000     -6.81419     -68.1076
      156766.      31148.9      0.00000     -6.54472     -68.0248
      157766.      33198.0      0.00000     -6.27525     -67.9420
      158766.      35456.0      0.00000     -6.00578     -67.8592
      159766.      37965.1      0.00000     -5.73631     -67.7764
      160766.      40432.2      0.00000     -5.56890     -67.7154
      161766.      42990.7      0.00000     -5.43065     -67.6607
      162766.      45739.5      0.00000     -5.29241     -67.6059
      163766.      48699.7      0.00000     -5.15416     -67.5512
      164766.      51896.1      0.00000     -5.01592     -67.4964
      165766.      55358.4      0.00000     -4.87768     -67.4417
      166766.      59122.4      0.00000     -4.73943     -67.3870
      167766.      63231.7      0.00000     -4.60119     -67.3322
      168766.      67740.6      0.00000     -4.46294     -67.2775
      169766.      72718.2      0.00000     -4.32470     -67.2227
      170766.      77884.5      0.00000     -4.19914     -67.1720
      171766.      81775.9      0.00000     -4.13083     -67.1395
      172766.      85907.4      0.00000     -4.06252     -67.1070
      173766.      90301.5      0.00000     -3.99421     -67.0744
      174766.      94984.7      0.00000     -3.92590     -67.0419
      175766.      99987.6      0.00000     -3.85758     -67.0094
      176766.      105346.      0.00000     -3.78927     -66.9769
      177766.      111102.      0.00000     -3.72096     -66.9444
      178766.      117306.      0.00000     -3.65265     -66.9118
      179766.      124020.      0.00000     -3.58434     -66.8793
      180766.      131317.      0.00000     -3.51602     -66.8468
      181766.      139292.      0.00000     -3.44771     -66.8143
      182766.      147555.      0.00000     -3.38546     -66.7842
      183766.      153972.      0.00000     -3.35202     -66.7661
      184766.      160746.      0.00000     -3.31858     -66.7480
      185766.      167908.      0.00000     -3.28514     -66.7299
      186766.      175492.      0.00000     -3.25169     -66.7118
      187766.      183539.      0.00000     -3.21825     -66.6937
      188766.      192093.      0.00000     -3.18481     -66.6756
      189766.      201207.      0.00000     -3.15137     -66.6574
      190766.      210943.      0.00000     -3.11793     -66.6393
      191766.      221373.      0.00000     -3.08449     -66.6212
      192766.      232584.      0.00000     -3.05104     -66.6031
      193766.      244677.      0.00000     -3.01760     -66.5850
      194766.      257777.      0.00000     -2.98416     -66.5669
      195766.      272038.      0.00000     -2.95072     -66.5488
      196766.      283993.      0.00000     -2.92903     -66.5365
      197766.      294983.      0.00000     -2.91260     -66.5268
      198766.      306538.      0.00000     -2.89617     -66.5172
      199766.      318704.      0.00000     -2.87974     -66.5075
      200766.      331533.      0.00000     -2.86331     -66.4979
      201766.      345081.      0.00000     -2.84689     -66.4882
      202766.      359414.      0.00000     -2.83046     -66.4785
      203766.      374606.      0.00000     -2.81403     -66.4689
      204766.      390742.      0.00000     -2.79760     -66.4592
      205766.      407923.      0.00000     -2.78117     -66.4496
      206766.      426262.      0.00000     -2.76474     -66.4399
      207766.      445895.      0.00000     -2.74831     -66.4303
      208766.      466983.      0.00000     -2.73188     -66.4206
      209766.      489717.      0.00000     -2.71545     -66.4109
      210766.      514331.      0.00000     -2.69903     -66.4013
      211766.      532447.      0.00000     -2.68876     -66.3951
      212766.      548543.      0.00000     -2.68057     -66.3901
      213766.      565362.      0.00000     -2.67237     -66.3850
      214766.      582958.      0.00000     -2.66418     -66.3800
      215766.      601391.      0.00000     -2.65598     -66.3750
      216766.      620730.      0.00000     -2.64779     -66.3699
      217766.      641048.      0.00000     -2.63959     -66.3649
      218766.      662433.      0.00000     -2.63140     -66.3599
      219766.      684982.      0.00000     -2.62320     -66.3549
      220766.      708805.      0.00000     -2.61501     -66.3498
      221766.      734031.      0.00000     -2.60681     -66.3448
      222766.      760808.      0.00000     -2.59862     -66.3398
      223766.      789307.      0.00000     -2.59042     -66.3347
      224766.      819731.      0.00000     -2.58222     -66.3297
      225766.      852319.      0.00000     -2.57403     -66.3247
      226766.      887356.      0.00000     -2.56583     -66.3196
      227766.      915746.      0.00000     -2.55976     -66.3159
      228766.      937024.      0.00000     -2.55558     -66.3133
      229766.      959160.      0.00000     -2.55140     -66.3107
      230766.      982214.      0.00000     -2.54722     -66.3081
      231766.  1.00626e+06      0.00000     -2.54304     -66.3055
      232766.  1.03136e+06      0.00000     -2.53886     -66.3030
      233766.  1.05762e+06      0.00000     -2.53467     -66.3004
      234766.  1.08511e+06      0.00000     -2.53049     -66.2978
      235766.  1.11397e+06      0.00000     -2.52631     -66.2952
      236766.  1.14429e+06      0.00000     -2.52213     -66.2926
      237766.  1.17622e+06      0.00000     -2.51795     -66.2900
      238766.  1.20993e+06      0.00000     -2.51377     -66.2874
      239766.  1.24559e+06      0.00000     -2.50959     -66.2849
      240766.  1.28341e+06      0.00000     -2.50541     -66.2823
      241766.  1.32364e+06      0.00000     -2.50123     -66.2797
      242766.  1.36658e+06      0.00000     -2.49705     -66.2771
      243766.  1.41256e+06      0.00000     -2.49287     -66.2745
      244766.  1.45263e+06      0.00000     -2.48946     -66.2724
      245766.  1.47937e+06      0.00000     -2.48731     -66.2711
      246766.  1.50712e+06      0.00000     -2.48516     -66.2698
      247766.  1.53596e+06      0.00000     -2.48301     -66.2685
      248766.  1.56597e+06      0.00000     -2.48086     -66.2672
