    1950.000000000000         2050.000000000000     3.3403640459209394E-004   
    2050.000000000000         2200.000000000000     1.0958334581935628E-003   
    2200.000000000000         2397.000000000000     1.7009366491156791E-003   
    2397.000000000000         2494.000000000000     9.5027028894032449E-004   
    2494.000000000000         2796.000000000000     3.4977060258936160E-003   
    2796.000000000000         3087.000000000000     4.0816969672008785E-003   
    3087.000000000000         3425.000000000000     5.7125331488272705E-003   
    3425.000000000000         3760.000000000000     6.6514278589791601E-003   
    3760.000000000000         4030.000000000000     6.1246584619507587E-003   
    4030.000000000000         4540.000000000000     1.3714295904249873E-002   
    4540.000000000000         4950.000000000000     1.3015019135848533E-002   
    4950.000000000000         5370.000000000000     1.5139801269881716E-002   
    5370.000000000000         5925.000000000000     2.3073463891889488E-002   
    5925.000000000000         6390.000000000000     2.1172024183073523E-002   
    6390.000000000000         6990.000000000000     2.9233916486970875E-002   
    6990.000000000000         7650.000000000000     3.3463557692109867E-002   
    7650.000000000000         8315.000000000000     3.4556443931603391E-002   
    8315.000000000000         8850.000000000000     2.8206643485416599E-002   
    8850.000000000000         9350.000000000000     2.6376328826773349E-002   
    9350.000000000000         9650.000000000000     1.6078162707506428E-002   
    9650.000000000000         10400.00000000000     4.0520799926695605E-002   
    10400.00000000000         11220.00000000000     4.4588313246488209E-002   
    11220.00000000000         11870.00000000000     3.5089192363203417E-002   
    11870.00000000000         12750.00000000000     4.8158124013101315E-002   
    12750.00000000000         13300.00000000000     2.9557843539440801E-002   
    13300.00000000000         14470.00000000000     6.1728320286471489E-002   
    14470.00000000000         15000.00000000000     2.8358328785186793E-002   
    15000.00000000000         15385.00000000000     1.8985505930358641E-002   
    15385.00000000000         16667.00000000000     6.2501433675532014E-002   
    16667.00000000000         18182.00000000000     6.8598026788943375E-002   
    18182.00000000000         20000.00000000000     6.9999322693810498E-002   
    20000.00000000000         22222.00000000000     7.2663749936895269E-002   
    22222.00000000000         25000.00000000000     6.0271803727906352E-002   
    25000.00000000000         28571.00000000000     3.6428058643277847E-002   
    28571.00000000000         33333.00000000000     2.1652772466805543E-002   
    33333.00000000000         35000.00000000000     1.6719647196865858E-002   
