   200.0000    
   242.0764    
   238.3593    
   234.7491    
   227.3349    
   214.2193    
   198.9277    
   184.7276    
   171.5412    
   159.2960    
   147.9250    
   137.3656    
   127.9115    
   122.1330    
   118.1073    
   115.3581    
   113.7415    
   113.0411    
   113.1916    
   114.1231    
   115.9067    
   118.6585    
   122.4839    
   126.9294    
   132.2991    
   138.3907    
   142.6255    
   146.7856    
   150.1914    
   152.9115    
   155.0030    
   156.5529    
   157.7320    
   158.5769    
   159.1656    
   159.5710    
   159.7470    
   160.1693    
   160.1162    
   160.1524    
   159.9328    
   159.6921    
   159.4074    
   159.0866    
   158.7370    
   158.3921    
   158.0377    
   157.6633    
   157.2459    
   156.7444    
   156.1365    
   155.4394    
   154.6760    
   153.8250    
   152.8934    
   151.8827    
   150.8160    
   149.7348    
   148.6630    
   147.6131    
   146.6401    
   145.7417    
   144.9731    
   144.2265    
   143.0092    
