      191.543      843.874      611.183    0.0132215      241.452
      191.543      843.874      611.183    0.0132193      241.452
      191.543      843.874      611.183    0.0132172      241.452
      191.543      843.874      611.028    0.0132186      241.329
      191.543      843.874      610.042    0.0132307      240.719
      191.543      843.874      609.057    0.0132150      240.615
      191.543      843.874      606.599    0.0131754      240.363
      191.543      843.874      596.834    0.0130174      239.364
      191.543      843.874      587.219    0.0128605      238.365
      191.543      843.874      563.690    0.0124737      235.867
      191.543      843.873      518.771    0.0117233      230.875
      191.543      843.873      477.115    0.0110003      225.885
      191.543      843.873      436.705    0.0103063      221.108
      191.540      843.866      402.047   0.00948205      220.006
      191.538      843.860      367.389   0.00872374      218.904
      191.534      843.850      336.430   0.00802954      217.550
      191.530      843.838      309.602   0.00739413      215.916
      191.526      843.826      282.774   0.00680901      214.282
      191.522      843.814      255.947   0.00627019      212.648
      191.519      843.806      235.671   0.00577306      210.513
      191.517      843.800      216.524   0.00531520      208.291
      191.515      843.793      197.377   0.00489364      206.069
      191.512      843.787      178.230   0.00450552      203.847
      191.511      843.782      160.894   0.00414269      201.656
      191.510      843.782      148.301   0.00379587      199.546
      191.510      843.782      135.708   0.00347808      197.437
      191.509      843.782      123.114   0.00318690      195.327
      191.509      843.783      110.521   0.00292009      193.217
      191.508      843.783      97.9276   0.00267563      191.107
      191.499      843.737      90.2516   0.00243689      189.231
      191.490      843.691      82.5816   0.00221944      187.355
      191.480      843.645      74.9116   0.00202139      185.480
      191.471      843.600      67.2416   0.00184102      183.604
      191.462      843.554      59.5716   0.00167674      181.728
      191.454      843.514      52.9559   0.00152432      179.873
      191.448      843.487      48.5503   0.00138042      178.059
      191.442      843.459      44.1448   0.00125010      176.246
      191.436      843.432      39.7393   0.00113209      174.433
      191.431      843.405      35.3338   0.00102521      172.619
      191.425      843.378      30.9283  0.000928431      170.806
      191.420      843.357      27.5133  0.000839117      168.749
      191.417      843.344      25.0615  0.000756932      166.454
      191.414      843.331      22.6097  0.000682797      164.160
      191.411      843.317      20.1579  0.000615923      161.865
      191.408      843.304      17.7061  0.000555598      159.571
      191.405      843.291      15.2543  0.000501182      157.276
      191.401      843.276      13.6653  0.000447836      155.652
      191.398      843.261      12.3463  0.000398985      154.239
      191.394      843.246      11.0273  0.000355463      152.825
      191.390      843.232      9.70835  0.000316688      151.411
      191.387      843.217      8.38936  0.000282143      149.997
      191.383      843.201      7.19008  0.000250919      148.738
      191.378      843.180      6.51115  0.000221431      148.150
      191.373      843.160      5.83221  0.000195408      147.561
      191.368      843.139      5.15328  0.000172443      146.973
      191.363      843.119      4.47434  0.000152177      146.385
      191.359      843.098      3.79540  0.000134293      145.796
      191.353      843.080      3.37577  0.000117926      145.912
      191.348      843.064      3.03815  0.000103392      146.251
      191.343      843.047      2.70053  9.06493e-05      146.589
      191.338      843.030      2.36291  7.94770e-05      146.928
      191.332      843.013      2.02529  6.96816e-05      147.266
      191.328      843.002      1.74778  6.10676e-05      147.867
      191.326      843.003      1.58505  5.34751e-05      148.970
      191.324      843.004      1.42231  4.68266e-05      150.072
      191.322      843.005      1.25957  4.10046e-05      151.174
      191.320      843.006      1.09684  3.59066e-05      152.276
      191.318      843.007     0.934102  3.14423e-05      153.378
      191.318      843.009     0.834294  2.78389e-05      152.893
      191.319      843.012     0.753925  2.47327e-05      151.917
      191.320      843.015     0.673555  2.19731e-05      150.942
      191.321      843.018     0.593186  1.95214e-05      149.967
      191.322      843.020     0.512816  1.73432e-05      148.991
      191.324      843.024     0.438256  1.54177e-05      147.759
      191.327      843.033     0.395712  1.37533e-05      145.109
      191.330      843.042     0.353169  1.22686e-05      142.460
      191.333      843.050     0.310625  1.09442e-05      139.811
      191.336      843.059     0.268081  9.76273e-06      137.161
      191.339      843.068     0.225537  8.70881e-06      134.512
      191.342      843.078     0.200209  7.68631e-06      131.950
      191.345      843.088     0.176998  6.77497e-06      129.399
      191.348      843.099     0.153788  5.97169e-06      126.847
      191.351      843.109     0.130578  5.26364e-06      124.296
      191.354      843.119     0.108416  4.63465e-06      121.718
      191.356      843.125    0.0957073  4.04209e-06      118.903
      191.357      843.131    0.0829990  3.52529e-06      116.088
      191.358      843.137    0.0702907  3.07456e-06      113.273
      191.359      843.143    0.0575824  2.68147e-06      110.458
      191.360      843.149    0.0494164  2.28586e-06      109.457
      191.361      843.156    0.0427253  1.93424e-06      109.044
      191.362      843.162    0.0360342  1.63670e-06      108.631
      191.363      843.168    0.0293431  1.38493e-06      108.218
      191.370      843.193    0.0249832  1.15473e-06      110.180
      191.380      843.227    0.0218405  9.55394e-07      113.383
      191.390      843.262    0.0186979  7.90470e-07      116.586
      191.400      843.297    0.0155553  6.54016e-07      119.789
      191.421      843.361    0.0129903  5.44455e-07      123.205
      191.466      843.489    0.0116294  4.59096e-07      127.067
      191.511      843.616    0.0102685  3.87119e-07      130.928
      191.556      843.743   0.00890763  3.26426e-07      134.790
      191.600      843.871   0.00754675  2.75249e-07      138.651
      191.660      844.073   0.00645707  2.34538e-07      141.975
      191.748      844.409   0.00585881  2.03676e-07      144.324
      191.835      844.746   0.00526054  1.76875e-07      146.673
      191.922      845.082   0.00466228  1.53600e-07      149.021
      192.009      845.419   0.00406402  1.33388e-07      151.370
      192.096      845.755   0.00346575  1.15836e-07      153.719
      192.274      846.371   0.00310327  1.02162e-07      154.460
      192.483      847.084   0.00282224  9.05860e-08      154.646
      192.693      847.796   0.00254122  8.03215e-08      154.831
      192.902      848.508   0.00226019  7.12200e-08      155.016
      193.111      849.221   0.00197916  6.31498e-08      155.202
      193.320      849.933   0.00169814  5.59941e-08      155.387
      193.698      851.169   0.00153568  4.95744e-08      156.210
      194.115      852.528   0.00140102  4.38752e-08      157.183
      194.533      853.887   0.00126636  3.88311e-08      158.156
      194.950      855.246   0.00113170  3.43669e-08      159.128
      195.367      856.605  0.000997046  3.04160e-08      160.101
      195.784      857.965  0.000862389  2.69193e-08      161.074
      196.331      859.711  0.000776153  2.38391e-08      162.916
      196.944      861.656  0.000714731  2.11180e-08      165.203
      197.557      863.601  0.000653310  1.87075e-08      167.491
      198.170      865.546  0.000591889  1.65720e-08      169.778
      198.783      867.491  0.000530468  1.46804e-08      172.066
      199.396      869.435  0.000469046  1.30047e-08      174.353
      200.009      871.380  0.000407625  1.15203e-08      176.640
      200.662      873.370  0.000379189  1.03433e-08      178.575
      201.316      875.361  0.000351882  9.29088e-09      180.497
      201.970      877.352  0.000324575  8.34553e-09      182.420
      202.625      879.343  0.000297268  7.49635e-09      184.342
      203.279      881.334  0.000269961  6.73360e-09      186.265
      203.933      883.325  0.000242654  6.04845e-09      188.187
      204.588      885.316  0.000215347  5.43301e-09      190.109
      205.270      887.343  0.000195488  4.90368e-09      192.124
      205.980      889.408  0.000183390  4.44812e-09      194.236
      206.691      891.473  0.000171293  4.03487e-09      196.348
      207.402      893.538  0.000159196  3.66002e-09      198.460
      208.113      895.603  0.000147098  3.32000e-09      200.572
      208.823      897.668  0.000135001  3.01156e-09      202.684
      209.534      899.733  0.000122904  2.73178e-09      204.795
      210.245      901.797  0.000110807  2.47799e-09      206.907
      210.972      903.896  9.94391e-05  2.25068e-09      208.958
      211.836      906.272  9.40896e-05  2.06612e-09      210.507
      212.699      908.648  8.87400e-05  1.89670e-09      212.055
      213.563      911.023  8.33905e-05  1.74116e-09      213.604
      214.427      913.399  7.80409e-05  1.59838e-09      215.153
      215.290      915.775  7.26914e-05  1.46731e-09      216.701
      216.154      918.151  6.73418e-05  1.34699e-09      218.250
      217.017      920.527  6.19923e-05  1.23653e-09      219.798
      217.881      922.903  5.66427e-05  1.13514e-09      221.347
      218.745      925.279  5.12932e-05  1.04205e-09      222.896
      219.790      927.997  4.80028e-05  9.63010e-10      224.005
      220.914      930.865  4.56115e-05  8.92563e-10      224.922
      222.038      933.733  4.32202e-05  8.27269e-10      225.839
      223.162      936.601  4.08289e-05  7.66751e-10      226.756
      224.286      939.469  3.84376e-05  7.10661e-10      227.673
      225.410      942.337  3.60464e-05  6.58674e-10      228.589
      226.534      945.205  3.36551e-05  6.10489e-10      229.506
      227.659      948.073  3.12638e-05  5.65830e-10      230.423
      228.783      950.941  2.88725e-05  5.24438e-10      231.340
      229.907      953.809  2.64812e-05  4.86073e-10      232.257
      231.121      956.811  2.44062e-05  4.51300e-10      233.063
      232.619      960.236  2.33324e-05  4.21328e-10      233.516
      234.116      963.662  2.22586e-05  3.93347e-10      233.969
      235.614      967.088  2.11848e-05  3.67224e-10      234.422
      237.112      970.513  2.01110e-05  3.42836e-10      234.875
      238.610      973.939  1.90372e-05  3.20067e-10      235.328
      240.108      977.364  1.79634e-05  2.98811e-10      235.781
      241.605      980.790  1.68896e-05  2.78966e-10      236.234
      243.103      984.215  1.58158e-05  2.60439e-10      236.687
      244.601      987.641  1.47419e-05  2.43143e-10      237.140
      246.099      991.066  1.36681e-05  2.26995e-10      237.593
      247.597      994.492  1.25943e-05  2.11920e-10      238.046
      249.378      998.177  1.19234e-05  1.98665e-10      238.334
      251.294      1001.98  1.14444e-05  1.86606e-10      238.543
      253.211      1005.79  1.09654e-05  1.75279e-10      238.752
      255.127      1009.60  1.04864e-05  1.64640e-10      238.962
      257.043      1013.41  1.00074e-05  1.54647e-10      239.171
      258.960      1017.22  9.52844e-06  1.45260e-10      239.380
      260.876      1021.03  9.04945e-06  1.36443e-10      239.590
      262.793      1024.84  8.57046e-06  1.28161e-10      239.799
      264.709      1028.64  8.09147e-06  1.20382e-10      240.009
      266.625      1032.45  7.61248e-06  1.13075e-10      240.218
      268.542      1036.26  7.13349e-06  1.06211e-10      240.427
      270.458      1040.07  6.65450e-06  9.97644e-11      240.637
      272.374      1043.88  6.17551e-06  9.37089e-11      240.846
      274.625      1047.71  5.91331e-06  8.84287e-11      241.060
      276.955      1051.55  5.70363e-06  8.35396e-11      241.275
      279.286      1055.39  5.49396e-06  7.89207e-11      241.490
      281.617      1059.24  5.28429e-06  7.45572e-11      241.705
      283.948      1063.08  5.07462e-06  7.04351e-11      241.920
      286.279      1066.92  4.86494e-06  6.65408e-11      242.135
      288.610      1070.76  4.65527e-06  6.28618e-11      242.351
      290.941      1074.60  4.44560e-06  5.93862e-11      242.566
      293.272      1078.44  4.23592e-06  5.61029e-11      242.781
      295.603      1082.28  4.02625e-06  5.30010e-11      242.996
      297.934      1086.12  3.81658e-06  5.00706e-11      243.211
      300.265      1089.96  3.60690e-06  4.73022e-11      243.426
      302.596      1093.80  3.39723e-06  4.46869e-11      243.641
      304.927      1097.65  3.18756e-06  4.22162e-11      243.856
      307.284      1101.38  3.00193e-06  3.99426e-11      244.032
      309.744      1104.70  2.91117e-06  3.80177e-11      244.052
      312.205      1108.02  2.82042e-06  3.61855e-11      244.073
      314.666      1111.34  2.72967e-06  3.44417e-11      244.093
      317.126      1114.65  2.63892e-06  3.27819e-11      244.113
      319.587      1117.97  2.54816e-06  3.12021e-11      244.134
      322.048      1121.29  2.45741e-06  2.96985e-11      244.154
      324.508      1124.61  2.36666e-06  2.82673e-11      244.175
      326.969      1127.93  2.27591e-06  2.69050e-11      244.195
      329.429      1131.25  2.18515e-06  2.56084e-11      244.216
      331.890      1134.57  2.09440e-06  2.43743e-11      244.236
      334.351      1137.88  2.00365e-06  2.31997e-11      244.256
      336.811      1141.20  1.91289e-06  2.20817e-11      244.277
      339.272      1144.52  1.82214e-06  2.10176e-11      244.297
      341.733      1147.84  1.73139e-06  2.00047e-11      244.318
      344.193      1151.16  1.64064e-06  1.90406e-11      244.338
      346.654      1154.48  1.54988e-06  1.81230e-11      244.359
      349.097      1157.44  1.48219e-06  1.72990e-11      244.373
      351.518      1159.97  1.44285e-06  1.65704e-11      244.381
      353.939      1162.49  1.40352e-06  1.58725e-11      244.388
      356.361      1165.02  1.36418e-06  1.52041e-11      244.395
      358.782      1167.55  1.32485e-06  1.45637e-11      244.403
      361.203      1170.08  1.28552e-06  1.39504e-11      244.410
      363.625      1172.60  1.24618e-06  1.33629e-11      244.418
      366.046      1175.13  1.20685e-06  1.28001e-11      244.425
      368.467      1177.66  1.16751e-06  1.22610e-11      244.432
      370.889      1180.18  1.12818e-06  1.17446e-11      244.440
      373.310      1182.71  1.08885e-06  1.12500e-11      244.447
      375.731      1185.24  1.04951e-06  1.07762e-11      244.454
      378.153      1187.76  1.01018e-06  1.03224e-11      244.462
      380.574      1190.29  9.70845e-07  9.88765e-12      244.469
      382.995      1192.82  9.31511e-07  9.47122e-12      244.477
      385.417      1195.34  8.92177e-07  9.07234e-12      244.484
      387.838      1197.87  8.52843e-07  8.69026e-12      244.491
      390.259      1200.40  8.13509e-07  8.32426e-12      244.499
      392.681      1202.93  7.74175e-07  7.97368e-12      244.506
      395.005      1205.23  7.40436e-07  7.64943e-12      244.512
      397.043      1206.90  7.23224e-07  7.37126e-12      244.515
      399.082      1208.56  7.06011e-07  7.10319e-12      244.518
      401.120      1210.22  6.88799e-07  6.84487e-12      244.521
      403.159      1211.89  6.71586e-07  6.59595e-12      244.524
      405.197      1213.55  6.54373e-07  6.35607e-12      244.527
      407.236      1215.22  6.37161e-07  6.12493e-12      244.530
      409.274      1216.88  6.19948e-07  5.90219e-12      244.533
      411.313      1218.54  6.02736e-07  5.68755e-12      244.536
      413.351      1220.21  5.85523e-07  5.48071e-12      244.539
      415.390      1221.87  5.68310e-07  5.28139e-12      244.542
      417.428      1223.53  5.51098e-07  5.08934e-12      244.545
      419.467      1225.20  5.33885e-07  4.90425e-12      244.548
      421.505      1226.86  5.16673e-07  4.72590e-12      244.551
      423.544      1228.52  4.99460e-07  4.55404e-12      244.554
      425.582      1230.19  4.82248e-07  4.38842e-12      244.557
      427.620      1231.85  4.65035e-07  4.22884e-12      244.560
      429.659      1233.51  4.47822e-07  4.07505e-12      244.563
      431.697      1235.18  4.30610e-07  3.92685e-12      244.566
      433.736      1236.84  4.13397e-07  3.78404e-12      244.569
      435.774      1238.51  3.96185e-07  3.64643e-12      244.572
      437.813      1240.17  3.78972e-07  3.51382e-12      244.575
      439.533      1241.52  3.66220e-07  3.39401e-12      244.577
