      191.14      839.14      8.549737e+02      2.283419e-02      219.66
      191.14      839.14      8.548884e+02      2.283191e-02      215.42
      191.14      839.14      8.545475e+02      2.282281e-02      198.44
      191.14      839.14      8.541211e+02      2.282436e-02      195.88
      191.14      839.14      8.532691e+02      2.283083e-02      195.62
      191.14      839.14      8.507145e+02      2.278067e-02      195.46
      191.14      839.14      8.464707e+02      2.268091e-02      195.33
      191.14      839.14      8.381163e+02      2.219187e-02      197.62
      191.14      839.14      8.219680e+02      2.125927e-02      202.21
      191.14      839.14      8.064115e+02      2.049026e-02      205.74
      191.14      839.14      7.914246e+02      1.987614e-02      208.17
      191.14      839.14      7.767164e+02      1.927345e-02      210.60
      191.14      839.14      7.625289e+02      1.883569e-02      211.55
      191.14      839.14      7.486608e+02      1.844359e-02      212.14
      191.14      839.14      7.350449e+02      1.805863e-02      212.73
      191.14      839.14      7.216766e+02      1.768066e-02      213.32
      191.14      839.14      7.085525e+02      1.731281e-02      213.87
      191.14      839.14      6.956887e+02      1.701855e-02      213.60
      191.14      839.14      6.830585e+02      1.672962e-02      213.34
      191.14      839.14      6.706575e+02      1.644595e-02      213.08
      191.14      839.14      6.584818e+02      1.616742e-02      212.81
      191.14      839.14      6.465270e+02      1.589395e-02      212.55
      191.14      839.14      6.347892e+02      1.562545e-02      212.28
      191.14      839.14      6.232646e+02      1.536182e-02      212.02
      191.14      839.14      6.119493e+02      1.510297e-02      211.76
      191.14      839.14      6.007251e+02      1.484964e-02      211.41
      191.14      839.14      5.896416e+02      1.460144e-02      211.01
      191.14      839.14      5.787626e+02      1.435782e-02      210.61
      191.14      839.14      5.680844e+02      1.411869e-02      210.21
      191.14      839.14      5.576031e+02      1.388397e-02      209.81
      191.14      839.14      5.473153e+02      1.365359e-02      209.41
      191.14      839.14      5.372173e+02      1.342745e-02      209.01
      191.14      839.14      5.273055e+02      1.320549e-02      208.60
      191.14      839.14      5.175767e+02      1.298762e-02      208.20
      191.14      839.14      5.080273e+02      1.277378e-02      207.80
      191.14      839.14      4.986542e+02      1.256388e-02      207.40
      191.14      839.14      4.894539e+02      1.235785e-02      207.00
      191.14      839.14      4.803791e+02      1.215317e-02      206.61
      191.14      839.14      4.712844e+02      1.194184e-02      206.24
      191.14      839.14      4.623618e+02      1.173450e-02      205.87
      191.14      839.14      4.536082e+02      1.153109e-02      205.51
      191.14      839.14      4.450203e+02      1.133153e-02      205.14
      191.14      839.14      4.365949e+02      1.113576e-02      204.77
      191.14      839.14      4.283291e+02      1.094368e-02      204.40
      191.14      839.14      4.202198e+02      1.075524e-02      204.03
      191.14      839.14      4.122640e+02      1.057038e-02      203.67
      191.14      839.14      4.044589e+02      1.038901e-02      203.30
      191.14      839.14      3.968015e+02      1.021107e-02      202.93
      191.14      839.14      3.892891e+02      1.003650e-02      202.56
      191.14      839.14      3.819189e+02      9.865243e-03      202.19
      191.14      839.14      3.746882e+02      9.697224e-03      201.83
      191.14      839.14      3.675945e+02      9.532386e-03      201.46
      191.14      839.14      3.606350e+02      9.370669e-03      201.09
      191.14      839.14      3.538073e+02      9.212012e-03      200.72
      191.14      839.14      3.471089e+02      9.056360e-03      200.36
      191.14      839.14      3.403089e+02      8.894064e-03      199.96
      191.14      839.14      3.336325e+02      8.734538e-03      199.56
      191.14      839.14      3.270871e+02      8.578143e-03      199.16
      191.14      839.14      3.206701e+02      8.424816e-03      198.76
      191.14      839.14      3.143790e+02      8.274497e-03      198.36
      191.14      839.14      3.082114e+02      8.127128e-03      197.96
      191.14      839.14      3.021647e+02      7.982649e-03      197.56
      191.14      839.14      2.962367e+02      7.841004e-03      197.16
      191.14      839.14      2.904249e+02      7.702139e-03      196.76
      191.14      839.14      2.847272e+02      7.565998e-03      196.37
      191.14      839.14      2.791412e+02      7.432528e-03      195.97
      191.14      839.14      2.736649e+02      7.301676e-03      195.57
      191.14      839.14      2.682960e+02      7.173392e-03      195.17
      191.14      839.14      2.630324e+02      7.047624e-03      194.77
      191.14      839.14      2.578720e+02      6.924323e-03      194.37
      191.14      839.14      2.528130e+02      6.803442e-03      193.97
      191.14      839.14      2.478531e+02      6.684932e-03      193.57
      191.14      839.14      2.429906e+02      6.568748e-03      193.17
      191.14      839.14      2.382235e+02      6.454842e-03      192.77
      191.14      839.14      2.335499e+02      6.343171e-03      192.38
      191.14      839.14      2.289679e+02      6.233691e-03      191.98
      191.14      839.14      2.244592e+02      6.125586e-03      191.58
      191.14      839.14      2.198385e+02      6.010273e-03      191.15
      191.14      839.14      2.153129e+02      5.897333e-03      190.73
      191.14      839.14      2.108804e+02      5.786718e-03      190.30
      191.14      839.14      2.065393e+02      5.678381e-03      189.88
      191.14      839.14      2.022874e+02      5.572273e-03      189.46
      191.14      839.14      1.981232e+02      5.468351e-03      189.03
      191.14      839.14      1.940446e+02      5.366567e-03      188.61
      191.14      839.14      1.900500e+02      5.266879e-03      188.18
      191.14      839.14      1.861376e+02      5.169243e-03      187.76
      191.14      839.14      1.823058e+02      5.073617e-03      187.34
      191.14      839.14      1.785528e+02      4.979959e-03      186.91
      191.14      839.14      1.748771e+02      4.888229e-03      186.49
      191.14      839.14      1.712771e+02      4.798388e-03      186.06
      191.14      839.14      1.677512e+02      4.710397e-03      185.64
      191.14      839.14      1.642979e+02      4.624216e-03      185.22
      191.14      839.14      1.609156e+02      4.539810e-03      184.79
      191.14      839.14      1.576030e+02      4.457141e-03      184.37
      191.14      839.14      1.543586e+02      4.376174e-03      183.95
      191.14      839.14      1.511810e+02      4.296874e-03      183.52
      191.14      839.14      1.480688e+02      4.219207e-03      183.10
      191.14      839.14      1.450206e+02      4.143138e-03      182.67
      191.14      839.14      1.420352e+02      4.068635e-03      182.25
      191.14      839.14      1.391113e+02      3.995666e-03      181.83
      191.14      839.14      1.362475e+02      3.924199e-03      181.40
      191.14      839.14      1.334427e+02      3.854204e-03      180.98
      191.14      839.14      1.306008e+02      3.780109e-03      180.58
      191.14      839.14      1.277586e+02      3.704027e-03      180.19
      191.14      839.14      1.249783e+02      3.629601e-03      179.81
      191.14      839.14      1.222585e+02      3.556795e-03      179.43
      191.14      839.14      1.195979e+02      3.485573e-03      179.04
