      1.00000
     0.999500
     0.998000
     0.995000
     0.985000
     0.970000
     0.928546
     0.862104
     0.800322
     0.742874
     0.689456
     0.639785
     0.593598
     0.550651
     0.510717
     0.473583
     0.439055
     0.406948
     0.377094
     0.349334
     0.323521
     0.299519
     0.277200
     0.256447
     0.237149
     0.219206
     0.202521
     0.187006
     0.172580
     0.159165
     0.146692
     0.135093
     0.124308
     0.114280
     0.104955
    0.0962840
    0.0882214
    0.0807244
    0.0737531
    0.0672710
    0.0612435
    0.0556388
    0.0504272
    0.0455812
    0.0410752
    0.0368852
    0.0329891
    0.0293664
    0.0259977
    0.0228654
    0.0199527
    0.0172444
    0.0147260
    0.0123843
    0.0102069
   0.00818220
   0.00629953
   0.00454891
   0.00292109
   0.00140746
      0.00000
