 0.399900E-05 0.416100E-05 0.432300E-05 0.448400E-05 0.464600E-05
 0.480800E-05 0.496900E-05 0.513100E-05 0.529200E-05 0.545400E-05
 0.561600E-05 0.577700E-05 0.593900E-05 0.610100E-05 0.626200E-05
 0.642400E-05 0.658500E-05 0.674700E-05 0.690900E-05 0.707000E-05
 0.723200E-05 0.739400E-05 0.755500E-05 0.771700E-05 0.787800E-05
 0.804000E-05 0.820200E-05 0.836300E-05 0.852500E-05 0.868600E-05
 0.884800E-05 0.901000E-05 0.917100E-05 0.933300E-05 0.949500E-05
 0.965600E-05 0.981800E-05 0.997900E-05 0.101400E-04 0.103000E-04
 0.104600E-04 0.106300E-04 0.107900E-04 0.109500E-04 0.111100E-04
 0.112700E-04 0.114300E-04 0.116000E-04 0.117600E-04 0.119200E-04
 0.120800E-04 0.122400E-04 0.124000E-04 0.125700E-04 0.127300E-04
 0.128900E-04 0.130500E-04 0.132100E-04 0.133700E-04 0.135400E-04
 0.137000E-04 0.138600E-04 0.140200E-04 0.141800E-04 0.143400E-04
 0.145000E-04 0.146700E-04 0.148300E-04 0.149900E-04 0.151500E-04
 0.153100E-04 0.154700E-04 0.156400E-04 0.158000E-04 0.159600E-04
 0.161200E-04 0.162800E-04 0.164400E-04 0.166100E-04 0.167700E-04
 0.169300E-04 0.170900E-04 0.172500E-04 0.174100E-04 0.175800E-04
 0.177400E-04 0.179000E-04 0.180600E-04 0.182200E-04 0.183800E-04
 0.185500E-04 0.187100E-04 0.188700E-04 0.190300E-04 0.191900E-04
 0.193500E-04 0.195200E-04 0.196800E-04 0.198400E-04 0.200000E-04
 0.246200E-04 0.292300E-04 0.338500E-04 0.384600E-04 0.430800E-04
 0.476900E-04 0.523100E-04 0.569200E-04 0.615400E-04 0.661500E-04
 0.707700E-04 0.753800E-04 0.800000E-04 0.846200E-04 0.892300E-04
 0.938500E-04 0.984600E-04 0.103100E-03 0.107700E-03 0.112300E-03
 0.116900E-03 0.121500E-03 0.126200E-03 0.130800E-03 0.135400E-03
 0.140000E-03 0.144600E-03 0.149200E-03 0.153800E-03 0.158500E-03
 0.163100E-03 0.167700E-03 0.172300E-03 0.176900E-03 0.181500E-03
 0.186200E-03 0.190800E-03 0.195400E-03 0.200000E-03 0.246900E-03
 0.293900E-03 0.340800E-03 0.387700E-03 0.434700E-03 0.481600E-03
 0.528500E-03 0.575500E-03 0.622400E-03 0.669300E-03 0.716200E-03
 0.763200E-03 0.810100E-03 0.857000E-03 0.904000E-03 0.950900E-03
 0.997800E-03 0.104500E-02 0.109200E-02
